        465.5898
        455.4700
        445.3434
        435.2096
        425.0873
        414.9596
        404.9572
        395.9724
        386.9816
        377.9837
        370.3091
        362.7060
        355.0990
        347.4840
        340.1323
        332.8793
        325.6198
        318.3542
        311.0830
        308.9323
        306.7792
        304.6236
        302.4671
        300.3103
        298.1845
        296.3219
        294.4587
        292.5943
        295.9018
        299.2182
        302.5328
        305.8470
        309.1602
        312.4727
        315.7839
        319.0953
        323.1663
        328.5461
        333.9231
        339.2958
        344.6665
        350.0320
        355.3956
        360.7542
        366.1101
        371.4618
        378.0133
        385.3529
        392.6886
        400.0174
        407.3374
        414.6541
        421.9649
        429.2673
        436.5652
        438.5829
        440.5977
        442.6114
        444.6188
        446.6228
        448.6239
        450.6243
        452.6195
        454.6111
        445.6458
        436.6781
        427.7094
        418.7388
        409.7704
        400.7979
        391.8253
        382.8517
        373.8790
        365.3397
        356.7982
        348.2543
        340.6285
        333.4026
        326.1721
        318.9404
        311.7058
        304.4697
        307.5074
        310.5438
        313.5815
        316.6165
        319.6507
        322.6842
        325.7196
        328.7523
        331.7849
        338.9524
        346.1197
        353.2833
        360.4475
        367.6098
        374.9195
        382.9043
        390.8904
        398.8736
        403.7192
        408.5606
        413.4003
        418.2328
        423.0662
        428.1469
        433.3411
        438.5314
        443.7196
        443.2255
        442.7277
        442.2354
        441.7483
        441.2582
        440.7653
        440.2691
        439.7702
        439.2688
        441.3962
        443.5214
        445.6450
        447.7648
        449.8853
        452.0003
        454.1143
        456.2256
        458.3342
        464.2004
        470.0611
        475.9140
        481.7639
        487.6146
        493.4606
        499.2992
        505.1341
        510.9639
        503.9215
        497.3034
        491.5332
        485.7653
        479.9944
        474.2252
        468.4526
        462.9843
        458.4277
        443.8291
        429.2164
        414.5909
        399.9527
        385.3005
        370.6362
        356.0489
        342.0721
        328.7213
        317.9443
        307.1513
        296.3431
        285.5213
        274.6832
        263.9908
        254.2117
        244.4193
        234.6118
        231.1973
        228.0361
        225.0537
        222.0653
        219.0706
        216.0697
        213.0626
        210.0490
        235.1741
        235.0843
        234.9908
        234.8948
        234.7943
        234.6906
        234.8072
        235.2410
        235.6701
        235.8644
        237.4424
        239.9244
        242.6721
        245.4150
        248.1537
        250.8882
        253.6271
        256.5297
        259.4322
        271.3366
        283.7412
        297.1045
        310.2406
        323.3682
        336.4875
        300.7226
        313.7601
        326.7897
        345.3263
        363.8393
        382.3429
        400.8200
        419.2730
        437.6996
        456.1022
        474.4770
        492.8291
        499.2920
        505.7461
        512.1920
        518.6294
        525.0581
        531.4784
        537.8904
        544.2937
        550.6884
        543.1010
        535.5090
        527.9136
        520.3133
        512.7092
        505.1005
        497.4889
        489.8722
        482.2520
        478.5564
        474.8589
        471.1558
        467.4492
        463.7390
        460.0240
        456.3038
        452.5813
        448.8522
        454.6709
        460.4893
        466.3059
        472.1223
        477.9384
        483.7537
        489.5680
        495.3831
        501.1973
        500.6363
        500.0728
        499.5046
        498.9313
        498.3573
        497.7762
        497.1925
        496.6056
        496.0134
        492.6513
        489.2791
        485.9041
        482.5218
        479.1301
        475.7345
        472.3328
        468.9206
        465.5051
        466.4423
        467.3791
        468.3117
        469.2571
        470.2096
        471.1622
        472.1102
        473.0587
        474.0033
        474.4151
        474.8261
        475.2811
        475.8677
        476.4552
        477.0419
        477.6247
        478.2074
        478.7884
        477.5676
        476.3465
        475.1203
        473.8917
        472.6614
        471.4272
        470.1901
        468.9526
        467.7101
        458.5418
        449.3687
        440.1944
        431.0142
        421.8310
        412.6433
        403.4543
        394.2655
        385.0739
        371.1588
        357.2383
        343.3059
        329.3678
        363.3574
        349.3185
        335.2696
        321.2142
        306.9323
        304.3440
        301.7533
        299.1625
        296.5704
        293.9634
        291.3701
        288.7740
        286.1792
        283.5854
        295.6115
        307.7200
        320.0185
        332.3267
        344.6144
        356.8984
        369.8594
        383.0630
        396.2608
        407.1626
        418.0603
        428.9544
        439.8449
        396.3735
        406.3875
        417.1912
        428.0331
        438.8712
        438.2853
        437.7031
        437.1187
        436.5300
        435.9407
        435.3466
        434.7516
        434.1533
        433.5518
        432.0135
        430.4714
        428.9348
        427.3927
        425.8433
        424.2883
        422.7263
        421.1585
        419.5835
        424.1494
        428.7557
        433.5089
        438.2515
        442.9901
        447.7148
        452.4270
        457.1247
        461.9167
        464.4836
        467.0453
        469.6004
        472.1494
        474.6881
        477.2238
        479.7521
        482.2742
        484.7878
        480.2822
        475.7737
        471.2673
        466.7600
        462.2499
        457.7411
        453.2319
        448.7195
        444.2086
        436.8572
        429.5069
        422.1532
        414.9398
        407.7738
        400.6036
        393.4303
        386.2535
        379.0722
        375.9519
        373.0378
        370.9459
        368.8469
        366.7431
        364.6311
        362.5258
        360.4139
        358.2966
        359.2755
        360.2491
        361.2167
        362.1786
        363.1352
        364.0861
        365.0315
        365.9718
        366.9064
        362.0310
        357.1491
        352.2597
        347.3654
        342.4651
        337.5581
        332.6434
        328.2125
        324.8137
        325.7129
        326.6077
        327.4976
        328.3824
        329.2621
        330.1371
        331.0070
        332.0168
        333.8239
        347.7548
        362.3436
        377.0999
        391.8307
        406.8847
        421.9989
        437.0860
        452.1485
        467.1872
        482.4753
        497.7362
        512.9757
        528.1892
        543.3780
        558.5426
        573.9141
        590.4356
        606.9350
        615.8272
        624.7102
        633.5863
        642.4567
        651.3186
        660.1746
        669.0226
        677.8634
        686.6990
        689.8052
        692.9092
        696.0088
        700.5563
        705.5897
        710.6158
        715.6407
        720.6638
        726.0571
        721.5961
        717.1336
        712.6666
        708.1966
        703.7314
        699.2742
        694.8140
        690.3522
        685.8857
        675.5906
        665.2896
        654.9878
        644.6817
        634.3702
        624.0578
        613.7430
        603.4225
        593.6963
        587.8133
        581.9272
        576.0407
        570.1496
        564.2554
        558.3590
        552.4622
        546.5599
        540.6557
        540.6725
        540.6904
        540.7054
        540.7188
        540.7348
        540.7464
        540.7570
        540.7687
        540.7774
        549.9786
        559.1695
        568.3460
        577.5135
        586.6690
        595.8134
        604.9441
        614.0664
        623.1760
        629.4487
        636.2308
        643.0070
        649.7754
        656.5400
        663.2951
        670.0440
        676.7858
        683.5204
        676.4392
        669.3560
        662.2705
        655.1846
        648.0943
        641.0050
        633.9124
        626.8186
        619.7232
        615.3307
        610.9362
        606.5354
        602.1308
        597.7233
        593.3106
        588.8933
        584.4744
        580.0487
        590.2307
        600.4110
        610.5920
        620.7706
        630.9510
        641.1288
        651.3069
        661.4828
        671.6595
        680.9407
        690.2206
        699.4996
        708.7768
        718.0511
        727.3256
        736.5990
        745.8705
        755.1409
        745.9136
        736.6721
        727.4156
        718.1455
        708.8595
        699.5601
        690.2458
        680.9172
        671.5741
        648.9531
        626.3111
        603.6396
        580.9442
        558.2273
        535.4815
        512.7169
        492.1070
        472.6329
        450.3515
        428.0543
        405.7425
        383.7933
        361.8557
        342.6738
        323.9060
        305.1223
        286.3231
        269.2985
        252.7907
        237.6562
        223.7472
        209.8298
        197.6097
        185.6974
        173.7777
        161.8475
        151.5522
        141.2491
        130.9371
        120.6172
        110.2882
         99.9513
         89.6051
         80.6450
         77.9238
         74.1270
         70.5827
         67.1939
         64.8130
         62.5377
         60.4155
         58.5617
         56.8380
         55.4135
         54.6088
         53.8033
         52.9959
         52.1874
         51.3768
         50.5658
         49.7532
         48.9398
         48.1246
         48.5128
         48.9007
         49.2870
         49.6741
         50.0593
         50.4452
         50.8292
         51.2138
         51.5975
         52.6000
         53.6022
         54.6042
         55.6063
         56.6082
         57.6101
         58.6117
         59.7219
         60.9314
         62.5806
         64.2297
         65.8777
         67.5258
         69.1736
         70.9514
         72.8758
         74.8006
         76.7245
         78.3136
         79.9011
         81.5475
         83.4612
         85.3708
         87.3135
         89.5823
         92.1648
         95.7094
         95.5312
         95.3535
         95.1739
         94.9937
         94.8125
         94.6305
         94.4534
         94.2783
         94.1008
         93.8261
         93.5554
         93.2924
         93.0278
         92.7641
         92.4975
         94.5192
         96.6898
         98.8588
         97.0871
        102.7759
        108.4618
        114.1440
        119.8231
        125.4985
        131.6351
        138.3227
        145.0081
        144.9570
        144.9063
        144.8535
        144.7998
        144.7449
        144.6896
        144.9583
        145.2854
        145.6099
        140.9800
        136.3470
        131.7101
        127.0689
        122.4229
        134.1600
        129.4997
        124.8346
        120.1650
        118.5251
        117.1338
        115.7380
        114.3372
        112.9291
        111.5198
        110.1068
        108.6899
        107.2676
        107.5646
        108.6694
        109.7688
        110.8671
        111.9615
        113.0546
        114.1437
        115.2328
        116.3169
        114.6940
        113.0658
        111.4363
        109.8033
        108.1690
        106.5302
        104.8895
        103.2444
        101.5990
         99.2393
         96.8779
         94.5191
         92.1820
         89.8455
         87.5072
         85.1689
         82.8296
         80.6024
         81.0111
         81.4210
         81.8280
         82.2357
         82.6450
         83.0516
         83.4569
         83.8641
         84.2693
         87.2531
         90.2974
         93.3418
         96.3845
         99.9620
        104.0953
        108.2288
        112.6079
        117.1717
        120.8543
        124.5312
        128.3146
        132.1138
        135.9124
        139.7064
        143.5010
        147.2896
        151.0787
        148.6413
        146.1963
        143.7460
        141.2886
        138.8240
        136.3665
        134.2660
        132.1605
        130.0526
        122.6012
        117.3231
        112.0384
        106.7479
        102.1416
         97.6400
         93.1306
         88.6161
         84.0932
         79.7281
         79.4590
         79.6889
         79.9175
         80.1430
         80.3682
         80.5916
         80.8132
         81.0336
         79.4869
         78.3339
         77.1804
         76.0247
         74.8691
         73.7152
         72.6636
         71.6142
         70.9202
         69.0708
         67.8879
         66.9830
         66.6883
         66.3949
         66.1006
         65.8057
         65.5108
         65.2156
         65.3890
         65.5627
         65.7350
         65.9087
         66.0820
         66.2556
         66.4278
         66.6013
         66.7745
         67.4777
         68.1801
         68.8826
         69.5840
         70.2858
         70.9862
         71.6870
         72.3912
         73.3332
         73.7700
         74.2053
         74.7520
         75.5155
         76.2773
         77.0707
         77.8657
         78.6593
         79.4527
         80.0984
         80.9776
         82.0931
         83.2072
         84.3197
         85.4312
         86.5415
         87.6502
         89.1452
         91.2704
         93.3936
         95.5162
         97.6367
        100.0364
        102.5911
        105.1445
        107.6943
        110.7028
        112.9153
        115.1277
        117.3384
        119.5483
        121.7574
        123.9651
        126.2935
        128.6232
        130.9513
        130.1644
        129.7466
        129.3285
        128.9085
        128.4895
        128.0679
        127.6465
        127.2236
        126.8007
        124.1988
        121.9309
        119.6647
        117.3968
        115.1290
        112.8669
        110.6155
        108.3624
        106.1497
        103.7272
        101.3042
         98.8807
         96.4567
         94.0339
         91.6094
         89.1943
         86.7803
         84.3662
         82.5957
         80.8252
         79.0539
         77.2815
         75.5087
         73.7347
         71.9603
         70.1850
         68.4083
         68.2233
         68.0374
         67.8496
         68.0686
         68.6078
         69.1456
         69.6809
         70.2152
         71.2757
         73.6480
         76.0194
         78.3883
         80.7563
         83.1223
         85.4873
         87.8504
         90.2129
         92.5737
         94.3054
         96.0372
         97.7666
         99.4942
        101.2229
        102.9479
        104.6723
        106.3967
        108.1277
        107.3286
        106.5381
        105.7484
        104.9572
        104.1631
        103.3706
        102.5982
        101.8819
        101.7470
        100.6210
         99.6044
         98.5876
         98.0168
         98.0075
         97.9993
         97.9913
         97.9814
         97.9707
         98.4924
         99.0254
         99.5579
        100.0897
        100.6210
        101.1518
        101.6823
        102.2122
        102.7412
        104.0598
        105.3753
        106.6897
        108.0003
        109.3099
        110.6158
        111.9210
        113.2227
        114.6329
        115.9432
        117.5751
        119.2065
        120.8345
        122.4611
        124.0846
        125.7306
        127.3805
        129.0300
        129.1227
        129.2159
        129.3090
        129.4021
        129.6496
        130.0172
        130.3847
        130.7520
        131.1183
        131.2071
        131.2934
        131.3793
        131.4632
        131.5457
        131.6268
        131.7070
        131.7849
        131.8622
        133.6934
        135.5240
        137.3511
        139.1763
        140.9996
        142.8207
        144.6391
        146.4567
        148.2706
        151.1705
        154.0680
        156.9820
        159.9072
        162.8299
        165.7526
        168.6743
        171.5936
        174.5129
        176.0404
        177.8292
        179.6580
        181.4850
        183.3110
        185.1353
        186.9588
        188.7798
        190.6009
        189.9304
        189.2606
        188.5910
        187.9206
        187.2498
        186.5791
        185.9075
        185.2365
        184.5638
        182.6870
        180.8072
        178.9281
        177.0488
        175.1678
        173.2872
        171.4058
        169.5232
        167.6406
        166.0600
        164.4753
        163.2507
        162.0491
        160.8471
        159.6430
        158.4382
        157.2613
        156.0990
        155.7976
        155.4942
        155.1912
        154.8857
        154.5794
        154.2717
        153.9834
        154.1206
        154.2566
        154.8137
        155.3693
        155.9247
        156.4790
        157.0323
        157.5845
        158.1357
        158.6850
        159.2339
        160.0600
        160.8856
        161.7099
        162.5348
        163.3597
        164.1839
        165.0067
        165.8301
        166.6534
        166.6686
        166.6848
        166.6991
        166.7135
        166.7282
        166.7415
        166.7537
        166.7663
        166.7769
        164.3434
        161.9088
        159.4731
        157.0358
        154.5977
        152.1578
        149.7175
        147.2767
        144.8649
        140.4206
        135.9728
        131.5245
        127.3754
        123.5828
        119.7881
        115.9924
        112.1929
        108.3998
        105.6447
        103.0653
        100.4810
         97.8928
         95.3533
         93.5178
         91.6797
         89.8396
         87.9957
         86.8046
         85.6104
         84.4136
         83.2127
         82.0085
         81.1723
         80.4172
         79.6597
         78.8997
         78.1185
         77.3341
         76.5476
         75.7582
         74.9663
         74.1716
         73.3745
         72.5742
         71.7716
         71.0277
         70.5476
         70.0663
         69.5834
         69.0990
         68.6126
         68.1245
         67.6343
         67.1427
         66.8674
         66.5914
         66.3126
         66.0337
         65.7533
         65.4718
         65.1877
         65.2349
         65.3418
         65.1752
         65.5131
         65.8548
         66.1943
         66.5339
         66.8702
         67.2056
         67.5386
         67.8697
         66.6531
         65.4460
         64.2388
         63.0290
         62.1573
         61.5701
         60.9844
         60.3937
         59.8026
         56.8372
         53.8717
         51.4867
         49.1206
         46.7529
         44.4124
         42.0996
         39.7873
         37.4732
         34.8467
         32.3220
         29.7966
         27.2708
         24.7428
         22.2157
         19.6876
         17.6152
         15.9982
         14.5961
         13.1926
         12.1114
         11.2888
         10.4659
          9.6400
          8.8157
          7.9903
          7.1652
          7.1737
          7.4251
          7.8303
          8.2349
          8.6395
          9.0434
          9.4473
          9.8501
         10.2524
         11.1568
         12.0607
         12.9646
         13.8683
         14.7713
         15.6745
         16.5775
         17.4931
         18.6563
         19.5218
         20.3860
         21.2511
         22.1156
         22.9804
         23.8446
         24.7092
         25.5726
         26.4369
         26.9154
         27.4158
         27.9229
         28.4301
         28.9366
         29.4432
         29.9489
         30.4543
         30.9591
         31.3621
         31.7628
         32.1600
         32.6336
         33.6794
         34.7206
         36.0525
         37.4949
         38.9336
         38.3227
         37.7068
         37.0888
         36.4687
         35.8456
         35.5901
         35.3984
         35.2028
         35.0212
         29.2221
         23.6868
         18.8513
         14.0188
         11.0718
          0.0000
          0.0000
          0.0000
          0.0000
          0.0000
          0.0000
          0.0000
          0.0000
          0.0000
          0.0000
          0.0000
          0.0000
          0.0000
          0.0000
          0.0000
          0.0000
          0.0000
          0.0000
          0.0000
          0.0000
          0.0000
          0.0000
          0.0000
          0.0000
          0.0000
          0.0000
          0.0000
          5.0030
          5.9310
          6.8594
          7.7873
          8.1859
          8.5844
          8.9821
          9.3802
          9.7779
         10.1755
         10.5724
         11.0160
         11.7487
         11.7560
         12.0079
         12.4926
         12.9775
         13.4629
         13.9474
         14.4312
         14.9154
         15.3990
         15.4818
         15.5632
         15.6435
         15.7229
         15.8018
         15.8912
         16.8876
         17.8885
         18.8879
         18.7215
         18.5516
         18.3820
         18.2106
         18.0396
         17.8667
         17.6937
         17.6517
         17.6464
         15.6433
         13.9414
         12.6986
          0.0000
          0.0000
          0.0000
          0.0000
          0.0000
          0.0000
          0.0000
          0.0000
          0.0000
          0.0000
          0.0000
          0.0000
          0.0000
          0.0000
          0.0000
          0.0000
          0.0000
          0.0000
          0.0000
          0.0000
          0.0000
          0.0000
          0.0000
          0.0000
          0.0000
          0.0000
          0.0000
          0.0000
          0.0000
          0.0000
          0.0000
          0.0000
          5.3541
          6.3305
          7.3069
          8.2832
          9.2595
         10.2356
         11.2117
         12.1876
         13.7760
         15.5479
         16.8671
         18.1866
         19.5043
         20.8218
         22.1396
         23.4560
         25.8411
         28.3302
         30.8173
         31.2583
         31.6969
         32.3205
         33.5102
         35.1969
         36.8799
         38.5603
         40.2390
         42.7650
         42.8561
         42.9437
         43.0272
         43.1075
         43.1835
         43.2562
         43.3248
         43.3899
         43.4512
         41.5780
         39.7023
         37.8281
         35.9529
         34.0777
         32.2016
         30.3254
         28.4483
         26.8071
         25.2662
         23.7248
         22.1825
         20.6394
         19.0966
         17.5520
         16.0066
         14.4605
         12.9132
         13.2548
         13.6325
         14.0120
         14.3917
         14.7695
         18.9214
         24.4228
         30.1463
         36.1381
         38.0338
         39.9277
         41.8188
         43.7069
         45.5914
         47.4743
         49.3549
         51.2330
         53.1075
         49.5176
         46.3710
         43.2222
         40.0680
         41.6046
         43.3092
         45.0140
         46.7187
         48.4233
         49.6908
         50.9581
         52.2238
         53.4888
         54.7525
         56.0154
         57.2771
         58.7698
         60.3163
         61.0933
         62.1458
         63.7303
         65.3115
         66.8867
         68.4590
         70.0255
         72.7943
         78.6129
         83.5642
         88.5249
         93.4743
         98.4075
        103.4868
        109.1135
        115.1841
        121.2460
        127.6719
        130.4517
        133.2291
        136.0002
        138.7699
        141.5339
        144.2961
        147.0518
        149.8238
        152.5990
        151.7182
        150.8334
        149.9456
        149.0550
        148.1618
        147.2654
        146.3638
        145.6376
        145.4932
        145.4411
        145.3871
        145.3274
        145.2656
        145.1990
        145.1294
        145.0543
        145.0057
        144.9592
        146.8747
        148.7871
        150.6958
        152.6012
        154.5038
        156.4027
        158.2982
        160.1910
        162.0800
        163.6314
        165.1794
        166.7249
        168.2684
        169.8078
        171.3459
        172.8806
        174.4123
        175.9420
        176.6638
        177.3822
        178.0971
        178.8083
        179.5165
        180.2206
        180.9212
        181.6180
        182.3110
        181.6049
        180.8851
        180.1521
        179.4080
        178.6864
        177.9510
        177.2028
        176.4408
        175.7093
        168.6338
        161.5500
        154.4633
        147.3692
        140.6638
        134.0420
        127.4175
        120.7869
        114.1522
        100.6497
         87.1416
         81.1922
         75.4466
         69.6966
         63.9844
         58.6921
         53.3975
         48.0977
         43.7985
         39.4964
         35.1892
         30.8796
         26.7420
         22.8723
         19.0015
         15.4190
         11.8382
         13.0922
         14.3458
         15.5984
         16.8502
         18.1009
         19.3507
         20.5996
         21.8480
         23.0954
         25.8620
         28.6282
         31.5068
         34.6421
         37.7773
         40.9705
         45.1054
         50.1849
         57.9758
         59.7048
         61.4279
         63.1415
         64.8463
         66.5435
         68.2317
         69.9117
         71.5845
         82.3477
         79.8784
         77.4910
         74.8484
         72.4810
         70.1125
         68.0971
         66.4767
         64.8507
         63.2333
         58.2344
         53.2332
         48.2293
         43.6738
         40.0868
         37.7476
         35.4073
         33.1072
         31.0266
         27.9523
         24.8767
         21.8946
         19.2174
         16.6482
         14.2943
         12.0300
         10.0855
          8.1399
          8.2718
          8.4033
          8.5338
          8.6642
          8.7954
          8.9250
          9.0539
          9.1830
          9.3117
         11.5946
         13.9165
         16.4752
         19.1709
         21.8638
         24.6299
         27.7215
         30.8101
         33.8959
         35.6876
         37.4772
         39.6085
         41.8439
         44.0735
         46.4367
         49.3170
         52.5657
         55.8127
         59.7629
         66.0291
         72.2910
         79.1612
         86.3228
         93.4989
        100.7003
        107.9015
        115.0991
        119.4244
        123.7459
        128.0650
        132.3828
        136.6976
        141.0107
        145.3204
        149.6280
        153.9344
        157.1922
        160.4628
        163.7603
        167.0512
        170.3384
        173.6205
        176.9005
        180.1752
        183.4453
        183.3148
        183.4199
        183.7069
        183.9843
        184.2523
        184.5127
        184.7630
        185.0070
        185.2471
        181.7298
        178.2079
        174.6815
        171.1500
        167.6152
        164.0744
        160.5290
        157.0861
        153.7897
        151.2616
        148.7333
        146.2233
        143.7138
        141.2908
        138.8686
        136.4450
        134.0207
        131.5940
        129.8115
        128.0226
        126.2263
        124.4204
        122.6076
        120.7897
        119.0066
        117.4635
        115.9120
        113.3759
        110.8290
        108.2685
        105.6968
        103.1139
        100.5174
         97.9074
         95.2864
         92.7043
         88.8940
         85.0714
         81.2386
         77.3941
         73.5357
         69.6683
         65.7898
         61.8986
         57.9969
         49.8517
         41.6910
         33.5182
         25.3297
         25.7514
         17.5293
          9.0483
          0.7978
          0.0000
          0.0000
          0.0000
          0.0000
          0.0000
          0.0000
          0.0000
          0.0000
          0.0000
          0.0000
          0.0000
          0.0000
          0.0000
          0.0000
          0.0000
          6.1529
         14.1406
         17.5995
         25.6290
         34.9219
         44.1922
         53.4405
         62.6665
         71.8710
         81.0552
         90.3845
         99.6992
        108.9938
        113.2822
        117.9781
        123.1478
        128.3990
        133.6433
        138.8795
        144.1088
        149.3310
        154.5451
        157.4779
        160.4035
        163.3218
        166.2921
        169.2679
        172.2902
        175.7920
        179.2856
        182.7723
        180.4985
        178.2137
        175.9204
        173.6171
        171.3046
        168.9822
        166.6505
        164.3334
        162.0280
        153.6500
        145.2560
        136.8474
        128.4206
        119.9818
        111.8550
        104.0216
         96.1740
         88.3127
         80.8036
         73.2756
         65.7311
         58.1664
         55.9031
         48.2976
         40.6730
         32.7769
         25.1151
         24.1662
         23.4651
         22.5073
         16.2868
         15.3271
         14.3732
         13.4428
         12.5087
         11.5690
         19.0764
         26.9130
         34.9684
         42.9930
         50.9853
         58.9447
         66.8739
         74.7709
         82.6369
         89.3191
         95.9719
        102.7654
        109.7759
        116.7601
        123.7155
        130.8249
        137.9054
        144.9573
        148.1691
        151.3734
        154.9999
        158.9188
        162.8562
        166.9389
        171.0131
        175.1454
        179.4981
        185.8604
        192.5850
        199.2967
        205.9971
        212.6866
        219.3861
        226.1001
        232.8017
        239.4937
        249.2013
        259.2421
        269.4099
        279.5690
        289.7724
        300.1111
        310.4438
        320.7699
        331.0883
        335.6088
        340.1233
        344.6459
        349.1859
        353.7218
        358.2544
        362.9515
        367.7329
        372.5099
        366.1912
        360.0003
        354.7649
        349.5106
        344.2398
        338.9505
        333.6450
        328.3193
        323.1970
        313.9236
        304.8076
        295.8594
        287.0811
        278.5387
        269.9790
        261.4069
        252.8217
        244.2233
        238.1510
        232.1232
        226.0870
        220.0417
        213.9883
        208.3869
        203.0011
        197.6032
        192.1996
        191.6344
        191.4739
        191.7082
        191.9431
        192.1619
        192.3638
        192.5486
        193.0299
        193.7299
        201.7468
        209.7466
        217.7333
        225.8337
        234.0353
        242.2253
        250.3983
        258.5576
        266.7014
        276.1400
        285.5689
        294.9855
        304.4338
        313.8880
        323.3339
        332.8053
        342.9155
        353.0146
        355.6149
        358.2078
        360.7915
        363.3652
        365.9937
        369.2709
        372.5758
        375.8696
        379.1562
        371.4629
        363.7445
        356.1281
        348.5354
        340.9150
        333.2685
        326.1617
        319.5535
        312.9192
        295.8183
        278.9982
        262.1365
        245.2348
        228.2922
        211.3080
        194.2813
        177.4600
        161.9419
