          0.0000
          0.0000
          0.0000
          0.0000
          0.0000
          0.0000
          0.0000
          0.0000
          0.0000
          0.0000
          0.0000
          0.0000
          0.0000
          0.0000
          0.0000
          0.0000
          0.0000
          0.0000
          0.0000
          0.0000
          0.0000
          0.0000
          0.0000
          0.0000
          0.0000
          0.0000
          0.0000
          0.0000
          0.0000
          0.0000
          0.0000
          0.0000
          0.0000
          0.0000
          0.0000
          0.0000
         36.2442
         10.8415
          0.0000
          0.0000
          0.0000
          0.0000
          0.0000
          3.3772
         49.9989
          0.0000
          0.0000
          0.0000
          0.0000
          0.0000
          0.0000
         18.6816
         48.0925
         71.2263
         68.1128
         35.1877
          0.0000
          0.0000
          0.0000
          0.0000
          0.0000
          0.0000
          0.0000
          0.0000
          0.0000
          0.0000
          0.0000
          0.0000
          0.0000
          0.0000
          0.0000
          0.0000
         47.2979
         35.0041
         25.9857
         35.3095
         49.6503
         33.7974
         25.2312
         25.6231
         43.5471
          0.0000
          0.0000
          0.0000
          0.0000
          0.0000
          0.0000
          0.0000
          0.0000
          0.0000
          0.0000
          0.0000
          0.0000
          0.0000
          0.0000
          0.0000
         57.4307
          0.0000
          0.0000
          0.0000
          0.0000
          0.0000
          0.0000
          0.0000
          0.0000
          0.0000
          0.0000
          0.0000
          0.0000
          0.0000
          0.0000
          0.0000
         13.0834
         22.6509
         46.8496
          8.8669
          3.6201
         14.8913
          5.2056
          0.0000
          0.0000
          0.0000
          0.0000
          0.0000
          0.0000
          0.0000
          0.0000
          0.0000
          0.0000
          0.0000
          0.0000
          0.0000
          0.0000
          0.0000
          0.0000
          0.0000
          7.4191
          7.6912
         19.5009
         41.5609
         58.1754
          0.0000
          0.0000
          0.0000
          0.0000
          0.0000
          0.0000
          0.0000
          8.8286
          0.0000
          0.0000
          0.0000
          0.0000
          0.0000
          0.0000
          0.0000
          0.0000
          0.0000
          0.0000
          0.0000
          0.0000
          0.0000
          0.0000
          0.0000
          0.0000
          0.0000
          0.0000
          0.0000
          0.0000
          0.0000
          0.0000
          0.0000
          0.0000
          0.0000
          0.0000
          0.0000
          0.0000
          0.0000
          0.0000
          0.0000
          0.0000
          0.0000
          0.0000
          0.0000
          0.0000
          0.0000
          0.0000
          0.0000
         36.2213
          0.0000
          0.0000
          0.0000
          1.6521
          9.1918
          0.0000
          0.0000
          0.0000
         24.8213
        107.2196
        108.2805
        103.2462
        183.3162
        254.9758
        160.4352
         92.9033
          0.0000
          0.0000
          0.0000
          0.0000
          0.0000
          0.0000
          0.0000
          0.0000
          0.0000
          0.0000
          0.0000
         18.9953
          5.3940
          0.0000
          0.0000
          0.0000
          0.0000
          0.0000
          0.0000
          0.0000
          0.0000
          0.0000
          0.0000
          0.0000
          0.0000
          0.0000
          0.0000
          0.0000
          0.0000
          0.0000
          0.0000
          0.0000
          0.0000
          0.0000
          0.0000
          0.0000
          0.0000
          0.0000
          0.0000
          0.0000
          0.0000
          0.0000
          0.0000
          0.0000
          0.0000
          0.0000
          0.0000
          0.0000
          0.0000
          0.0000
          0.0000
          0.0000
          0.0000
          0.0000
          0.0000
          0.0000
          0.0000
          0.0000
          0.0000
          0.0000
          0.0000
          0.0000
          0.0000
          0.0000
          0.0000
          0.0000
         21.2292
         50.4897
          0.0000
          0.0000
          0.0000
          0.0000
          0.0000
         20.7138
         29.3078
         45.3230
         63.9183
         48.8018
         91.0677
        133.3654
          0.0000
          0.0000
          0.0000
          0.0000
          0.0000
          0.0000
          0.0000
          0.0000
          0.0000
          0.0000
         17.7624
         92.7453
         51.4797
         32.6911
         11.0606
          0.0000
          0.0000
          0.0000
          0.0000
          0.0000
          0.0000
          0.0000
          0.0000
          0.0000
          0.9414
         37.9009
          0.0000
          0.0000
          0.0000
          0.0000
          0.0000
          0.0000
          0.0000
          0.0000
          0.0000
          0.0000
          0.0000
          0.0000
          0.0000
          0.0000
          0.0000
          0.0000
          0.0000
          0.7828
          0.0000
          0.0000
         15.3172
         49.7603
          0.0000
          2.7314
          0.0000
          0.0000
          0.0000
          0.0000
          0.0000
          0.0000
          0.0000
          0.0000
          0.0000
          0.0000
          0.0000
          9.7113
         31.2055
         65.7261
         40.6706
         32.4069
         35.0715
         26.9648
          0.0000
          0.0000
          0.0000
         19.4617
          0.0000
          0.0000
          0.0000
          0.0000
          0.0000
          0.0000
          0.0000
          0.0000
          0.0000
          0.0000
          0.0000
          0.0000
          0.0000
          0.0000
          0.0000
          0.0000
          0.0000
          0.0000
          0.0000
         35.9101
          0.0000
          0.0000
          0.0000
          0.0000
          0.0000
          0.0000
          0.7081
         28.2772
          0.0000
          0.0000
          0.0000
          0.0000
          0.0000
          0.0000
          0.0000
          0.0000
          0.0000
          0.0000
          0.0000
          0.0000
          0.0000
          0.0000
          0.0000
          0.0000
          0.0000
         23.4634
          5.2338
         28.1097
          0.0000
          0.0000
          0.0000
          0.0000
          0.0000
         18.4311
          0.0000
          0.0000
          0.0000
          0.0000
          0.0000
          0.0000
          0.0000
          0.0000
          0.0000
          1.8863
          8.7573
         21.9661
          0.0000
          0.0000
          0.0000
          0.0000
          0.0000
         15.1625
          0.0000
          0.0000
          0.0000
          0.0000
          0.0000
          0.0000
          0.0000
          0.0000
          0.0000
          0.0000
          0.0000
          0.0000
         22.9693
         98.8269
         24.2494
          7.8939
          0.0000
          0.0000
          0.0000
          0.0000
          0.0000
          0.0000
          0.0000
          4.2631
          0.0000
          7.0081
          0.0000
          0.0000
          0.0000
          0.0000
          0.0000
          0.0000
          0.0000
          0.0000
          0.0000
          0.0000
          0.0000
          0.0000
          0.0000
          0.0000
          0.0000
          0.0000
          0.0000
          0.0000
          0.0000
          0.0000
          0.0000
         44.2777
         14.3395
          0.0000
         72.1875
        171.0254
         43.1625
         16.1897
          0.0000
          0.0000
          0.0000
          0.0000
          0.0000
          0.0000
          0.0000
          0.0000
          0.0000
          0.0000
          0.0000
          0.0000
          0.0000
          0.0000
          0.0000
         19.3530
         28.3957
         37.4865
          0.0000
          0.0000
          0.0000
          0.0000
          0.0000
          0.0000
          0.0000
          0.0000
          0.0000
          0.0000
          0.0000
          0.0000
          0.0000
          0.0000
          0.0000
          0.0000
          0.0000
          0.4981
          0.0000
          0.0000
          0.0000
          0.0000
          0.0000
          0.0000
          0.0000
         63.3124
        123.0192
        188.4361
         63.9676
         14.5593
          1.1894
          0.0000
          0.0000
          0.0000
          0.0000
          0.0000
          0.0000
          0.0000
          0.0000
          0.0000
          0.0000
          0.0000
          0.0000
          0.0000
          0.0000
          0.0000
          0.0000
          0.0000
          0.0000
          0.0000
          0.0000
        110.9184
        147.7108
        183.5086
        233.0427
        274.6674
        311.3316
        375.1178
        389.9032
        412.6156
        132.2557
          7.1531
          0.0000
          0.0000
          0.0000
          0.0000
          0.0000
          0.0000
          0.0000
          0.0000
          0.0000
          0.0000
          0.0000
         52.9762
         94.2246
        120.4373
          7.3956
          0.0000
          0.0000
          7.5692
         18.1705
         30.2104
         25.9971
         46.8780
          0.0000
          0.0000
          0.0000
          0.0000
          0.0000
          0.0000
          0.0000
          0.0000
          0.0000
          0.0000
          0.0000
          0.0000
          0.0000
          0.0000
          0.0000
          0.0000
          0.0000
          0.0000
          0.0000
          0.0000
          0.0000
          0.0000
          0.0000
          0.0000
          0.0000
         18.5764
          0.0000
          0.0000
          0.0000
          0.0000
          0.0000
          0.0000
          0.0000
         34.0241
         39.3053
         40.0066
          0.0000
          0.0000
          0.0000
          0.0000
          0.0000
          0.0000
          0.0000
          0.0000
          0.0000
          0.0000
          0.0000
          0.0000
          0.0000
          0.0000
          0.0000
          0.0000
          0.0000
          0.0000
          0.0000
          0.0000
          0.0000
        117.6635
        162.7037
        209.3847
         76.6163
         10.3532
         69.8777
        160.9276
        135.1876
        130.4638
         96.0208
        103.2837
          0.0000
          0.0000
          0.0000
          0.0000
          0.0000
          0.0000
          0.0000
          8.0976
          0.0000
          0.0000
          0.0000
          0.0000
          0.0000
          0.0000
          0.0000
          0.0000
          0.0000
          0.0000
          0.0000
          0.0000
          0.0000
          0.0000
          0.0000
          0.0000
          0.0000
          0.0000
          0.0000
         25.1427
         80.5472
        140.0273
        153.9455
        192.3593
         26.9662
          0.0000
          0.0000
         52.9772
          0.0000
          0.0000
          0.0000
          0.0000
          0.0000
          0.0000
          0.0000
          0.0000
          0.0000
          0.0000
          0.0000
          0.0000
          0.0000
          0.0000
         22.8220
         74.6032
         33.2310
         18.5394
         11.5770
          4.1626
         72.8755
        170.4852
        133.7964
         94.5539
          0.0000
          0.0000
          0.0000
          0.0000
          0.0000
          0.0000
          0.0000
         16.5966
         36.5358
         43.3662
         68.3263
         88.1634
          0.0000
          0.0000
          0.0000
          0.0000
          0.0000
          0.0000
          0.0000
          0.0000
          0.0000
          0.0000
          0.0000
          0.0000
          0.0000
          0.0000
          0.0000
          0.0000
          0.0000
          0.0000
          0.0000
          0.0000
          0.0000
         55.5878
         28.9483
         35.7731
          7.1663
         39.1614
         43.0214
         54.0483
          0.0000
          0.0000
          0.0000
          0.0000
          0.0000
         33.9013
         79.7803
        136.7395
         82.6597
         66.1864
         20.9670
          0.0000
          0.0000
          0.0000
          0.0000
         25.4658
          0.0000
          0.0000
          0.0000
          0.0000
          0.0000
          0.0000
          0.0000
          0.0000
         33.8857
         96.5012
         58.8777
         34.4672
          0.0000
          0.0000
          0.0000
          0.0000
          0.0000
         16.7080
         21.8180
         68.5971
         51.2270
         57.1528
         34.1471
         14.9354
          0.0000
          0.0000
          0.0000
          0.0000
          0.0000
         19.3763
          6.0160
          0.0000
          0.0000
          0.0000
          0.0000
          0.0000
          0.0000
          0.0000
          0.0000
          0.0000
         10.4496
         35.2362
          0.0000
          0.0000
          0.0000
          0.0000
          0.0000
          0.0000
          0.0000
          4.2057
          0.0000
          0.0000
          0.0000
          0.0000
          0.0000
         42.8974
         65.8330
        105.1457
         87.9766
         95.8138
         50.6954
         31.7655
          0.0000
          0.0000
          0.0000
          0.0000
          0.0000
          0.0000
          0.0000
          4.3121
          1.6969
         11.6631
          0.0000
          0.0000
          0.0000
          0.0000
          0.0000
          0.0000
          0.0000
          0.0000
          0.0000
          0.0000
          0.0000
          0.0000
          0.0000
          0.0000
          0.0000
          0.0000
          0.0000
          0.0000
          0.0000
          0.0000
          0.0000
          0.0000
          0.0000
          0.0000
          0.0000
          0.0000
          0.0000
          0.0000
          0.0000
          0.0000
         34.9226
         95.7786
         57.4416
         37.0662
         62.7958
         87.6345
          0.0000
          0.0000
          0.0000
          0.0000
          0.0000
          0.0000
          0.0000
          0.0000
          0.0000
          0.0000
          0.0000
          0.0000
          0.0000
          0.0000
          0.0000
          0.0000
          0.0000
         20.5772
          0.0000
          0.0000
          0.0000
          0.0000
          0.0000
          0.0000
          0.0000
          0.0000
          0.0000
          0.0000
          0.0000
          0.0000
          0.0000
          0.0000
          0.0000
          0.0000
          0.0000
          0.0000
          0.0000
          0.0000
          0.0000
          0.0000
          0.0000
          0.0000
          0.0000
          0.0000
          0.0000
         10.8413
          0.0000
          0.0000
          0.0000
         16.2465
          0.0000
         54.9638
         32.8413
         46.1428
         66.4362
         85.1473
          9.5365
          0.0000
          0.0000
          0.0000
          0.0000
          0.0000
          0.0000
          0.0000
          0.0000
          0.0000
          0.0000
          0.0000
          0.0000
          0.0000
          0.0000
          0.0000
          0.0000
          0.0000
          0.0000
          0.0000
          0.0000
          0.0000
         17.8667
         86.1403
          0.0000
          0.0000
          0.0000
         52.3677
          0.0000
          0.0000
          0.0000
          0.0000
          0.0000
          7.2486
          0.0000
          0.0000
          0.0000
          0.0000
          0.0000
          0.0000
          0.0000
          0.0000
          0.0000
          0.0000
          0.0000
         14.8624
          8.6522
          2.5702
          0.0000
          0.0000
          0.0000
          0.0000
          0.0000
          0.0000
          0.0000
         10.2870
          0.0000
          0.0000
          0.0000
          0.0000
          0.0000
          0.0000
          0.0000
          0.0000
          0.0000
          8.3539
         20.1279
         72.6597
         11.4785
          0.0000
          0.0000
          0.0000
          0.0000
          0.0000
          0.0000
          0.0000
          0.0000
          0.0000
          0.0000
          0.0000
          0.0000
          0.0000
          0.0000
          0.0000
          0.0000
          0.5699
         11.2939
         21.8666
          0.0000
          0.0000
          0.0000
          0.0000
          0.0000
          0.0000
         10.2560
         32.8889
          0.0000
          0.0000
          0.0000
          0.0000
          0.0000
          0.0000
          0.0000
          0.0000
          0.0000
          0.0000
          0.0000
         62.0721
         21.3185
         21.0386
         33.4148
         48.4159
          0.0000
          0.0000
          0.0000
          0.0000
          0.0000
          0.0000
          0.0000
          0.0000
          0.0000
          0.0000
          0.0000
          0.0000
          0.0000
          0.0000
         15.6591
         69.1699
         46.3716
         71.6737
         88.3007
        144.4728
         62.5224
          0.0000
          0.0000
          0.0000
          0.0000
          0.0000
          0.0000
          0.0000
          0.0000
          0.0000
          0.0000
          0.0000
          0.0000
          0.0000
          0.0000
          0.0000
          0.0000
          0.0000
          0.5534
         61.2940
          0.0000
          2.0749
          0.0000
          0.0000
          0.0000
          0.0000
          0.0000
          0.0000
          0.0000
          0.0000
          0.0000
          0.0000
          0.0000
          0.0000
          0.0000
          0.0000
          0.0000
          0.0000
          0.0000
          0.0000
          0.0000
          0.0000
          0.0000
          0.0000
          0.2087
         26.2097
          1.4572
          0.0000
          0.0000
          0.0000
          0.0000
          0.0000
          0.0000
          0.0000
          0.0000
          0.0000
          0.0000
          0.0000
          0.0000
          5.0895
          0.0000
          0.0000
         26.6251
        107.4017
         28.8010
          0.0000
          0.0000
          0.0000
          0.0000
          0.0000
          0.0000
          0.0000
          0.0000
          1.7357
          0.0000
          0.0000
          0.0000
          0.0000
          0.0000
          0.0000
          0.0000
          0.0000
          0.0000
          0.0000
          0.0000
          0.0000
          0.0000
         21.6724
          0.0000
          0.0000
          0.0000
          0.0000
          0.0000
          0.0000
          0.0000
          0.0000
          0.0000
          0.0000
          0.0000
          0.0000
          0.0000
         25.1921
          2.3509
          0.0000
          0.0000
          1.2047
          3.8131
         21.3607
          0.0000
          0.0000
          0.0000
          0.0000
          0.0000
          0.0000
          0.0000
          0.0000
          0.0000
          0.0000
          0.0000
          0.0000
          0.0000
          0.0000
          3.9841
         32.5589
          0.0000
          0.0000
          1.2642
         73.8213
          0.0000
          0.0000
          0.0000
          0.0000
          0.0000
          0.0000
          0.0000
          0.0000
          0.0000
          0.0000
          0.0000
          0.0000
          0.0000
          0.0000
          0.0000
          0.0000
          0.0000
          0.0000
          0.0000
          0.0000
          0.0000
          0.0000
          0.0000
          0.0000
          0.0000
          0.0000
          0.0000
          0.0000
          0.0000
          0.0000
          0.0000
          0.0000
          0.0000
          0.0000
          0.0000
          0.0000
          0.0000
          0.0000
          0.0000
          0.0000
          0.0000
         10.1757
          0.0000
          7.2086
          0.0000
          0.0000
          0.0000
          0.0000
          0.0000
          0.0000
          6.0998
         43.1885
          0.0000
          0.0000
          0.0000
          0.0000
          0.0000
          0.0000
          0.0000
         37.6892
          0.2563
          0.0000
          0.0000
          0.0000
          0.0000
          0.0000
          0.0000
          1.8936
          0.0000
          0.0000
          0.0000
          0.0000
          0.0000
          0.0000
          0.0000
          0.0000
          0.0000
          0.0000
          0.0000
          0.0000
          0.0000
          0.0000
          0.0000
          0.0000
          0.0000
          0.0000
          0.0000
          0.0000
          0.0000
          0.0000
          0.0000
          0.0000
          0.0000
          0.0000
          0.0000
          0.0000
          0.0000
         84.3799
         39.5690
         19.0485
         45.1210
         70.6961
          0.0000
          0.0000
          0.0000
          0.0000
          0.0000
          0.0000
          0.0000
          0.0000
          0.0000
          0.0000
          0.0000
          0.0000
          0.0000
          0.0000
          0.0000
          0.0000
          0.0000
          0.0000
          0.0000
          0.0000
          0.0000
          0.0000
          0.0000
          0.0000
          0.0000
          0.0000
          0.0000
          0.0000
          0.0000
          0.0000
          0.0000
          4.4731
          0.0000
          0.0000
          0.0000
          0.0000
          0.0000
          0.0000
          0.0000
          0.0000
          0.0000
          0.0000
          0.0000
          0.0000
          0.0000
          1.4362
          0.0000
          0.0000
         36.0237
        103.8004
         20.6963
          0.0000
          0.0000
          0.0000
          2.8986
         51.8540
         28.4182
          8.8840
          0.0000
          0.0000
          0.0000
          0.0000
          0.0000
          0.0000
          0.0000
          0.0000
          0.0000
          0.0000
          0.0000
          0.0000
         41.5140
         90.2504
         84.3685
         94.6801
         34.4133
          0.0000
          0.0000
          0.0000
          0.0000
         13.2553
         14.9495
         17.3093
          6.6857
          0.0000
          0.0000
          0.0000
          0.0000
          0.0000
          0.0000
          0.0000
          0.0000
          0.0000
          0.0000
          0.0000
          0.0000
          0.0000
          0.0000
          0.0000
          0.0000
          0.0000
          0.0000
          0.0000
          0.0000
         13.9979
          0.0000
          0.0000
          0.0000
          0.0000
          0.0000
          0.0000
          0.0000
          0.0000
          0.0000
          0.0000
          0.0000
          0.0000
          0.0000
         10.2158
          0.0000
          0.0000
          0.0000
          0.0000
          0.0000
          0.0000
          0.0000
          0.0000
          0.0000
          0.0000
          0.0000
         10.4504
          7.3180
         37.8689
         60.6798
         93.8775
         40.6652
          0.0000
          0.0000
          0.0000
          0.0000
          0.0000
          2.1786
         49.8571
         10.2146
         19.9367
          0.0000
          0.0000
          0.0000
          0.0000
          0.0000
          0.0000
          0.0000
          0.0000
          0.0000
          0.0000
          0.0000
          0.0000
          0.0000
          0.0000
          0.0000
          0.0000
          0.0000
          0.0000
          0.0000
          0.0000
          0.0000
          0.0000
          0.0000
          0.0000
          0.0000
          0.0000
         19.5196
         42.3176
         30.1595
         31.7000
          7.9475
          0.0000
          0.0000
          0.0000
         35.6447
         87.5253
         56.1535
         25.9740
         22.4540
         19.3477
          0.0000
          0.0000
          0.0000
          0.0000
          0.0000
          0.0000
          0.0000
          0.0000
          0.0000
          0.0000
          0.0000
          0.0000
          0.0000
          0.0000
          0.0000
          0.0000
          0.0000
          0.0000
          0.0000
          0.0000
          0.0000
          0.0000
          0.0000
          0.0000
          0.0000
          0.0000
          0.0000
          0.0000
          0.0000
          5.4534
          1.0816
          0.0000
          0.0000
          0.0000
          0.0000
          0.0000
          0.0000
         16.1599
          0.0000
          0.0000
          0.0000
          0.0000
          0.0000
          0.0000
          1.1049
         28.5078
          0.0000
          0.0000
          0.0000
          0.0000
          0.0000
         40.4031
          0.0000
          0.0000
          0.0000
          0.0000
          0.0000
          0.0000
         42.2149
        112.6052
        116.3224
        124.0539
         19.0750
          0.0000
          0.0000
          0.0000
          0.0000
          0.0000
          0.0000
          1.8758
          0.0000
          0.0000
          0.0000
          0.0000
          0.0000
          0.0000
          0.0000
          0.0000
         10.6490
         36.0924
         37.5079
         41.3572
         37.4068
         36.3466
         36.6935
         30.2347
          0.0000
          0.0000
          0.0000
          0.0000
          0.0000
         70.6641
         47.3452
         25.7790
          0.0000
          0.0000
          0.0000
          0.0000
          0.0000
          0.0000
          0.0000
          0.0000
          0.0000
          0.0000
          0.0000
          0.0000
          2.4054
         48.0481
         17.3031
         23.7674
          0.0000
          0.0000
          0.0000
          0.0000
          0.0000
          0.0000
          0.0000
          0.0000
          0.0000
          0.0000
          0.0000
          0.0000
          0.0000
         33.6764
         19.4108
         14.1216
          0.0000
          0.0000
          0.0000
          0.0000
          0.0000
         41.5701
         50.7903
         56.4415
          0.0000
          0.0000
          0.0000
          0.0000
          0.0000
          0.0000
          0.0000
          0.0000
          0.0000
          0.0000
          0.0000
          0.0000
          0.0000
          0.0000
          0.0000
          0.0000
          0.0000
          0.0000
          0.0000
          0.0000
          0.0000
          0.0000
          0.0000
          0.0000
          0.0000
          0.0000
          0.0000
          0.0000
          0.0000
         57.5047
         53.5012
         48.5527
          0.0000
          0.0000
          0.0000
          0.0000
          0.0000
          0.0000
          0.0000
          0.0000
          0.0000
          0.0000
          0.0000
          0.0000
          0.0000
          0.0000
          0.0000
          0.0000
          0.0000
          0.0000
          0.0000
          0.0000
          0.0000
          0.0000
          0.0000
          0.0000
          0.0000
          0.0000
          0.0000
          0.0000
          0.0000
          0.0000
          0.0000
          0.0000
          0.0000
          0.0000
          0.0000
          0.0000
          0.0000
          0.0000
          0.0000
          0.0000
          0.0000
          2.8168
          0.0000
          0.0000
          0.0000
         21.0633
         15.2984
          0.0000
          9.5227
         42.4054
          8.7108
          0.0000
          0.0000
          0.0000
          0.0000
          0.0000
          0.0000
          0.0000
          0.0000
          0.0000
          0.0000
          0.0000
          0.0000
          0.0000
          0.0000
          0.0000
          0.0000
          0.0000
          0.0000
          0.0000
          0.0000
          0.0000
          0.0000
          0.0000
          0.0000
          0.0000
          0.0000
          0.0000
          0.0000
          0.0000
          0.0000
          0.0000
          0.0000
          0.0000
          0.0000
         72.7110
         81.2169
        117.3446
          0.0000
          0.0000
          0.0000
          0.0000
         18.9150
        114.2554
         97.5511
         84.3855
         24.7986
          0.0000
          0.0000
          0.0000
          0.0000
          0.0000
         21.4974
         53.2094
          0.0000
          0.0000
          0.0000
          0.0000
          0.0000
          6.8211
         37.7441
         77.2953
          0.0000
          0.0000
          0.0000
          0.0000
          0.0000
          0.0000
          0.0000
          0.0000
         15.3166
         43.2410
         56.5272
         79.3411
         38.6870
          0.0942
          0.0000
          0.0000
          0.0000
          0.0000
          0.0000
          0.0000
         25.5591
         65.3201
         44.7713
         68.1412
          0.0000
          1.6740
          0.0000
          0.0000
          0.0000
          0.0000
          0.0000
          0.0000
          0.0000
          0.0000
          0.0000
          0.0000
          0.0000
          0.0000
          0.0000
         56.0022
          6.2101
          0.0000
          0.0000
          0.0000
         65.1151
        139.9324
        133.4577
        118.9527
         50.5411
         12.7721
          0.0000
          0.0000
          0.0000
          0.0000
          0.0000
          0.0000
          0.0000
          0.0000
          0.0000
          0.0000
          0.0000
          0.0000
          0.0000
          0.0000
          0.0000
          0.2398
          0.0000
          0.0000
          0.0000
          0.0000
          0.0000
          0.0000
          0.0000
         59.9551
          5.4842
          0.0000
          0.0000
          0.0000
          0.0000
          0.0000
          0.0000
          0.0000
          0.0000
          0.0000
          0.0000
          0.0000
          0.0000
          0.0000
          0.0000
          0.0000
          0.0000
          0.0000
          0.0000
          0.0000
          0.0000
          0.0000
          0.0000
          0.0000
          0.0000
          0.0000
          0.0000
          0.0000
          0.0000
          0.0000
          0.0000
          0.0000
          0.0000
          0.0000
          0.0000
          0.0000
          0.0000
          0.0000
          0.0000
          0.0000
          0.0000
          0.0000
          4.4698
          1.0874
          0.0000
          0.0000
          0.0000
          0.0000
          0.0000
          0.0000
          0.0000
          0.0000
          0.0000
          0.0000
          0.0000
          0.0000
          0.0000
          0.0000
          0.0000
          0.0000
          0.0000
          0.0000
          0.0000
          0.0000
          0.0000
          0.0000
          0.0000
          0.0000
          0.0000
          0.0000
          0.0000
          0.0000
          0.0000
          0.0000
          0.0000
          0.0000
          0.0000
          0.0000
          0.0000
          0.0000
          0.0000
          0.0000
         58.2780
        124.1404
         92.4481
         58.7562
         42.5789
         25.5096
          0.0000
          0.0000
          0.9612
         23.1896
         14.5681
          0.0000
          0.0000
          0.0000
          0.0000
          0.0000
          0.0000
          0.0000
         17.5150
         61.1011
          0.0000
          0.0000
          0.0000
          0.0000
          0.0000
          0.0000
          0.0000
          2.5731
          0.0000
          0.0000
          0.0000
          0.0000
          0.0000
          0.0000
          0.0000
          0.0000
          0.0000
         44.6532
         43.1047
         41.4983
          0.0000
          0.0000
          0.0000
          0.0000
          0.0000
          0.0000
          0.0000
          0.0000
          0.0000
          0.0000
          0.0000
          0.0000
          0.0000
          0.0000
          0.0000
          0.0000
          0.0000
          0.0000
          0.0000
          0.0000
          0.0000
          0.0000
          0.0000
          0.0000
          0.0000
          0.0000
          0.0000
          0.0000
          0.0000
          0.0000
          0.0000
          0.0000
          0.0000
          0.0000
          0.0000
          0.0000
          0.0000
          0.0000
          0.0000
         26.3802
         25.8352
         25.2166
          0.0000
         27.3845
          0.0000
          0.0000
          0.0000
          0.0000
          0.0000
          0.0000
          0.0000
         61.4900
          0.0000
          0.0000
          0.0000
          0.0000
          0.0000
          0.0000
          0.0000
         24.9343
          0.0000
          0.0000
          0.0000
          0.0000
          0.0000
          0.0000
          0.0000
          0.0000
          0.0000
          0.0000
          0.0000
          0.0000
          0.0000
          0.0000
          0.0000
          0.0000
          0.0000
          0.0000
          0.0000
          0.0000
          0.0000
         10.8517
         15.1922
         20.2813
          0.0000
          0.0000
          0.0000
          0.0000
          0.0000
          0.0000
          0.0000
          0.0000
          0.0000
          0.0000
          0.0000
          0.0000
          0.0000
          0.0000
          0.0000
          0.0000
          0.0000
          0.0000
          0.0000
          0.0000
          0.0000
          0.0000
          0.0000
          0.0000
          0.0000
          0.0000
          0.0000
          0.0000
          0.0000
          0.0000
          0.0000
          0.0000
          0.0000
          0.0000
          0.0000
          0.0000
          0.0000
          0.0000
          0.0000
          0.0000
          0.0000
          0.0000
          0.0000
          0.0000
          0.0000
          0.0000
          0.0000
         37.0357
          1.2343
          0.0000
          0.0000
          0.0000
          0.0000
          0.0000
          0.0000
          0.0000
          0.0000
         10.4658
          0.0000
          0.0000
          0.0000
          0.0000
          0.0000
          0.0000
          0.0000
          0.0000
          0.0000
          0.0000
          0.0000
          0.0000
          0.0000
          0.0000
          0.0000
          0.0000
          0.0000
          0.0000
          0.0000
         41.8098
         21.2403
          0.0000
          0.0000
          0.0000
          0.0000
          0.0000
          0.0000
         30.2586
         24.5990
         19.5940
          0.0000
          0.0000
          0.0000
          0.0000
          0.0000
          0.0000
          0.0000
          0.0000
          0.0000
          0.0000
          0.0000
          0.0000
          0.0000
          0.0000
          0.0000
          0.0000
          0.0000
          0.0000
          0.0000
          4.1984
          0.0000
          0.0000
          0.0000
          0.0000
          0.0000
          0.0000
          0.0000
          0.0000
          0.0000
          0.0000
          0.0000
          0.0000
          0.0000
          0.0000
          0.0000
          0.0000
          0.0000
          0.0000
          0.0000
          0.0000
          0.0000
          0.0000
          0.0000
          0.0000
          0.0000
          0.0000
          0.0000
          0.0000
          0.0000
          0.0000
          0.0000
          0.0000
          0.0000
          0.0000
          0.0000
          0.0000
          0.0000
          0.0000
          0.0000
          0.0000
          1.5730
         68.9532
          0.0000
          0.0000
          0.0000
          0.0000
          2.5266
         23.8487
        104.8090
        231.9522
        166.7070
        111.1646
          0.0000
          0.0000
          0.0000
          0.0000
          0.0000
          0.0000
          0.0000
         21.0794
          0.0000
          0.0000
          0.0000
          0.0000
          0.0000
          0.0000
         15.5693
         59.4407
          0.0000
          0.0000
          0.0000
          0.0000
          0.0000
          0.0000
          0.0000
          0.0000
          0.0000
          0.0000
          0.0000
          0.0000
          0.0000
          0.0000
          0.0000
          6.8778
          0.0000
          0.0000
          0.0000
          0.0000
          0.0000
         16.6910
         43.0460
         67.0583
          0.0000
         11.3987
          0.0000
          0.0000
          0.0000
          0.0000
          0.0000
          6.7717
          0.0000
          0.0000
          0.0000
          0.0000
          0.0000
          0.0000
          0.0000
         23.7816
          0.0000
          0.0000
          0.0000
          0.0000
          0.0000
          0.0000
          0.0000
          0.0000
          0.0000
          0.0000
          0.0000
          0.0000
          0.0000
         11.7505
          0.0000
          0.0000
          0.0000
          0.0000
          0.0000
          0.0000
          0.0000
         24.8369
          7.7070
          0.0000
          0.0000
         56.1033
          0.0000
          0.0000
          0.0000
          0.0000
          0.0000
          0.0000
          0.0000
          0.0000
          0.0000
          0.0000
          0.0000
          0.0000
          0.0000
          0.0000
          0.0000
          0.0000
          0.0000
          0.0000
          0.0000
          0.0000
          0.0000
          0.0000
          0.0000
          0.0000
          0.0000
          0.0000
          0.0000
          0.0000
          0.0000
          0.0000
          0.0000
          0.0000
          0.0000
          0.0000
          0.0000
          0.0000
          0.0000
          0.0000
          0.0000
          0.0000
          0.0000
          0.0000
          0.0000
         48.8980
         33.9305
         22.8979
          0.0000
          0.0000
          0.0000
          0.0000
          0.0000
          0.0000
          0.0000
          0.0000
          0.0000
          0.0000
          0.0000
          0.0000
          0.0000
          0.0000
          0.0000
          0.0000
          0.0000
          0.0000
          0.0000
          0.0000
          0.0000
         76.3801
         67.3789
         66.2951
         24.0361
          0.0000
          0.0000
          0.0000
          2.2331
         29.0770
         38.3720
         47.1433
          0.0000
          0.0000
          0.0000
          0.0000
          0.0000
         33.0866
          9.6082
          0.0000
          0.0000
          0.0000
          0.0000
          0.0000
          0.0000
          0.0000
          0.0000
          0.0000
          0.0000
          0.0000
          0.0000
          0.0000
          0.0000
          0.0000
          0.0000
         39.4207
          0.0000
          0.0000
          0.0000
          0.0000
          0.0000
          0.0000
          0.0000
          0.0000
          0.0000
          0.0000
          0.0000
          0.0000
          0.0000
          0.0000
          0.0000
          0.0000
          0.0000
          0.0000
          0.0000
          0.0000
          0.0000
          0.0000
          0.0000
          0.0000
         12.5475
        205.1307
         82.0345
          0.0000
          0.0000
          0.0000
          0.0000
          0.0000
          0.0000
         67.3050
          0.9241
          0.0000
          0.0000
         33.0264
         37.7843
         41.4749
         41.1698
        106.7792
          1.1368
          0.0000
          0.0000
          0.0000
          0.0000
          0.0000
          0.0000
          0.0000
          0.0000
          0.0000
          0.0000
          0.0000
          0.0000
          0.0000
          0.0000
          0.0000
          0.0000
          0.0000
          0.0000
          0.0000
          0.0000
          0.0000
          0.0000
          0.0000
          0.0000
          0.0000
          0.0000
          0.0000
          0.0000
          0.0000
          0.0000
          0.0000
          0.0000
          0.0000
          0.0000
         79.1345
         80.8359
        118.8452
         51.8227
          0.0000
          0.0000
          0.0000
          0.0000
          0.0000
          0.0000
         80.5942
          9.1649
          0.0000
          0.0000
          0.0000
          0.0000
         14.1659
          0.0000
         10.9458
         11.3982
          9.9346
         17.0764
         23.7302
          0.0000
          0.0000
          0.0000
          0.0000
          0.0000
         26.9155
          0.0000
          0.0000
          0.0000
          0.0000
          0.0000
          0.0000
          0.0000
          0.0000
          0.0000
          0.0000
          0.0000
         26.0766
         33.9324
         40.7560
          0.0000
          0.0000
          0.0000
          0.0000
          0.0000
          0.0000
          0.0000
          0.0000
          0.0000
        126.8906
         48.7358
          0.0000
          0.0000
          0.0000
          0.0000
          0.0000
          0.0000
          0.0000
          0.0000
          0.0000
          0.0000
          0.0000
         28.9298
        119.4945
        169.1735
        219.8208
        211.0565
        230.7252
         70.0804
          0.0000
         33.8601
         97.0987
         28.1291
          0.0000
          0.0000
          0.0000
          0.0000
          0.0000
          0.0000
          0.0000
         37.5910
        194.7132
        110.6244
         45.8341
         60.9802
         99.9873
         97.1487
        122.4585
         14.8603
          0.0000
          0.0000
          0.0000
          0.0000
          0.0000
          0.0000
          0.0000
          0.0000
          0.0000
          0.0000
          0.0000
          0.0000
          0.0000
          0.0000
         41.8169
          0.0000
          0.0000
          0.0000
          3.7482
          0.0000
          0.0000
          0.0000
          0.0000
          0.0000
          0.0000
          0.0000
          0.0000
          0.0000
          0.0000
          0.0000
         17.1081
         39.1946
        110.4686
        141.7071
        160.2610
         88.0446
         16.4767
         32.6423
         47.8809
          0.0000
          0.0000
          0.0000
          0.0000
          0.0000
          0.0000
          0.0000
          0.0000
         28.5303
        194.6040
        145.9584
        101.0962
        115.2175
        145.3187
         71.1918
         57.0305
          0.0000
          0.0000
          0.0000
          0.0000
          0.0000
          0.0000
          0.0000
          0.0000
          0.0000
          0.0000
          0.0000
          0.0000
          0.0000
          0.0000
          4.9482
         36.0865
          0.0000
          0.0000
          0.0000
          0.0000
          0.0000
          0.0000
          0.0000
          0.0000
          0.0000
          0.0000
          0.0000
          0.0000
          0.0000
          0.0000
          0.0000
          0.0000
          0.0000
          0.0000
          0.0000
          0.0000
          0.0000
          0.0000
         34.7472
         72.2527
         16.7098
          0.0000
          0.0000
          0.0000
          0.0000
          0.0000
          0.0000
          0.0000
          0.0000
          0.0000
          0.0000
          0.0000
          0.0000
          0.0000
          0.0000
          0.0000
          0.0000
          0.0000
          0.0000
          0.0000
          0.0000
          0.0000
          0.0000
          0.0000
          0.0000
          0.0000
          0.0000
          0.0000
          0.0000
          0.0000
          0.0000
         22.4098
         53.5964
        149.4727
          0.0000
          0.0000
          0.0000
          0.0000
          0.0000
          0.0000
          0.0000
          4.3997
          0.0000
          0.0000
          0.0000
          0.0000
          0.0000
          0.0000
          6.8583
         31.6626
         22.1619
         12.4562
         16.2026
         23.5871
          0.0000
          0.0000
          0.0000
         23.1046
         15.2738
         32.5703
          0.0000
          0.0000
          0.0000
         29.6468
          0.0000
          0.0000
          0.0000
         16.0257
          0.0000
          0.0000
          8.4259
         45.4106
         65.5160
        134.5063
        125.3658
        120.0210
        117.4071
        115.5896
        177.6849
        231.0791
        188.1600
        149.7252
         20.8117
          0.0000
          0.0000
          0.0000
          0.0000
          0.0000
          0.0000
          0.0000
          0.0000
          0.0000
          0.0000
          0.0000
          0.0000
          0.0000
          0.0000
          0.0000
          0.0000
          0.0000
          4.2757
        140.8570
        150.3406
        153.1096
          2.0868
          0.0000
          0.0000
          0.0000
          0.0000
         74.0069
         50.2501
         32.2300
          0.0000
          0.0000
          0.0000
          0.0000
          0.0000
          0.0000
          0.0000
          0.0000
          0.0000
          0.0000
          0.0000
          0.0000
          0.0000
         59.1552
          7.2219
          0.0000
          0.0000
          0.0000
          0.0000
         11.1828
         80.4169
        146.6598
        148.2550
        146.8087
         58.8670
          0.0000
          0.0000
          0.0000
          0.0000
          0.0000
          0.0000
          0.0000
          0.0000
        100.9781
        120.2480
        142.4246
          0.0000
          0.0000
          0.0000
          0.0000
          0.0000
          0.0000
          0.0000
          0.0000
          0.0000
          0.0000
          0.0000
          0.0000
          0.0000
         35.0849
          4.9618
          0.0000
        115.3960
        266.4667
        329.6932
        376.1959
        126.0073
          1.1127
          0.0000
          0.0000
          0.0000
          6.6453
          0.0000
          0.0000
          0.0000
          0.0000
          0.0000
          0.0000
          0.0000
          0.0000
          0.0000
          0.0000
          0.0000
          0.0000
          0.0000
          0.0000
          0.0000
          0.0000
          0.0000
          0.0000
          0.0000
          0.0000
          0.0000
          0.0000
          0.0000
         74.6702
         89.7631
        100.2488
         39.6214
          0.0000
          0.0000
          0.0000
          0.0000
         36.8257
         58.0312
         74.9378
         19.9054
          0.0000
          0.0000
         49.0914
         28.7746
         24.2553
         14.3427
         19.0192
          7.3360
          8.2657
          0.0000
          0.0000
          0.0000
          0.0000
          2.5303
         56.8897
          1.3320
          0.0000
          0.0000
          0.0000
          0.0000
         20.8917
          0.0000
          0.0000
          0.0000
          3.1223
          0.0000
          0.0000
          0.0000
          0.0000
          0.0000
          0.0000
          0.0000
          0.0000
          0.0000
          0.0000
          0.0000
          0.0000
          0.0000
         17.0645
          0.0000
          0.0000
          0.0000
          0.0000
          0.0000
        132.5143
         76.9781
         93.9106
         12.2806
          0.0000
          0.0000
          0.0000
          0.0000
          0.0000
          0.0000
          0.0000
          0.0000
          0.0000
          0.0000
          0.0000
          0.0000
          0.0000
          0.0000
          0.0000
         11.5182
         39.3430
         39.3430
          0.0000
          0.0000
          1.0089
         16.1990
         30.5709
         25.8016
          0.5419
          0.0000
          0.0000
          0.0000
          0.0000
          0.0000
          0.0000
          0.0000
          1.6041
          0.0000
          2.4411
          0.0000
         26.1491
          0.0000
          0.0000
          0.0000
          0.0000
          0.0000
          0.0000
          0.0000
          5.0801
         60.7293
        116.6673
         31.5857
          0.0000
          0.0000
          0.0000
         19.2944
         57.5784
         74.1286
        111.7067
         17.3538
          0.0000
          0.0000
          0.0000
          0.0000
          0.0000
          0.0000
          6.0272
         28.8416
         46.7885
         13.0276
          0.0000
          0.0000
          0.0000
          0.0000
          0.0000
          0.0000
          0.0000
          0.0000
         16.0161
          4.4529
          0.0000
         47.7543
         54.3474
         28.0578
         17.2407
         16.7815
         31.9562
         87.4178
        168.2390
        129.6029
         88.6680
          0.0000
          0.0000
          0.0000
          0.0000
          0.0000
          0.0000
          0.0000
          0.0000
          0.0000
          0.0000
          0.0000
          0.0000
          0.0000
          0.0000
          0.0000
          0.0000
          0.0000
          0.0000
          0.0000
          0.0000
          0.0000
          0.0000
          0.0000
          0.0000
          0.0000
          0.0000
          0.0000
          0.0000
          0.0000
          0.0000
          0.0000
          0.0000
          0.0000
          0.0000
          0.0000
          0.0000
          0.0000
          0.0000
          0.0000
          0.0000
          0.0000
          0.0000
          0.0000
          0.0000
          0.0000
          0.0000
          0.0000
          0.0000
          0.0000
          0.0000
          0.0000
          0.0000
         20.2565
        143.6010
         57.8619
         29.8448
          0.0000
          0.0000
          0.0000
          0.0000
          0.0000
          0.0000
          0.0000
          0.0000
          0.0000
          0.0000
          0.0000
          0.0000
          0.0000
          0.0000
          0.0000
          0.0000
          0.0000
          0.0000
          0.0000
          0.0000
          0.0000
          0.0000
          0.0000
          0.0000
          0.0000
          0.0000
          0.0000
          0.0000
          0.0000
          0.0000
          0.0000
          0.0000
          0.0000
          0.0000
          0.0000
          0.0000
          0.0000
          0.0000
          0.0000
          0.0000
          0.0000
          0.0000
          0.0000
          0.0000
          0.0000
          0.0000
          0.0000
          0.0000
          0.0000
          0.0000
         84.2253
        177.8895
         71.0199
          8.5398
          0.0000
          0.0000
          0.0000
          0.0000
          0.0000
          0.0000
          0.0000
          0.0000
          0.0000
          0.0000
          0.0000
          0.0000
          0.0000
          0.0000
          0.0000
          0.0000
          0.0000
          0.0000
          0.0000
         40.2188
          0.0000
          0.0000
          0.0000
          0.0000
          0.0000
          0.0000
          0.0000
          0.0000
          0.0000
          0.0000
          0.0000
          0.0000
          0.0000
          0.0000
          0.0000
          0.0000
          0.0000
          0.0000
          0.0000
          0.0000
          0.0000
          0.0000
          0.0000
          0.0000
          0.0000
          0.0000
          0.0000
          0.0000
          0.0000
          0.0000
          0.0000
         40.8354
         29.1005
         10.1170
         33.9534
         58.3076
         17.1797
         35.0831
          0.0000
          0.0000
          0.0000
          0.0000
         15.2329
         45.4210
        114.8026
        237.5989
         62.1237
          0.0000
          0.0000
          0.0000
          0.0000
         33.9710
         29.0471
         49.1775
          0.0000
          0.0000
          0.0000
          0.0000
          0.0000
          0.0000
          0.0000
          4.3905
          0.0000
          0.0000
          0.0000
          0.0000
          0.0000
          0.0000
          0.0000
          0.0000
          0.0000
          0.0000
          0.0000
          0.0000
          0.0000
          0.0000
          0.0000
          0.0000
          0.0000
         21.7762
         23.7090
         24.4155
          0.0000
          0.0000
          0.0000
          0.0000
          0.0000
          0.0000
          0.0000
          0.0000
          0.0000
          0.0000
          0.0000
          0.0000
          0.0000
          0.0000
          0.0000
          0.0000
          0.0000
          0.0000
          0.0000
          0.0000
          0.0000
          0.0000
          0.0000
          0.0000
          0.0000
          0.0000
          0.0000
          0.0000
          0.0000
          0.0000
          0.0000
          0.0000
          0.0000
          0.0000
          0.0000
          0.0000
          0.0000
          0.0000
          0.0000
          0.0000
          0.0000
          0.0000
          0.0000
          0.0000
          0.0000
          0.0000
          0.0000
          0.0000
          0.0000
          0.0000
         25.7817
        102.0172
         11.2197
          0.0000
          0.0000
          0.0000
          0.0000
         28.0132
         54.3740
         90.6192
         61.5538
         34.4599
          0.0000
          0.0000
          0.0000
          0.0000
          0.0000
          0.0000
          0.0000
         23.5242
          8.7069
          1.0147
          0.0000
          0.0000
         14.0398
         42.6637
          7.8964
          0.0000
          0.0000
          0.0000
          0.0000
          0.0000
          0.0000
          9.3780
          0.0000
          0.0000
          0.0000
          6.9424
         40.8690
         94.4878
         61.9231
         33.5097
          0.0000
          0.0000
          0.0000
          0.0000
          0.0000
          0.0000
          6.4805
         34.4757
          0.0000
          0.0000
          0.0000
          0.0000
          0.0000
          0.0000
          0.0000
          0.0000
          0.0000
          0.0000
          0.0000
          0.0000
          0.0000
          0.0000
          0.0000
          0.0000
          0.0000
          0.0000
          0.0000
          0.0000
          0.0000
          0.0000
          0.0000
          0.0000
          0.0000
          0.0000
          0.0000
          0.0000
          0.0000
          0.0000
          0.0000
          0.0000
          0.0000
        156.7784
        188.2591
        216.8585
         94.3917
         12.6838
         30.3936
         48.1587
          0.0000
          0.0000
          0.0000
          0.0000
          0.0000
          0.0000
          0.0000
          0.0000
          0.0000
          0.0000
          0.0000
          0.0000
         18.6722
        105.2802
        144.1689
        177.8496
        136.4274
         53.0951
         62.0245
        130.7545
         48.6069
          0.0000
          0.0000
          0.0000
          3.1885
         45.1169
         82.5324
        149.3084
        117.9908
         96.4385
         35.5267
          0.0000
          0.0000
          0.0000
          0.0000
          0.0000
          0.0000
          0.0000
          0.0000
          0.0000
          0.0000
          0.0000
          0.0000
          0.0000
          0.0000
          0.0000
          0.0000
         58.3454
        138.6618
        263.7439
        157.0491
         50.3224
         58.4650
         85.9056
        126.4546
        160.2872
         86.9897
         61.1945
         18.6751
          0.0000
          0.0000
          0.0000
          0.0000
          6.6899
         27.3816
         65.2834
         62.0418
         55.5594
         11.4418
          0.0000
         22.5765
         44.8927
          9.8315
         27.5301
          0.0000
          0.0000
          0.0000
          0.0000
          0.0000
          6.1968
          0.0000
          0.0000
          0.0000
          0.0000
          0.0000
          0.0000
          0.0000
          0.0000
          0.0000
          0.0000
          0.0000
          0.0000
          0.0000
          0.0000
          0.0000
          0.0000
          0.0000
          0.0000
          0.0000
          0.0000
          0.0000
          0.0000
          0.0000
          0.0000
          0.0000
         33.4415
         75.3047
        129.8388
        111.9856
        130.8812
        100.6557
        103.5616
         70.1669
         56.8479
        113.3787
        168.1490
         79.4371
         17.2753
         38.0581
         58.6059
          0.0000
          0.0000
          0.0000
          0.0000
          0.0000
         45.6063
         17.9182
         10.6309
         26.4322
         42.0491
         21.5486
         30.7508
          0.0000
          0.0000
          0.0000
          0.0000
          0.0000
          0.0000
          0.0000
          0.0000
          0.0000
          0.0000
          0.0000
          0.0000
          0.0000
          0.0000
         18.5094
         46.1790
         31.8373
         13.0810
         21.6099
         28.4573
          0.0000
          0.0000
          0.0000
         17.7663
          0.0000
          0.0000
          0.0000
          0.0000
          0.0000
          0.0000
          0.0000
          0.0000
          0.0000
          0.0000
          0.0000
          0.0000
          0.0000
          0.0000
          0.0000
          0.0000
          0.0000
          0.0000
          0.0000
         24.8431
          8.0613
         16.8526
          0.0000
          0.0000
          0.0000
          0.0000
          0.0000
          0.0000
         21.6581
         93.7798
         56.4124
          5.1211
          0.0000
          0.0000
          0.0000
          0.0000
          0.0000
          7.0268
         46.0282
         83.9709
        128.1871
        166.6332
        211.0760
        248.3782
         45.3502
          0.0000
          0.0000
          0.0000
          0.0000
          0.0000
          0.0000
          0.0000
          0.0000
          0.0000
          0.0000
          0.0000
          0.0000
          0.0000
          0.0000
          0.0000
          0.0000
          0.0000
          0.0000
          0.0000
          0.0000
          0.0000
          0.0000
          0.0000
          0.0000
          4.0325
          0.0000
          7.8056
          0.0000
          0.0000
          0.0000
          0.0000
          0.0000
          0.0000
         48.2323
        168.9999
          0.0000
          0.0000
          0.0000
          0.0000
          0.0000
         14.3598
          0.0000
          0.0000
          0.0000
          0.0000
          0.0000
          0.0000
          0.0000
          0.0000
          0.0000
          0.0000
          0.0000
          0.0000
          2.7819
         62.5412
          0.0000
          0.0000
          0.0000
          0.0000
          0.0000
          0.0000
          0.0000
          0.0000
          0.0000
         97.3623
        100.6657
        104.8908
         99.9912
        107.8043
        104.9923
        138.2789
          0.0000
          0.0000
          0.0000
          0.0000
          0.0000
          0.0000
          0.0000
          8.2145
          0.0000
          0.0000
          0.0000
          0.0000
          0.0000
          0.0000
          0.0000
          0.0000
          0.0000
          0.0000
          8.7413
         52.1765
          0.0000
          0.0000
          0.0000
         27.2882
         25.7303
         25.7767
          0.0000
          0.0000
          0.0000
          0.0000
          0.0000
          0.0000
          0.0000
          0.0000
          0.0000
          0.0000
          0.0000
          0.0000
          0.0000
          0.0000
          0.0000
          8.8039
          0.0000
          0.0000
          1.4965
         23.8735
         11.9196
          3.3260
         48.1992
        126.9671
         31.5629
          0.0000
          0.0000
          0.0000
          0.0000
          0.0000
          0.0000
          0.0000
          0.0000
          0.0000
          0.0000
          0.0000
          0.0000
          0.0000
          0.0000
          0.0000
          0.0000
          0.0000
          0.0000
          0.0000
          0.7712
         18.1930
          0.0000
          0.0000
          0.0000
          0.0000
          0.0000
         98.2894
         92.6788
         77.4826
         14.7897
          0.0000
          0.0000
         38.6390
          0.0000
          0.0000
          0.0000
          0.0000
          0.0000
          0.0000
         32.3181
        124.7882
         46.7069
          0.0000
          4.1748
         19.6855
          0.0000
         11.1718
          0.0000
          0.0000
          0.0000
          0.0000
          0.0000
          0.0000
          0.0000
          0.0000
          0.0000
          0.0000
          0.0000
          0.0000
          0.0000
          0.0000
          0.0000
          0.0000
         10.6982
         39.4627
         64.1461
         88.5227
         42.4180
         14.6527
          0.0000
          0.0000
          0.0000
          0.0000
          0.0000
          0.0000
          0.0000
          0.0000
          0.0000
          0.0000
          0.0000
          0.0000
          0.0000
          0.0000
          0.0000
          0.0000
          0.0000
          0.0000
          0.0000
          0.0000
          0.0000
          0.0000
          0.0000
          0.0000
          0.0000
          0.0000
          0.0000
          0.0000
          0.0000
          0.0000
         32.2758
         77.0348
          0.0000
          0.0000
          0.0000
          0.0000
          0.0000
          0.0000
          0.0000
          0.0000
          0.0000
          0.0000
          0.0000
          0.0000
          0.0000
          0.0000
          0.0000
         38.7867
          0.0000
          0.0000
          0.0000
          0.0000
          0.0000
          0.0000
          0.0000
         21.6204
         80.7065
        167.4111
         91.8457
         11.6784
          0.0000
          0.0000
          0.0000
          0.0000
          0.0000
          0.0000
          0.0000
         13.5607
          0.0000
          0.0000
          0.0000
          0.0000
          0.0000
          0.0000
          0.0000
          0.0000
          0.0000
          0.0000
          0.0000
          0.0000
          0.0000
          0.0000
          0.0000
          0.0000
          0.0000
         14.9143
          0.0000
          0.0000
         27.1825
        100.9689
         18.8989
          0.0000
         12.7769
        134.1707
         50.1057
          0.0000
          0.0000
          0.0000
          0.0000
          0.0000
          0.0000
          0.0000
          0.0000
          0.0000
          0.0000
          0.0000
          0.0000
          0.0000
          0.0000
          0.0000
          0.0000
          0.0000
          0.0000
          0.0000
          0.0000
          0.0000
          0.0000
          0.0000
          0.0000
          0.0000
          0.0000
          0.0000
          0.3747
         49.7365
         71.2925
         87.7773
         47.4535
         22.7267
         11.9013
          0.0000
          0.0000
          0.0000
          0.0000
          0.0000
          0.0000
          0.0000
          0.0000
          0.0000
          0.0000
          0.0000
          0.0000
          0.0000
          0.0000
          0.0000
          0.0000
          0.0000
         12.6664
         88.8515
         70.4028
         52.2242
         35.3935
         28.6515
          0.0000
          0.0000
          0.0000
          0.0000
          0.0000
          0.0000
          0.0000
          0.0000
          0.0000
         32.2408
         22.5335
          3.3632
          0.0000
          0.0000
          0.0000
          0.0000
          0.0000
         17.3627
          0.0000
          0.0000
          0.0000
          0.0000
          0.0000
          0.0000
          0.0000
          0.0000
          0.0000
          0.0000
          0.0000
          0.0000
          0.0000
          0.0000
          0.0000
          0.0000
          0.0000
          0.0000
          0.0000
         26.9207
         32.3281
         32.4396
          0.0000
          0.0000
          0.0000
          0.0000
          0.0000
          0.0000
          0.0000
          0.0000
          0.0000
          0.0000
          0.0000
          0.0000
          0.0000
          0.0000
          0.0000
          0.0000
          8.6956
         74.8316
         19.4601
          0.0000
         23.9129
         87.2607
         32.6771
         30.4646
          0.0000
          0.0000
          0.0000
          0.0000
          0.0000
         14.2412
         48.5615
         83.9105
          3.0681
          0.0000
          0.0000
          0.0000
          0.0000
          0.0000
          0.0000
          0.0000
          3.0102
         54.9359
          7.9860
          0.0000
          0.0000
          0.0000
          0.0000
          0.0000
          0.0000
          0.0000
          0.0000
          0.0000
          0.0000
          0.0000
          0.0000
          0.0000
         10.5421
         30.6194
         21.4023
         16.6441
          0.7918
         41.8802
         25.8597
         11.2783
          0.0000
          0.0000
          0.0000
          0.0000
          0.0000
          0.0000
          0.0000
          0.0000
          6.8005
         30.2242
          0.0000
          0.0000
          0.0000
          0.0000
          0.0000
         11.6477
          0.0000
          0.0000
          0.0000
         10.0918
          0.0000
          0.0000
          0.0000
          0.0000
          0.0000
         19.7807
         47.5718
        130.7536
         64.2768
         12.6406
         12.2251
         12.2800
          0.0000
          0.0000
         33.7343
        109.8568
        102.2053
         90.5986
         60.7138
         32.0337
          0.0000
          0.0000
          0.0000
          0.0000
          0.0000
          0.0000
          0.0000
          0.0000
          0.0000
          0.0000
          0.0000
          0.0000
          0.0000
          0.0000
          0.0000
          0.0000
         57.6532
        157.4358
        231.8309
        295.8142
          9.8776
          0.0000
          0.0000
          0.0000
          0.0000
          0.0000
          0.0000
          0.0000
          0.0000
          0.0000
          0.0000
          0.0000
          0.0000
          0.0000
          0.0000
          0.0000
          0.0000
          0.0000
          0.0000
          0.0000
         14.5832
         76.0495
         61.7460
         47.0580
         52.6152
         76.6777
         46.0434
         26.1173
          0.0000
          0.0000
          0.0000
          0.0000
         24.4267
         52.8581
         51.2896
         47.8658
          0.0000
          0.0000
          0.0000
          0.0000
          0.0000
          0.0000
          0.0000
          0.0000
          0.0000
          0.0000
         55.8158
        120.5028
         99.6744
         78.0869
         31.2518
         23.9700
          0.0000
          0.0000
          0.0000
          0.0000
          0.0000
          0.0000
          0.0000
          0.0000
          0.0000
          0.0000
          0.0000
          0.0000
          0.0000
          0.0000
          0.0000
         29.6046
         37.7114
         51.2713
         15.7820
          0.0000
          0.0000
          0.0000
          0.0000
          0.0000
          8.0433
         54.4257
         16.1185
          0.0000
          0.0000
          7.8286
          0.0000
          0.0000
          0.0000
         15.8362
         13.2786
          3.4576
          0.0000
          6.0837
          0.0000
          0.0000
          4.9599
         45.9599
          0.0000
          0.0000
          0.0000
          0.0000
          0.0000
         20.7082
          7.4013
          0.0000
          0.0000
          0.0000
          0.0000
          0.0000
          0.0000
          0.0000
          0.0000
          0.0000
          0.0000
          0.0000
          0.0000
          0.0000
          0.0000
          0.0000
          0.0000
          0.0000
          0.0000
          0.0000
          0.0000
          0.0000
          0.0000
          0.0000
          0.0000
          0.0000
          0.0000
          0.0000
          0.0000
          0.0000
         11.5973
         36.6432
          0.0000
          0.0000
          0.0000
          0.0000
          0.0000
          0.0000
          0.0000
          0.0000
          0.0000
          0.0000
          0.0000
          0.0000
          0.0000
          0.0000
          0.0000
          0.0000
          0.0000
          0.0000
          0.0000
          0.0000
          0.0000
         40.7068
         80.1321
        118.5165
         52.4975
          0.0000
          0.0000
          0.0000
          0.0000
          0.0000
          0.0000
          0.0000
          0.0000
          0.0000
          0.0000
          0.0000
          0.0000
          0.0000
          0.0000
          0.0000
          0.0000
          0.0000
          0.0000
          0.0000
          0.0000
          0.0000
         13.6592
         27.4641
          5.7233
          0.0000
          0.0000
          0.0000
          0.0000
          0.0000
          0.0000
          2.7775
          0.0000
          0.0000
          0.0000
          0.0000
          0.0000
          0.0000
          0.0000
          0.0000
         26.8321
         61.0589
         62.4602
         68.5478
          9.9718
          0.0000
          0.0000
          0.0000
          0.0000
          0.0000
          0.0000
          0.0000
          0.0000
          0.0000
          0.0000
          0.0000
          0.0000
          0.0000
          0.0000
         13.0709
          5.2634
          0.0000
         18.9520
         43.8775
         66.1093
         86.7037
         41.9887
          1.3481
          0.0000
          0.0000
          0.0000
         16.6075
         24.0179
         29.5437
         34.7243
         43.7327
         12.2894
         23.8061
          7.2054
          0.0000
          0.0000
         24.7125
          0.0000
          0.0000
          0.0000
         35.4308
         28.4495
         22.0157
          0.0000
          0.0000
          0.0000
          0.0000
          0.0000
          0.0000
          0.0000
          0.0000
          0.0000
          9.7893
         17.7287
         41.2026
         27.0182
         44.0243
         48.2103
         46.1036
         19.2768
          0.0000
          0.0000
          0.0000
          0.0000
          0.0000
          0.0000
          0.0000
          0.0000
         13.3080
          0.0000
          0.0000
          0.0000
          0.0000
          0.0000
          0.0000
          0.0000
          2.7686
          0.0000
          0.0000
          0.0000
          0.0000
          0.0000
          0.0000
          0.0000
         10.2935
          0.0000
          0.0000
         14.6073
         97.3048
         60.0864
         50.5984
          6.1188
          0.0000
          0.0000
          0.0000
          0.0000
          0.0000
          0.0000
          0.0000
          0.0000
         12.9990
          0.0000
          0.0000
          0.0000
          0.0000
          0.0000
          2.6231
          9.1001
         12.7626
          0.0000
          0.0000
          0.0000
          0.0000
          0.0000
          0.0000
          0.0000
          2.9134
          0.0000
          0.0000
          0.0000
          0.0000
          0.0000
          0.0000
          0.0000
          5.4971
          0.0000
          0.0000
          0.0000
          0.0000
          0.0000
          0.0000
          0.0000
         17.4921
          1.9224
          0.0000
         20.2647
         65.4719
         12.5377
          0.0000
          0.0000
         17.8326
          0.0000
          0.0000
          0.0000
          2.7395
          0.0000
          0.0000
          0.0000
         25.1836
         42.3120
         58.7796
         92.7072
        153.2299
         82.5369
         31.6731
          0.0000
          0.0000
         14.3874
         46.6564
         32.1288
         22.1736
          0.0000
          0.0000
          0.0000
         29.9227
          0.0000
          0.0000
          0.0000
          0.0000
          0.0000
          0.0000
          0.0000
          0.0000
          0.0000
          0.0000
          0.0000
          0.0000
          0.0000
          0.0000
          0.0000
         31.8672
         19.5582
          6.0658
          0.0000
          0.0000
          0.0000
          0.0000
          0.0000
          0.0000
          0.0000
          0.0000
          0.0000
          0.0000
          0.0000
          0.0000
          3.4361
         45.2819
          0.0000
          0.0000
          0.0000
          0.0000
          0.0000
          0.0000
          0.0000
          0.0000
          0.0000
          0.0000
          0.0000
          0.0000
          0.0000
          0.0000
          0.0000
          2.9859
          0.0000
          0.0000
          0.0000
          0.0000
          0.0000
          0.0000
          0.0000
         12.4306
         13.3782
         17.7971
          0.0000
          0.4897
          0.0000
          0.0000
          0.0000
          0.0000
          0.0000
          0.0000
          0.0000
          0.0000
          0.0000
          0.0000
          0.0000
          0.0000
          0.0000
          2.7384
         44.4974
        103.0785
         89.4171
         85.2069
          0.0000
          0.0000
          0.0000
          0.0000
          0.0000
          0.0000
          0.0000
          0.0000
          0.0000
         17.8289
          0.0000
          0.0000
          0.0000
          0.0000
          6.2944
         20.2208
         16.4320
         10.5121
         11.7624
         14.4785
          0.0000
          0.0000
          0.0000
          0.0000
          0.0000
          0.0000
          0.0000
          0.0000
          0.0000
          0.0000
          0.0000
          0.0000
          0.0000
         47.4970
         95.3177
        163.9243
         35.2277
          0.0000
          0.0000
         34.9676
         46.1118
         48.3411
         21.6062
          0.0000
          0.0000
         16.9040
          0.0000
          3.9691
          0.0000
          0.0000
          0.0000
         12.7717
          0.0000
          0.0000
          0.0000
          0.0000
          0.0000
         10.8111
          0.0000
          0.0000
          7.3758
         95.7647
         44.5572
          0.0000
         29.3887
         50.0769
          9.0345
          0.0000
          0.0000
          0.0000
          0.0000
          0.0000
          0.0000
          0.0000
          0.0000
          0.0000
          0.0000
          0.0000
          0.0000
          0.0000
          0.0000
         60.6656
         18.1557
          0.0000
          0.0000
          0.0000
          0.0000
          0.0000
          0.0000
          0.0000
          9.0404
         44.5455
         50.8576
         72.7122
         48.9955
         28.0609
          0.0000
          0.0000
          0.0000
          0.0000
          0.0000
          0.0000
          0.0000
          0.0000
          0.0000
          0.0000
          0.0000
          0.0000
          0.0000
          0.0000
          0.0000
          0.0000
          0.0000
          0.0000
          0.0000
          0.0000
          0.0000
          0.0000
          0.0000
          0.0000
          0.0000
          9.2422
          0.0000
          0.0000
          0.0000
          0.0000
          0.0000
          0.0000
          0.0000
          0.0000
          0.0000
          0.0000
          0.0000
          0.0000
          0.0000
          0.0000
          0.0000
          0.0000
          0.0000
          0.0000
          0.0000
          0.0000
          0.0000
          0.0000
          0.0000
          0.0000
          0.0000
          0.0000
          0.0000
          0.0000
          0.0000
          0.0000
          0.0000
          0.0000
          0.0000
          0.0000
          0.0000
          0.0000
          0.0000
          0.0000
          0.0000
          0.0000
          3.6638
         15.0831
         36.6792
         67.7433
          0.0000
          0.0000
          0.0000
          0.0000
          0.0000
          0.0000
          0.0000
          0.0000
          0.0000
          0.0000
          0.0000
          0.0000
          0.0000
          0.0000
          0.0000
          0.0000
          0.0000
          0.0000
          0.0000
          0.0000
          0.0000
          0.0000
          0.0000
          0.0000
          0.0000
          0.0000
          0.0000
          0.0000
          0.0000
          0.0000
          0.0000
          0.0000
          0.0000
          0.0000
          0.0000
          0.0000
          0.0000
          0.0000
          0.0000
          0.0000
          0.0000
          0.0000
          0.0000
          3.2287
          0.0000
          0.0000
          0.0000
          0.0000
          0.0000
          0.0000
          0.0000
          0.0000
          0.0000
          0.0000
          0.0000
          0.0000
          0.0000
          0.0000
         21.4644
         54.4188
         55.3710
         58.4160
          0.0000
          0.0000
          0.0000
          0.0000
          0.0000
         29.7471
          0.0000
          0.0000
          0.0000
          0.0000
          0.0000
          0.0000
          0.0000
          0.0000
          0.0000
          0.0000
          0.0000
          0.0000
          0.0000
          0.0000
          0.0000
          0.0000
          0.0000
          0.0000
          0.0000
          0.0000
          0.0000
          0.0000
          0.0000
         21.8992
          0.0000
          0.0000
          0.0000
          0.0000
          0.0000
          0.0000
          0.0000
          0.0000
          0.0000
          0.0000
          0.0000
          0.0000
          0.0000
          0.0000
          0.0000
         16.9385
          0.0000
          0.0000
          0.0000
          0.0000
          0.0000
          0.0000
          0.0000
          2.0450
          0.0000
          0.0000
          0.0000
          0.0000
          0.0000
          0.0000
          0.0000
          0.0000
          0.0000
          0.0000
          0.0000
          0.0000
          0.0000
          0.0000
          0.0000
          0.0000
          0.0000
          0.0000
          0.0000
          0.0000
          0.0000
          0.0000
          0.0000
          0.0000
          0.0000
          0.0000
          0.0000
          0.0000
          0.0000
          0.0000
          0.0000
          4.9430
          0.0000
          0.0000
          0.0000
         10.1787
          0.0000
         50.9477
          7.2136
          0.0000
          0.0000
         27.6450
         22.3967
         51.5285
          3.1225
          0.0000
          0.0000
         88.1798
         68.9575
         46.2528
          0.0000
          0.0000
          0.0000
          0.0000
          0.0000
          0.0000
          0.0000
          0.0000
          0.0000
          0.0000
          0.0000
          0.0000
          0.0000
          0.0000
          0.0000
          0.0000
          0.0000
          7.2675
         36.4396
         79.7366
         62.9057
         85.8829
         63.5065
         41.5161
         12.7741
          0.0000
         18.4457
         58.6023
         11.6538
          0.0000
          0.0000
          0.0000
          0.0000
          0.0000
          0.0000
          0.0000
          8.8586
         41.2391
         31.9483
         26.5028
          0.0000
          0.0000
          0.0000
          0.0000
          0.0000
          0.0000
          0.0000
          0.0000
          0.0000
          0.0000
          0.0000
          0.0000
          1.6769
         36.4333
         13.7638
          0.0000
          0.0000
          0.0000
          0.0000
         44.1096
         27.2530
         20.7239
          0.0000
          0.0000
          5.3724
         55.1727
         32.4744
         30.9339
          0.0000
          0.0000
          0.0000
          0.0000
          0.0000
          0.0000
          0.0000
          0.0000
          0.0000
          0.0000
          0.0000
          0.0000
          0.0000
          0.0000
          0.0000
          0.0000
          0.0000
          2.3834
          3.1264
         13.2213
          0.0000
          0.0000
          0.0000
          0.0000
          0.0000
          0.0000
          0.0000
          0.0000
          0.0000
          0.0000
          0.0000
          0.0000
          0.0000
          0.0000
          0.0000
          0.0000
          0.0000
          0.0000
          0.0000
          0.0000
          0.0000
          0.0000
          0.0000
          0.0000
          0.0000
          0.0000
          0.0000
          0.0000
          0.0000
          0.0000
          0.0000
          0.0000
          0.0000
          0.0000
          0.0000
          0.0000
          0.0000
          0.0000
          0.0000
          0.0000
          0.0000
          0.0000
          0.0000
          0.0000
          0.0000
          0.0000
          0.0000
          0.0000
          0.0000
          0.0000
          0.0000
          0.0000
          0.0000
          0.0000
          0.0000
          0.0000
          0.0000
         16.9447
         15.1707
          0.0000
          0.0000
         17.8519
          0.0000
          0.0000
          0.0000
          0.0000
          0.0000
          0.0000
          0.0000
          0.0000
          0.0000
          0.0000
          0.0000
          0.0000
          0.0000
          0.0000
          0.0000
          0.0000
          0.0000
          2.5048
          0.0000
          0.0000
          0.0000
          0.0000
          0.0000
          0.0000
          0.0000
          0.0000
          0.0000
          0.0000
          0.0000
          0.0000
          0.0000
          0.0000
          0.0000
          0.0000
          0.0000
          0.0000
          0.0000
          0.0000
          0.0000
          0.0000
          0.0000
          0.0000
          0.0000
          0.0000
          0.0000
          0.0000
          0.0000
          6.3059
          0.0000
          0.0000
          0.0000
          0.0000
          0.0000
          0.0000
          0.0000
          0.0000
          0.0000
          0.0000
          0.0000
          0.0000
          0.0000
          0.0000
          0.0000
          0.0000
          0.0000
          0.0000
          0.0000
          0.0000
          0.0000
          0.0000
          0.0000
          0.0000
          0.0000
          0.0000
          0.0000
          0.0000
          0.0000
          0.0000
          0.0000
          0.0000
          0.0000
          0.0000
          0.0000
          0.0000
          0.0000
          0.0000
          0.0000
          0.0000
          0.0000
          0.0000
          0.0000
          0.0000
          0.0000
          0.0000
          0.0000
          0.0000
          0.0000
          0.0000
          0.0000
          0.0000
          0.0000
          0.0000
          0.0000
          0.0000
          0.0000
          0.0000
          0.0000
          0.0000
          0.0000
          0.0000
          0.0000
          0.0000
          0.0000
          0.0000
          0.0000
          0.0000
          0.0000
          0.0000
          0.0000
          0.0000
          0.0000
          0.0000
          0.0000
          0.0000
          0.0000
          0.0000
          0.0000
          0.0000
          0.0000
          0.0000
          0.0000
          0.0000
          0.0000
          8.1562
          0.0000
          0.0000
          0.0000
          0.0000
          0.0000
          0.0000
          0.0000
          0.0000
          0.0000
          0.0000
          0.0000
          0.0000
          0.0000
          0.0000
          0.0000
          0.0000
          0.0000
          0.0000
          0.0000
          0.0000
          0.0000
          0.0000
          0.0000
          0.0000
          0.0000
          0.0000
          0.0000
          0.0000
          0.0000
          0.0000
          0.0000
          0.0000
          0.0000
          0.0000
          0.0000
          0.0000
          0.0000
          0.0000
         27.8510
         62.5415
          9.9954
          0.0000
          0.0000
          0.0000
          0.0000
          0.0000
          0.0000
          0.0000
          0.0000
          0.0000
          0.0000
          0.0000
          0.0000
          0.0000
          0.0000
          0.0000
          0.0000
          0.0000
          0.0000
          0.0000
          0.0000
          0.0000
          0.0000
          0.0000
          0.0000
         36.9420
          0.0000
          0.0000
         10.2691
         29.8231
         60.3866
         91.8689
         10.8046
          0.0000
          0.0000
          0.0000
          0.0000
         63.2873
         29.8054
         22.2637
          0.0000
          0.0000
          0.0000
          0.0000
          0.0000
          0.0000
          0.0000
         22.8144
          0.0000
          0.0000
          0.0000
          0.0000
          0.0000
          0.0000
          0.0000
          0.0000
          0.0000
          0.0000
          0.0000
          0.0000
          0.0000
          0.0000
          0.0000
          0.0000
          0.0000
          0.0000
          0.0000
          0.0000
          0.0000
          0.0000
          0.0000
          0.0000
          0.0000
          0.0000
          0.0000
          0.0000
          0.0000
          0.0000
          0.0000
          0.0000
          0.0000
          0.0000
          0.0000
          0.0000
          0.0000
          4.4364
          0.0000
          0.0000
          0.0000
          0.0000
          0.0000
          0.0000
          0.0000
          0.0000
          0.0000
          0.0000
          0.0000
          0.0000
          0.0000
          0.0000
          0.0000
          0.0000
          0.0000
         26.6345
          0.0000
          0.0000
          0.0000
          0.0000
          0.0000
          0.0000
          0.0000
          0.0000
          0.0000
         23.6897
          0.0000
          0.0000
          0.0000
          0.0000
          0.0000
          0.0000
          0.0000
          0.0000
          0.0000
          0.0000
          0.0000
          0.0000
          0.0000
          0.0000
          0.0000
          0.0000
          0.0000
          0.0000
          0.0000
          0.0000
          0.0000
          0.0000
         10.7818
         66.6763
          0.5090
          0.0000
          9.1562
         28.4213
          1.3931
          5.7496
         54.9703
        103.4357
         55.9229
          6.8396
          6.3332
         96.7923
         76.8794
        156.2138
         39.5951
          0.0000
          0.0000
          0.0000
          0.0000
          0.0000
          0.0000
          0.0000
          0.0000
          0.0000
          0.0000
          0.0000
          0.0000
          0.0000
          0.0000
          0.0000
          0.0000
          0.0000
          0.0000
          0.0000
          0.0000
          0.0000
         21.5388
          0.0000
          0.0000
          0.0000
          0.0000
          0.0000
          0.0000
          0.0000
          0.0000
          0.0000
          0.0000
          0.0000
          0.0000
          0.0000
          0.0000
          0.0000
          0.0000
          0.0000
          0.0000
          0.0000
          0.0000
          0.0000
          0.0000
          0.0000
          0.0000
          0.0000
          0.0000
          7.5605
         17.4819
          0.0000
          0.0000
          0.0000
          0.0000
          0.0000
          0.0000
         56.7611
          0.0000
          0.0000
          0.0000
         42.2323
         65.9024
        120.5508
        111.9086
        121.0290
         37.9338
          0.0000
          0.0000
          0.0000
          0.0000
          0.0000
         45.7304
         88.0031
         20.8962
          0.0000
          0.0000
          0.0000
         33.7781
         92.4254
          0.0000
          0.0000
          0.0000
          0.0000
          0.0000
          0.0000
          0.0000
          0.0000
          0.0000
          0.0000
          0.0000
          0.0000
          0.0000
          6.4974
          0.0000
          2.2991
          0.0000
          0.0000
          0.0000
          0.0000
          0.0000
          0.0000
          0.0000
          0.0000
          0.0000
          0.0000
          0.0000
          0.0000
          0.0000
          0.0000
          0.0000
          0.0000
          0.0000
         46.5600
         11.0612
         16.5948
         54.2507
         99.0104
         67.9777
         62.6201
          0.0000
          0.0000
          0.0000
          0.0000
          0.0000
          0.0000
          0.0000
          0.0000
          0.0000
         10.0152
         21.7228
         32.7987
         22.1059
         41.7564
         30.3959
          0.0000
          0.0000
          0.0000
          0.0000
          0.0000
          0.0000
          0.0000
          0.0000
          0.0000
          0.0000
          0.0000
          0.0000
          0.0000
          0.0000
          0.0000
          0.0000
          0.0000
          0.0000
          0.0000
          0.0000
          0.0000
          0.0000
          0.0000
          0.0000
          0.0000
          0.0000
          0.0000
          0.0000
          0.0000
          0.0000
          0.0000
          0.0000
          0.0000
          0.0000
          0.0000
          0.0000
          0.0000
          0.0000
          0.0000
          0.0000
          0.0000
          0.0000
          0.0000
          0.0000
          0.0000
          0.0000
          0.0000
          0.0000
          0.0000
          0.0000
          0.0000
          0.0000
          0.0000
          0.0000
          0.0000
          0.0000
          0.0000
          0.0000
          0.0000
          0.0000
          0.0000
         26.8493
         64.9264
         31.2314
          0.0000
          0.0000
          0.0000
         19.2526
         93.0092
         56.4529
         37.7512
          0.0000
          0.0000
          0.0000
          0.0000
          0.0000
          0.0000
          0.0000
         53.9133
          0.0000
          7.2227
          0.0000
         64.1728
         56.8367
         46.4986
          0.0000
          0.0000
          0.0000
         13.3399
          0.0000
          0.0000
          0.0000
          0.0000
          0.0000
          6.5278
          0.0000
          0.0000
          0.0000
          0.0000
          0.0000
          0.0000
          0.0000
          0.0000
          0.0000
          0.0000
          0.0000
          0.0000
          0.0000
          0.0000
          0.0000
          0.0000
          0.0000
         29.4212
          0.0000
          0.0000
          0.0000
          0.0000
          0.0000
         34.3410
          0.0000
          0.0000
          0.0000
          0.0000
          0.0000
          6.1136
          0.0000
          0.0000
          0.0000
          0.0000
          0.0000
          0.0000
          0.0000
          0.0000
          5.6225
         96.5254
         86.1023
         74.8584
          5.9122
          0.0000
          0.0000
          0.0000
          0.0000
          0.0000
          0.0000
          0.0000
          0.0000
          0.0000
          0.0000
          0.0000
          0.0000
          0.0000
          0.0000
          0.0000
          0.0000
          8.6110
          0.0000
          0.0000
          0.0000
          0.0000
          0.0000
          0.0000
          0.0000
          0.0000
          0.0000
          0.0000
          0.0000
          0.0000
          0.0000
         29.0711
          0.0000
          0.0000
          0.0000
          0.0000
          0.0000
          0.0000
          0.0000
          0.0000
          0.0000
          0.0000
          0.0000
          0.0000
          0.0000
          0.0000
          0.0000
          0.0000
          0.0000
          0.0000
          0.0000
          0.0000
          0.0000
          0.0000
          0.0000
          0.0000
          0.0000
          0.0000
          0.0000
          0.0000
          0.0000
         13.6076
          0.0000
          2.9529
          0.0000
          0.0000
          0.0000
          0.0000
          0.0000
          0.0000
          0.0000
          0.0000
          0.0000
          0.0000
          0.0000
          0.0000
          0.0000
          0.0000
          0.0000
          0.0000
          0.0000
          0.0000
          0.0000
          0.0000
          0.0000
          0.0000
          0.0000
          0.0000
          0.0000
         15.6459
          0.0000
          0.0000
          0.0000
          0.0000
          0.0000
          0.0000
          0.0000
          0.0000
          0.0000
          0.0000
          0.0000
          0.0000
          3.1765
         46.6238
          0.0000
          0.0000
          0.0000
          0.0000
          0.0000
          0.0000
          0.0000
         27.9924
          0.0000
          0.0000
          0.0000
          0.0000
          0.0000
         18.1257
          0.0000
          0.0000
          0.0000
          0.0000
          0.0000
          0.0000
          0.0000
          0.0000
          0.0000
          0.0000
          0.0000
          0.0000
          0.0000
          0.0000
          0.0000
          0.0000
         21.2011
         38.6046
          0.0000
          0.0000
          0.0000
          0.0000
          0.0000
         12.6407
          9.4476
          0.0000
          0.0000
          0.0000
          0.0000
          0.0000
          0.0000
         22.9871
         18.1273
         35.5641
          0.0000
          0.0000
          0.0000
          0.0000
          0.0000
          0.0000
          0.0000
          0.0000
          0.0000
          0.0000
          0.0000
          0.0000
          0.0000
          0.0000
          0.0000
          0.0000
          0.0000
          0.0000
          0.0000
          0.0000
          0.0000
          0.0000
          0.0000
          0.0000
          0.0000
          0.0000
          0.0000
          0.0000
          0.0000
          0.0000
         20.0460
         89.6533
         20.9956
          0.0000
          0.0000
          0.0000
          0.0000
          0.0000
          0.0000
          0.0000
          0.0000
          0.0000
          0.0000
          0.0000
          0.0000
          0.0000
          0.0000
          0.0000
          0.0000
          0.0000
          0.0000
          0.0000
          0.0000
          0.0000
          0.0000
          0.0000
          0.0000
          0.0000
          0.0000
          0.0000
          0.0000
          0.0000
          8.9482
         54.2437
         16.5053
          0.0000
          0.0000
          0.0000
          0.0000
          0.0000
          0.0000
          0.0000
          0.0000
          0.0000
          0.0000
          0.0000
          0.0000
          0.0000
          0.0000
          0.0000
          0.0000
          0.0000
          0.0000
          0.0000
          0.0000
         56.6116
         36.6604
         17.8978
          0.0000
          0.0000
          0.0000
          0.0000
          0.0000
         26.4749
          0.0000
          0.0000
          0.0000
          0.0000
          0.0000
          0.0000
          0.0000
          0.0000
          0.0000
          0.0000
          0.0000
          0.0000
          0.0000
          0.0000
          0.0000
          0.5411
          0.7824
          1.7405
          0.0000
          0.0000
          0.0000
