          0.0000
          0.0000
          0.0000
          0.0000
          0.0000
          0.0000
          0.0000
          0.0000
          0.0000
          0.0000
          0.0000
          0.0000
          0.0000
          0.0000
          0.0000
          0.0000
          0.0000
          0.0000
          0.0000
          0.7172
          4.9669
          0.0000
          0.0000
          0.0000
          0.0000
          0.0000
          0.0000
          0.0000
          6.0698
          0.0000
          0.0000
          0.0000
          1.1153
          6.2785
          0.0000
         17.7905
         20.6335
         25.0316
         98.6691
          0.0000
          0.0000
          0.0000
          0.0000
         17.0382
         -2.7532
          0.0000
         24.1834
          0.0000
          0.0000
          0.0000
          1.4085
         14.5776
         39.1268
        105.4567
        153.5112
         36.8669
          0.0000
          0.0000
          0.0000
          0.0000
         11.9817
         10.4751
         68.7849
         77.9549
         24.1447
          1.3134
          0.7543
          0.0000
          0.0000
          0.0000
          0.0000
         32.1944
         -9.7768
        -11.6680
         10.9517
         73.3737
         42.4936
          0.3586
         34.6771
        138.6037
        172.5040
        111.9666
         65.5418
          1.3957
          0.0000
          0.0000
          0.0000
          0.0000
          0.0000
          0.0000
          0.0000
          0.0000
          0.0000
          0.0000
         64.0577
         93.0226
         37.3505
         73.2776
        130.4147
        149.8900
         63.5427
          0.0000
          0.0000
          0.0000
          0.0000
          0.0000
          0.0000
          0.0000
          0.0000
          0.0000
         18.9627
         23.1076
         54.1515
          5.5935
         -0.2897
         -2.9556
         -1.2067
         -2.6237
         66.8282
         52.4067
          5.3057
          0.0000
          0.0000
          0.0000
          0.6692
          0.0000
          0.0000
          0.0000
          0.0000
          0.0000
          0.0000
          0.0000
          0.0000
         80.1725
         51.8590
          0.0000
         -2.4730
         -2.5637
         -3.3979
          3.2579
          3.4601
        182.4496
          1.0973
          0.0000
          0.0000
         13.4179
         15.9905
         23.8062
         49.1885
        122.4011
          8.9228
          0.0000
          7.7646
         44.0676
         43.3805
          0.0000
          0.0000
          0.0000
          0.0000
          0.0000
          0.0000
         15.3541
          0.0000
          0.0000
          0.0000
          0.0000
          0.0000
          0.0000
          0.0000
          0.0000
          0.0000
          0.0000
          0.1446
          0.0000
          0.0000
          0.0000
          0.0000
          0.0000
          0.0000
          2.3536
          5.2887
          0.0000
          0.0000
          0.0000
          0.0000
          0.0000
          0.0000
         12.0187
          4.9647
          0.0000
          0.0000
          0.0000
         16.6486
         15.5222
         21.3701
          5.1440
          5.1179
          2.0161
         64.6051
         57.1063
         88.9152
        124.4417
        101.9186
         90.4298
        -23.8536
          0.0000
          6.4775
         61.3069
         13.8091
          0.0000
          7.6808
          0.0000
          0.0000
          0.0000
         93.6110
        118.0324
         22.6517
         18.7377
         28.5861
         25.5551
         18.0117
          0.0000
         63.5991
         98.7276
         16.0212
         18.6340
          0.0000
          0.0000
          0.0000
          0.0000
          0.0000
          0.0000
          0.0000
          0.0000
          0.0000
          0.0000
          0.0000
          0.0000
          0.0000
          0.0000
          0.0000
          0.0000
          0.0000
          0.0000
          7.0389
         19.1725
         95.8788
         33.4744
          0.0000
          0.0000
          0.0000
          0.0000
          1.0036
          0.0000
         47.3651
          0.0000
          0.0000
          0.0000
          0.0000
          0.0000
         41.0786
          0.0000
          0.0000
          0.0000
          0.0000
          0.0000
          0.0000
          0.0000
          7.4812
          0.4235
          2.6826
         69.2180
        141.7515
         95.0767
         24.2885
          0.0000
          0.0000
          0.0000
          1.1616
        120.7719
         23.7280
         -5.9953
        -11.6205
         -3.5957
        -19.9555
          0.0000
          0.0000
        188.7714
          0.0000
         16.9060
          0.0000
          0.0000
          0.0000
          0.0000
         73.3554
         39.4690
          7.8680
         -4.2603
         10.3372
          6.9557
          0.0000
        217.3822
        258.4340
         93.7520
          0.0000
          0.0000
          0.0000
          0.0000
          3.1841
         11.8200
          3.1439
          0.0000
          0.0000
          0.0000
          0.0000
          0.0000
          0.0000
          0.0000
          0.0000
          0.0000
         14.5301
         12.4895
         10.7133
         29.6745
         38.6132
         29.2887
        123.0489
         92.2789
         53.1783
         12.4808
         12.4868
        137.7210
        200.8099
         61.0105
         -0.9105
          0.0000
          0.0000
          0.0000
          0.0000
         60.1849
         57.8774
          0.0000
          0.0000
         10.5668
         28.8703
          4.4927
         -3.2371
         -8.7510
        -19.1860
        -13.5569
          8.0147
         29.9344
         -0.4483
         27.3124
        110.1835
        110.8084
         32.7919
         30.9919
          0.0000
         18.6948
         20.5137
         11.9492
          0.0000
          3.3474
          8.6313
         15.2256
         93.8626
         42.0974
          0.0000
          0.0000
          0.0000
          0.0000
          0.0000
          0.0000
         29.2500
         74.6637
         42.0894
          0.5843
          7.3691
          2.4864
          0.0000
          0.0000
        100.1141
        170.9700
         25.4498
          0.0000
          0.0000
          0.0000
         20.1957
          0.0000
         32.6202
         25.8313
          0.0000
          0.0000
          0.0000
          0.0000
          0.0000
          0.0000
          0.0000
          0.0000
          0.0000
          0.0000
          0.9706
         22.3644
         30.7709
          2.1114
          0.0000
          0.0000
          7.9761
         26.6913
        106.2165
        202.6856
         67.0654
          0.0000
          0.0000
          0.0000
          0.0000
          0.0000
          0.0000
          0.3882
         21.0439
         83.0239
         44.0887
          0.0000
          0.0000
          0.0000
          0.6709
         12.4818
         37.0322
         97.9235
          0.0000
          0.0000
          0.0000
          0.0000
          0.9832
         10.1489
         21.3683
         82.7197
          0.0000
          0.0000
          0.0000
          1.6385
        -11.5434
          9.2500
         15.2868
          7.3663
        176.9486
          8.8234
          0.0000
          0.0000
         30.1634
         23.9255
         91.6586
        206.4469
        123.3609
         28.4388
          0.0000
          0.0000
          0.0000
          0.0000
          0.0000
          0.0000
          0.0000
          0.0000
          0.0000
          0.0000
          0.0000
          0.0000
          0.0161
          0.0000
         23.6009
         38.5237
          0.0000
          0.0000
         11.6360
         50.0097
         19.3785
         18.4643
         76.3343
         73.0210
        212.5950
        258.1114
        213.5372
        108.2522
         48.4214
          0.0000
          0.0000
          0.0000
          0.0000
          0.0000
          0.0000
          0.0000
          0.0000
          0.0000
          0.0000
          0.2346
          0.9389
         10.1157
         12.4539
          9.2739
         53.6685
         61.8511
         27.6994
         47.1811
          0.0000
          0.0000
         21.2794
         57.2086
          0.0000
          0.0000
         64.2557
         35.0444
          0.0000
          0.0000
          0.0000
          0.0000
          0.0000
          0.0000
          0.9090
          0.0000
          0.0000
          0.0000
          0.0000
          0.0000
          0.0000
          5.2783
         91.1442
        170.7886
        194.9926
        206.4616
        175.1269
        212.3929
        206.2240
          0.0000
          0.0000
          0.0000
          0.0000
          0.0000
          0.0000
          0.0000
          0.0000
          0.0000
          0.0000
          0.0000
          0.0000
          0.0000
          0.0000
          0.0000
          0.0000
          0.0000
          0.0000
         47.5791
         10.1757
        -31.2815
        -15.2422
          2.9127
         -6.0859
        121.4602
        226.7332
        143.6894
        157.6481
        161.5746
        177.2218
        153.4138
        102.0086
         43.2642
          0.0000
          0.0000
          0.0000
          0.0000
          0.0000
          0.0000
          0.0000
          2.9408
         87.0471
         43.6058
        -16.4780
         -2.4652
          0.0000
          0.0000
         24.2221
         96.7199
         81.7807
         14.5295
          1.4906
          0.0000
          0.0000
          0.0000
          0.0000
          0.0000
          0.0000
          0.0000
          0.0000
          0.0000
          0.0000
          0.0000
          0.0000
          0.0000
          0.0000
          0.0000
          0.0000
          0.0000
          0.0000
          0.0000
          0.0000
          0.0000
          0.0000
          0.0000
          0.0000
         19.6844
          6.1020
          6.3956
          0.0000
          0.0000
          0.0000
          0.0000
          0.0000
         25.1676
         52.3737
        123.0391
        164.9166
        100.8722
          0.0000
          0.0000
          0.0000
          0.0000
          6.4127
        102.8584
        130.8431
          0.0000
          0.0000
          0.0000
          0.0000
          0.1434
         11.3146
        120.7125
        112.6541
          0.0000
          0.0000
          0.0000
          0.0000
         23.7467
         26.1872
         31.7862
         -5.9809
         60.6612
         36.6286
         41.2710
         37.5988
         18.3790
         31.8961
         84.5102
         35.7867
          0.0000
         10.5834
         93.1378
         35.8316
          0.4602
          7.6653
         38.0058
        111.4056
         39.5064
          0.0000
          0.0000
          0.0000
          0.0000
          0.0000
          0.0000
          0.0000
          0.0000
          0.0000
          0.0000
          0.0000
          0.0000
          0.0000
          0.0000
          0.7429
          0.0000
         44.2502
         67.9696
         27.3311
         30.9797
         25.8358
         46.1623
        132.0096
        106.6963
          0.0000
         89.0114
        134.7664
        168.5808
         30.7606
          0.0000
          0.0000
          0.0000
          0.0000
          0.0000
          0.0000
          0.0000
          0.0000
          0.0000
          0.0000
          0.0000
         13.1933
         20.0262
        -10.0035
        -11.0770
         -6.1798
         -3.8590
         -0.5075
        -24.2918
        -16.0466
        -21.2651
        -29.2114
         59.6274
         99.8835
          0.0000
          0.0000
         20.8968
         52.1928
          0.0000
         18.3733
         12.4587
         23.9958
         63.0944
        122.6285
        262.2193
         54.2410
          0.0000
          0.0000
          0.0000
          0.0000
          0.0000
          0.0000
          0.0000
        105.8905
         82.4244
          0.0000
          0.0000
          0.0000
          0.0000
          0.0000
          0.0000
          0.0000
          0.0000
          0.0000
          0.0000
        -18.5293
         -9.6494
         -5.8960
         -2.3888
         57.8758
          8.1857
        -10.7306
          0.0000
          0.0000
          0.0000
          0.0000
          0.0000
         63.3699
         90.2682
         58.4518
        -27.5532
        -17.4103
         -6.9890
          0.4342
          0.0000
          8.5824
          3.1262
          2.4299
          0.0000
          0.0000
          3.2703
          0.0000
          0.0000
          0.0000
          0.0000
         14.8356
         53.6808
         -3.2790
         -9.8029
          9.4737
          0.0000
          0.0000
          0.0000
          8.6168
          0.7249
         -0.7702
         24.9454
         32.6129
         80.5205
         16.2617
         11.7039
         29.4856
         85.5910
         23.5447
          0.0000
          0.0000
         11.3525
         58.2969
          2.7901
          0.1784
          0.0000
          0.0000
          0.0000
          0.0000
          0.0000
          0.0000
          0.0000
          6.4884
          9.7510
          3.4235
          0.0000
          1.3851
          0.0000
         18.9959
         26.2989
         22.5211
        129.3604
        179.8782
         61.8739
          0.0000
          0.0000
         10.6212
          1.0742
          8.3639
         -6.4557
        145.7296
        117.0411
         34.4554
         97.3758
        255.7273
        155.3808
          0.0000
          0.0000
          0.0000
          0.0000
          0.0000
          0.0000
         -1.4374
         -0.5656
         12.7835
         18.7184
          4.1847
          0.0000
          0.0000
          0.0000
          0.0000
          0.0000
          0.0000
          0.0000
          9.0252
          0.0000
         44.2814
        180.2118
        119.5691
          0.0000
          0.0000
          0.0000
          0.0000
          0.0000
          0.0000
          0.0000
          0.0000
          0.0000
          0.0000
          0.0000
          0.5300
          5.2536
         39.3131
          0.0000
         48.5512
         33.1871
         -8.6328
         -7.7447
          7.3125
         -0.8065
         -1.5622
         41.9203
          0.0000
          0.0000
          0.0000
         59.5993
        105.2341
         89.4285
          1.3150
          0.0000
         21.3539
          0.0000
          0.0000
          0.0000
          0.0000
          0.0000
          0.0000
         15.5971
         73.3402
         24.2001
         30.0744
         46.5417
         11.0976
          0.0000
          2.5127
         44.1265
        150.8989
         18.6855
          0.0000
          0.0000
          0.0000
          0.0000
          0.0000
          0.0000
         24.6769
          4.2975
          0.0000
         15.1528
         45.4184
          9.9201
          2.9066
         11.3478
        138.3291
        123.2287
          0.0000
          7.7895
          9.4876
          0.9604
          0.0000
          0.0000
         69.1176
         54.5185
         -4.0114
         -8.0088
          3.4968
          1.7447
        -15.8059
         67.0151
        115.8697
          0.0000
          0.0000
          0.0000
          0.0000
          0.0000
          0.0000
          0.0000
          9.6603
          0.0000
          0.0000
          0.0000
          0.0000
          0.0000
          0.0000
          0.0000
          0.0000
          0.0000
          0.0000
          0.0000
          1.9541
         31.1459
         22.3519
          3.1630
          5.8264
         83.3805
         91.4421
         32.7361
         24.3553
         61.6735
         46.4627
         21.6947
          2.6851
          0.0000
          0.0000
          0.0000
          0.0000
          0.0000
          0.0000
          0.0000
          0.0000
          0.0000
          0.0000
          2.0508
         16.8295
         10.1798
         -0.2796
          0.0000
          0.0000
         34.1450
          0.9991
         26.0002
        160.9973
        178.3236
        145.0249
        169.5286
         65.2040
          0.0000
          0.0000
          0.0000
          0.0000
          0.0000
          0.0000
          0.0000
         37.0161
         37.3856
         68.7438
         52.7768
          0.0000
          0.0000
          0.0000
          0.0000
          0.0000
          0.0000
          0.0000
          0.0000
          0.0000
          0.0000
          0.0000
          0.0000
          0.0000
          0.0000
         13.1318
          7.9603
          3.9667
         -3.7646
         -7.2889
          0.0000
         15.1374
          2.5525
         13.3060
         14.8191
         46.0694
         91.9654
        152.6661
        204.7453
        158.4067
         74.4058
          0.0000
          0.0000
          0.0000
          0.0000
          0.0000
          0.0000
          0.0000
         28.0945
         25.8587
         27.7225
         40.0927
         71.8159
         68.3866
         41.3955
        100.2715
         60.3912
          0.0000
          0.0000
          0.0000
          0.0000
          0.0000
          0.0000
          0.0000
          0.9806
          7.6510
          0.0000
          0.0000
          0.0335
          3.2054
         22.4509
         72.9448
         66.1239
         30.7996
        -19.0995
          0.0000
          0.0000
          0.0000
          0.0000
          0.0000
          0.0000
          0.0000
          0.0000
          0.0000
          0.0000
          0.9423
          0.0000
          0.0000
          0.0000
         16.2169
         23.1643
         25.7824
         18.0671
         -8.2065
        175.4687
        152.2920
          0.0000
          0.0000
          0.0000
          0.0000
          0.0000
          0.0000
          0.0000
          8.1889
          0.6759
          0.0000
          0.0000
          0.0000
          0.0000
          0.0000
          0.0000
          0.0000
          0.0000
          0.0000
          0.0000
          0.0000
          0.9962
         26.7886
         47.4569
         26.6919
         10.4868
          0.0000
          0.0000
          0.6483
          0.0000
          0.0000
          0.0000
          0.0000
          0.0000
          0.0000
          0.0000
          7.5379
          1.0965
          2.9988
          0.0000
        108.2164
         84.2149
         -6.6007
         -9.6003
          0.0000
          0.0000
          0.5119
          0.0000
         38.7908
          1.8211
          0.3409
          0.0000
         -0.5786
          0.0000
          0.0000
          0.0000
          0.0000
          0.0000
          0.0000
          0.0000
          0.0000
         69.1108
         60.7377
         54.4966
         98.9835
         14.7245
         -4.2104
          0.0000
          0.0000
          0.0000
          0.0000
          0.0000
          0.0000
          0.0000
          0.0000
          0.0000
         10.8478
         16.3586
          5.9035
         19.1976
         39.4757
        129.6342
         39.3088
         18.5507
         29.9127
         17.7696
         -0.0539
          0.0000
          0.0000
          0.0000
          0.0000
          0.0000
          0.0000
          0.0000
          0.0000
          0.0000
          2.0898
          0.0000
         12.4665
         18.1056
         20.5606
         17.4709
         25.7020
         29.1427
         80.5520
         19.7907
         12.3494
          7.7540
          0.0000
          0.0000
         50.4671
         92.1030
          0.0000
          0.0000
          0.0000
          0.0000
          0.0000
          0.0000
          0.0132
          0.0000
         10.9017
         25.9538
          0.0000
          0.0000
          0.0000
          0.0000
          0.0000
          0.0000
          0.0000
          0.0000
          0.0000
          2.7439
          8.1575
          0.0000
          0.0000
          0.0000
          0.0000
          0.0000
          0.0000
          0.0000
          0.0000
          0.0000
          0.0000
          0.0000
          0.0000
          0.0000
         14.8007
         45.1801
         42.8832
         13.0806
          7.1033
          0.0000
          0.0000
          0.0000
          0.0000
         11.0561
         21.6827
         17.2811
         -0.3104
          0.0000
          0.0000
          0.0000
          0.0000
          0.0000
          0.0000
          8.3211
         -2.5381
         25.2070
        103.9689
         60.0208
          0.0000
          1.0492
          0.0000
          0.0000
          0.7748
          0.0000
          0.0000
          0.0000
          0.0000
          0.0000
          0.0000
          0.0000
          0.0000
          0.0000
          0.0000
          0.0000
          0.0000
          0.0000
          0.0000
          0.0000
          0.0000
          0.0000
          0.0000
          2.6200
          1.9451
          1.6974
          0.0000
          0.0000
          0.0000
          0.0000
          0.0000
          0.0000
          0.0000
         40.4028
         18.9529
          6.6074
         71.5077
         76.8231
        180.7741
        215.1238
          0.0000
          0.0000
          0.0000
          0.0000
          0.0000
          0.0000
          0.0000
          0.0000
          0.0000
          0.0000
          0.0000
          0.0000
          0.0000
          0.0000
          0.0000
          0.0000
          0.0000
          0.0000
          0.0000
          0.0000
          0.0000
          0.0000
          0.0000
          0.0000
          0.0000
          0.0000
          0.0000
          0.0000
          0.0000
          0.0000
         -1.4910
          0.0000
          0.0000
          0.3986
          1.9015
          0.0000
          0.0000
         10.5867
          7.3830
          0.0000
          0.0000
          0.0000
          0.0000
          0.6944
         10.7840
          0.0000
          5.7464
         41.7511
          8.4414
          5.8208
         28.1351
          0.0000
          0.0000
         -0.9662
        200.1299
         88.9900
         13.7534
          0.0000
          0.0000
          4.0034
        104.9649
        187.5609
         27.4813
          0.0000
          0.0000
          0.0000
          0.1824
          0.0000
          6.3500
          3.9194
         23.2012
         58.2649
        163.0524
         84.3869
          6.7854
          0.0000
          0.0000
          0.0000
         -2.0914
         38.3140
         35.0250
          6.3136
          8.5929
          0.0000
          0.0000
          0.0000
          0.0000
          0.0000
          0.0000
          0.0000
         10.6167
          0.0000
          0.0000
          0.0000
          0.0000
          0.0000
          0.0000
          0.0000
          0.0000
          0.0000
          0.0000
          3.9582
         13.2195
          0.0000
          0.0000
          9.4011
          2.3835
          1.8602
          8.4449
          3.6955
          0.0000
          0.0000
          1.5858
          2.7192
          2.5328
         13.1786
         68.5276
         58.8843
         76.5742
          0.0000
          0.0000
          0.0000
          0.0000
          0.0000
          0.0000
          0.0000
          0.0000
          4.3821
         20.9966
         33.4949
         14.1949
         12.5194
          6.8045
        -13.5551
          7.4918
         98.8225
          0.0000
         35.2708
         17.2521
         60.9047
         72.1774
         43.0268
         -5.6452
          0.0000
          0.0000
          0.0000
          0.0000
         40.0725
          2.0764
          0.0000
          1.6427
          0.0000
          0.4375
          0.0000
          0.0000
          0.0000
          0.0000
          0.0000
          0.0000
          0.0000
          0.0000
          0.0000
          0.0000
          0.0000
          0.0000
          0.0000
          0.0000
          2.0654
         17.8967
         14.4070
         41.6004
        135.9056
         97.6548
         -2.6492
          6.6639
          0.0000
         10.1076
         27.2526
         19.5995
          6.2516
         -0.2151
          4.7015
         18.3282
          0.0000
          0.0000
          0.0000
          0.0000
          0.0000
          0.0000
          0.0000
          0.0000
          0.0000
          0.0000
          0.0000
          0.0000
          0.0000
          2.7911
          0.0000
          0.0000
          0.0000
          0.0000
          4.9422
          0.1629
          0.0000
          5.2507
          0.0000
          0.0000
          0.0000
          2.8247
          2.5692
          0.6592
          6.2551
          4.6669
         -0.3605
          0.0000
          0.0000
          0.0000
          7.2027
          0.0000
          8.1222
         29.9515
         47.9677
         54.1361
          0.0000
          0.0000
          0.0000
         11.9927
         32.6906
         43.5341
         31.5946
          0.0000
          0.0000
          0.0000
         17.9276
         12.9771
          0.0000
          0.0000
         53.9115
         72.8153
          0.0000
          4.5954
         26.9491
         31.1825
         34.5299
          9.7814
         10.0286
         91.8087
          0.0000
          0.0000
          1.1010
          0.0000
          0.0000
         10.7721
          0.0000
          0.0000
         56.0093
          0.0000
          0.0000
          0.0000
          0.0000
          0.0000
         -3.5497
         -9.4366
          7.2357
          7.2301
         31.1096
         19.6987
          2.1439
         25.2572
          0.0000
          0.0000
          0.0000
          0.0000
         25.0752
         13.9524
          3.6173
          2.3919
          0.0000
          0.0000
          0.0000
          0.0000
          3.7808
          0.0000
          0.7833
          0.0000
          0.0000
          0.0000
          0.0000
          5.9756
         26.9367
         11.6746
         -0.7334
          0.7256
          0.7046
          0.0000
          0.0000
          1.1394
          0.0000
         17.7170
          0.0000
          0.0000
          0.0000
          0.0000
          0.0000
          0.0000
         12.8295
         10.5513
          5.7848
          5.1864
          0.0000
          0.0000
          0.0000
          3.6931
         19.7140
         28.0525
         30.0323
         18.7281
          0.0000
          0.0000
          0.0000
         15.4535
         83.2431
         11.4076
          0.0000
          0.0000
          0.0000
          0.0000
          0.0000
          0.0000
          0.0000
          0.0000
          0.0000
          0.0000
          0.0000
          0.0000
          0.0000
          0.0000
          0.0000
          0.0000
          0.0000
          0.0000
          0.0000
          0.0000
          0.0000
         12.0611
         27.9873
          9.2858
         16.6208
         13.4071
          0.0000
          0.0000
          0.0000
          0.0000
          0.0000
          0.0000
          0.0000
          7.3239
          0.0000
          0.0000
          0.0000
          0.0000
          0.0000
          4.9978
          0.0000
          0.5175
         11.8254
          7.3254
          0.0000
          0.0000
          0.0000
          0.0000
          0.0000
          0.0000
         25.8434
          1.0687
          0.0000
          0.0000
          0.0000
          0.0000
          0.0000
          0.0000
          0.0000
         38.6430
          0.0000
          0.0000
          0.0000
          0.0000
          0.0000
          0.0000
          0.0000
         -0.9389
          0.0000
          0.5184
          3.4297
         14.1218
         -2.2800
          0.0000
         27.0801
         66.8179
         18.6062
          0.0000
          0.0000
          0.0000
          0.0000
          0.0000
          0.0000
          0.0000
          0.0000
          0.0000
          0.0000
          0.0000
          0.0000
          0.0000
          0.0000
          0.0000
          0.0000
          0.0000
          0.0000
          0.0000
          0.0000
          0.0000
          0.0000
          0.0000
          0.0000
          0.0000
          8.3801
          2.8679
          0.7545
         14.2600
          0.0000
         44.2894
         38.8111
          0.0000
         17.0042
         19.5504
         -0.8115
        -18.4017
          0.0000
          0.0000
         44.5217
         41.8578
         38.0826
         39.7725
         45.0826
         46.6466
         -8.2662
          0.0000
          0.0000
         16.3399
         13.8751
         16.1440
          7.3671
         -9.1732
         64.2482
         41.2831
          0.0000
          0.0000
          0.0000
          8.0776
          5.1619
         -4.1749
          0.0000
          0.0000
          7.9053
          0.0000
          0.0000
          0.0000
          0.0000
          0.0326
         15.0091
         50.3425
         23.6782
          5.8935
          7.0713
         11.9939
          0.0000
         17.4947
         49.3225
        126.5053
         54.9973
          0.0000
         -1.6357
          0.0977
         -1.7565
        -14.1222
          0.0000
         23.4677
          0.0000
          0.0000
          0.0000
          0.0000
          0.0000
          0.0000
          0.0000
          0.0000
          0.0000
          0.0000
          0.0000
          0.0000
          9.3529
          1.7761
         -2.0700
          0.0000
          0.0000
          1.6060
         13.2473
          9.0735
          1.4091
        -12.7570
        -16.8470
         -3.7119
          0.0000
          0.0000
          0.0000
          2.3168
          0.9572
          5.0390
          3.5658
         72.5233
          0.0000
         23.1589
         66.7202
          6.5131
          0.0000
        162.9653
        141.3956
         -0.0799
          0.0000
          0.0000
          0.0000
          0.0000
          0.0000
          0.0000
          0.0000
         -9.0694
         -1.8281
          0.0000
          0.0000
          0.0000
          0.0000
          0.0000
          0.0000
          0.0000
          0.0000
          0.0000
          0.0000
          0.0000
          0.0000
          0.0000
          0.0000
          0.0000
          0.0000
          0.0000
          0.0000
          0.0000
          0.0000
          0.0000
          0.0000
          0.0000
          0.0000
          0.0000
          0.0000
          0.0000
          0.0000
          0.0000
          0.0000
          0.0000
          0.0000
          0.0000
          0.0000
          0.0000
          0.0000
          0.0000
          0.0000
          0.0000
         14.9532
         22.2815
         28.3328
         10.6844
          0.0000
          0.0000
          0.0000
          0.0000
          0.0000
          0.0000
          0.0000
          0.0000
          0.0000
          0.0000
          0.0000
          0.0000
          0.0000
          0.0000
          0.0000
          0.0000
          0.0000
          0.0000
          0.0000
          0.0000
          0.0000
          0.0000
          0.0000
          0.0000
          0.0000
          3.9593
          0.0000
          0.0000
          0.0000
          0.0000
          0.3447
          0.0000
          0.0000
          0.0000
          0.0000
          0.0000
         82.0760
         20.8868
         20.8932
         13.1955
          6.4359
          2.9956
        -14.1930
         -8.5032
          0.0000
          0.0000
          4.6618
         -0.4942
          1.8611
          0.0000
          0.0000
          0.0000
          0.0000
          0.0000
          0.0000
          0.0000
          7.9613
          7.4461
          0.0000
          0.0000
          0.0000
          0.0000
          0.0000
          0.0000
         13.5964
         92.7577
          0.0000
          0.0000
          0.0000
          0.0000
          0.0000
          0.0000
          0.0000
          0.0000
          0.0000
          6.1448
         62.0615
        -10.8156
          0.0000
          0.0000
          0.0000
          0.0000
          0.0000
          0.0000
          0.0000
          0.0000
          0.0000
          0.0000
          0.0000
          0.0000
          0.0000
          0.0000
          0.0000
          0.0000
          0.0000
          0.0000
          0.0000
          0.0000
          0.0000
          0.0000
          0.0000
          0.0000
          0.0000
          0.0000
          0.0000
          0.0000
          0.0000
          0.0000
          0.0000
          0.0000
          0.0000
          0.0000
          0.0000
          0.0000
          0.0000
         11.7503
          7.6393
         35.0511
         62.0352
          0.9802
          0.0000
         18.8535
          0.0000
        119.1044
         49.3540
          0.0000
          0.0000
          0.0000
          5.3431
         -0.1816
          0.0000
        191.7585
        113.9179
          0.0000
          0.0000
          1.1439
          0.0000
          0.7311
          0.0000
          0.0000
          0.0000
          0.0000
         15.0267
         11.1441
          0.0000
          0.0000
          0.0000
          0.0000
          0.0000
          0.0000
          0.0000
          0.0000
          0.0000
          0.0000
          0.0000
          0.0000
          0.0000
          0.0000
          1.3131
         10.1037
          7.6423
         -6.7604
         39.7498
         26.0276
          0.0000
          0.0000
          0.0000
          0.0000
          0.0000
          8.9666
          0.0000
          0.0000
          1.9650
          0.0000
          0.0000
          0.0000
          0.0000
          0.0000
          0.0000
          0.0000
          0.0000
          0.0000
          0.0000
          0.0000
          0.0000
          0.0000
          0.0000
          0.0000
          0.0000
          0.0000
          0.0000
          0.0000
          0.0000
          0.0000
          0.0000
          0.0000
          0.0000
          0.0000
          0.0000
          0.0000
          0.0000
          0.0000
         27.6363
         84.6711
          0.0000
          0.0000
          0.0000
         19.8983
         63.5867
         -0.0185
         -0.4114
         16.5877
          9.7232
          0.0000
          0.0000
          0.0000
          0.0000
          6.1825
          6.8070
         -3.4886
          0.0000
          0.0000
          0.0000
          0.0000
          0.0000
          0.0000
          0.0000
          0.0000
          0.0000
          0.0000
          0.0000
          0.0000
          0.0000
          0.0000
          0.0000
          0.0000
          0.0000
          0.0000
          0.0000
         -0.3439
         -1.5889
          0.0000
          0.0000
          0.0000
          0.0000
          0.0000
          0.0000
          8.9513
         11.1162
          4.2258
          0.0000
          0.0000
          0.0000
          0.0000
          0.0000
          0.0000
          0.0000
          8.9116
          0.0000
          0.0000
          0.0000
          0.0000
          0.0000
          0.0000
          0.0000
          0.0000
          0.0000
         65.4426
         16.1173
          9.6009
          0.0000
          0.0000
          0.0000
          0.0000
          0.0000
          0.0000
          0.0000
          0.0000
          0.0000
          0.0000
          0.0000
          0.0000
          0.0000
          0.0000
          0.0000
          0.0000
          0.0000
          0.0000
          0.0000
          0.0000
          0.0000
          0.0000
          0.0000
          0.0000
          0.0000
          0.0000
          0.0000
          0.0000
          0.0000
          0.0000
          0.0000
          0.0000
          0.0000
          0.0000
          0.0000
          0.0000
          0.0000
          0.0000
          0.0000
          0.0000
         21.4992
          3.3321
          0.0000
          0.0000
          0.0000
          0.0000
         -0.8422
         14.4137
         38.8765
         19.1126
         51.1064
         39.8659
          8.0380
          0.0000
          0.0000
          0.0000
          0.0000
          0.0000
          0.0000
          2.3396
          0.0000
         32.2392
         49.8728
          0.0000
         15.7968
         74.7196
         38.1410
         80.6824
         62.9510
          0.0000
          0.0000
          0.0000
          0.0000
          0.0000
          0.0000
          0.0000
          0.0000
          0.0000
          0.0000
          0.0000
          0.0000
          0.0000
          0.0000
          9.9781
         11.5060
        121.4038
          0.0000
          0.0000
         16.1565
         36.8910
         10.3617
        -10.8536
          0.0000
         -3.7996
          0.0000
          0.0000
          0.0000
          0.0000
          0.0000
         -1.3677
          0.0000
          0.0000
          0.0000
          0.0000
          4.2845
          0.0000
          0.0000
          6.8881
          0.0000
          0.0000
          0.0000
          0.0000
          0.0000
          0.0000
          0.0000
        190.4060
          0.0000
          0.0000
          0.0000
          0.0000
         10.0762
         11.3381
          0.0000
          0.0000
          0.0000
          0.0000
          0.0000
          0.0000
         98.9875
        222.2955
        120.7302
          8.0082
          0.0000
         21.3349
          0.0000
          0.0000
          0.0000
          0.0000
        164.2003
        177.2958
        217.1374
          0.0000
          0.0000
          0.0000
          0.0000
          0.0000
          0.0000
          0.0000
          0.0000
         83.6117
          0.0000
          0.0000
          6.6321
          0.0000
        145.7136
          0.0000
          0.0000
          0.0000
          0.0000
          0.0000
          0.0000
          6.6034
          0.0000
          0.0000
         65.6782
          0.0000
          0.0000
          0.0000
          0.0000
          0.0000
          0.0000
          0.0000
          0.0000
          0.0000
          0.0000
          0.0000
         24.8621
         21.3782
          5.5775
         32.4757
         94.2724
          0.0000
          0.0000
          0.0000
          0.0000
          0.0000
          0.0000
          0.0000
          0.0000
          0.0000
          0.0000
          0.0000
          0.0000
          0.0000
          0.0000
         16.7510
          0.0000
          0.0000
          0.0000
          0.0000
         34.6466
         26.9044
          1.9142
         11.3174
         21.8424
        205.4688
         48.7923
          0.0000
          7.2090
         -4.5620
         -9.1470
          1.6275
          0.0000
         39.2851
          0.0000
          0.0000
          5.5272
          5.3704
          5.0209
          9.7911
         45.6762
         35.5685
          0.0000
          0.0000
          0.0000
          0.0000
          0.0000
          0.0000
          0.0000
         76.7705
         47.1326
          0.0000
          0.0000
          0.0000
          4.1721
          8.4121
         12.1544
        108.6424
         54.6634
          0.0000
          0.0000
          0.0000
          0.0000
          0.0000
          0.0000
          0.0000
          0.0000
          0.0000
          0.0000
          0.0000
          0.0000
          0.0000
          0.0000
          0.0000
          0.0000
          0.0000
          0.0000
          0.0000
          0.0000
          0.0000
         24.6962
          7.0620
        -27.3056
          0.0000
          0.0000
          0.0000
          0.0000
          0.0000
          0.0000
          9.4823
         -0.3080
          1.6797
         14.3253
          9.2536
         -5.5272
         -5.7625
        -13.7233
        -24.4862
         -0.3789
          0.0000
          0.0000
          0.0000
          0.0000
          0.0000
          0.0000
          0.0000
          0.0000
          0.0000
          0.0000
          0.0000
          0.0000
          0.0000
          0.0000
          0.0000
          0.0000
          0.0000
          0.0000
          0.0000
          0.0000
          0.0000
          0.0000
          0.0000
          0.0000
          0.0000
          0.0000
          0.0000
          0.0000
          0.0000
          0.0000
          0.0000
          0.0000
          0.0000
         14.5234
         12.9333
         12.4038
          0.8418
         51.2784
        195.4520
         82.1075
         20.7155
          0.0000
          0.0000
          2.2482
          6.7198
          6.7744
        114.0778
          0.0000
          0.0000
          3.0405
          5.3458
          0.0000
         10.7989
         -3.7994
          8.8191
         25.7618
          8.9143
          0.0000
          0.0000
          0.0000
          0.0000
          3.7726
         -2.8945
          0.0000
          0.0000
          0.0000
          0.0000
          0.0000
          0.0000
          0.0000
          0.0000
          0.0000
          0.0000
         18.5933
          9.0031
         -9.0021
        264.6687
        299.7334
        310.9343
          0.0000
          0.0000
          0.0000
          0.0000
          0.0000
          0.0000
         19.5943
          6.7421
        -16.2453
          2.3429
          0.0000
          0.0000
          0.0000
          4.6807
          0.5640
          0.0000
          0.0000
          0.0000
          0.0000
          0.0000
          0.5085
         -8.9088
         47.1722
        155.8123
         23.7026
        -17.9159
         66.5178
         79.8592
         26.6090
        152.6770
        230.0657
        145.3433
          0.0000
          0.0000
          0.0000
          0.0000
          0.0000
          0.0000
        -12.5303
        -28.2238
        -34.9945
         -2.0136
         15.5135
         -5.0110
         25.2788
         99.3422
        198.3322
        152.9539
          0.0000
          0.0000
          0.0000
          0.0000
          0.0000
          0.0000
          0.0000
          0.0000
          0.0000
          0.0000
          0.0000
          0.0000
          0.0000
        -10.3356
          0.0000
          0.0000
        107.7823
         51.1116
          0.0000
          0.0000
          0.0000
          0.0000
          0.0000
         12.0603
          0.0000
          0.0000
          0.0000
          0.0000
          0.0000
         12.7126
         53.8239
        159.3279
        161.0433
         42.0392
          9.2215
          6.8311
        106.2530
        136.4095
        136.6002
         87.7560
          0.0000
          0.0000
          0.0000
          0.0000
          0.0000
          0.0000
         14.2373
         18.7485
         14.5819
         14.7700
        126.6158
        183.1304
         75.0755
         37.7778
         29.5005
          0.0000
          0.0000
          0.0000
          0.0000
          0.0000
          0.0000
          0.0000
          0.0000
          0.0000
          0.0000
          0.0000
          4.0972
          1.7175
          1.3208
          8.3935
          0.9374
          0.0000
          0.0000
          0.0000
          0.0000
          0.0000
          0.0000
          0.0000
          0.0000
          0.0000
          0.0000
          0.0000
          0.0000
          0.0000
          0.0000
          0.0000
          0.0000
          0.0000
          0.0000
          0.5009
          2.7229
         10.6494
         34.5774
         86.4301
        156.9303
        111.4261
         23.8993
          0.0000
          0.0000
          0.0000
          0.0000
          0.0000
          0.0000
          0.0000
          0.0000
          0.0000
          0.0000
          0.0000
          0.0000
          0.0000
          0.0000
          0.0000
          0.0000
          0.0000
          0.0000
          0.0000
          0.0000
          0.0000
          0.0000
          0.0000
          0.0000
          0.0000
          0.0000
          0.0000
          0.0000
         16.3555
         12.0375
        -19.7745
          0.0000
          1.5381
         16.5202
          6.4880
          0.0000
         19.8673
         55.2896
         68.3744
          0.0000
          0.0000
          0.0000
          0.0000
          0.0000
         21.6436
         30.4622
          7.3400
         -7.3873
         18.4801
          8.9753
         -7.8624
          0.0000
          5.6936
         29.3549
          3.1313
          1.2707
         18.1842
          0.0000
          0.0000
          7.7363
         21.3593
         26.3821
        138.3887
         10.2275
         13.1143
         14.7829
          0.0000
          1.3020
         27.3101
         68.6831
         60.1587
         36.3834
          9.0042
         -5.2913
          3.0276
         -0.4532
        -18.1489
        108.9153
        129.0322
         -6.9372
          0.0000
          0.0000
          0.0000
          8.1890
          0.0000
          0.0000
          0.0000
          0.0000
          0.0000
          0.0000
          0.0000
          0.0000
          0.0000
          0.0000
          0.0000
          0.0000
          0.0000
         34.2712
          0.0255
        -26.1738
         58.8196
        253.8943
         40.7025
          0.0000
          0.0000
         31.0242
         35.2998
        105.8201
        139.4574
        125.1966
         13.6275
          0.0000
          0.0000
          0.0000
          0.0000
          0.0000
          0.0000
          0.0000
         16.4513
          6.1217
          0.0000
          0.0000
        -19.7184
         -2.4073
          0.0000
          0.0000
          0.0000
          0.0000
         16.8782
         25.9969
          9.0067
        -13.5478
         -2.5828
        193.4690
        196.5711
          0.0000
          0.0000
          0.0000
          0.0000
          0.0000
          0.0000
          0.0000
          1.9790
         -2.1627
         34.2191
         70.6988
         32.0404
          0.0000
          0.0000
          0.0000
          0.0000
          0.0000
          0.0000
          0.0000
          0.0000
          0.0000
          0.0000
          0.0000
         32.3611
         -1.6539
          0.0000
          7.7778
         10.5160
          6.9653
         -6.6791
        139.3161
         78.8364
          0.0000
          0.0000
          0.0000
         17.1192
          8.7542
         15.2020
          0.0000
          6.0572
         30.1490
          1.0339
         10.4822
         80.6639
          0.0000
          0.0000
          0.0000
          0.0000
          0.0000
          0.0000
          0.0000
          0.0000
          0.0000
          0.0000
          0.0000
          0.0000
          0.0000
          0.0000
         13.7440
          3.8519
          9.7088
         -8.2631
        -13.2071
          0.0000
          0.0000
          0.0000
          6.4372
         13.6677
         19.6695
         17.0589
         24.9255
         93.6734
         26.0392
         -5.8674
         -1.1364
         13.3014
         21.5095
         36.0408
         88.1812
        152.7796
          0.0000
          0.0000
          0.0000
          0.0000
         24.1485
         16.3453
         95.1851
        128.4153
          0.0000
          0.0000
          0.0000
         -6.5818
          0.0000
          0.0000
          0.0000
         -1.0408
          0.0000
          0.0000
          0.0000
          0.0000
          0.0000
          8.1261
          0.0000
          0.0000
          0.0000
          0.0000
          0.0000
          0.0000
          3.4780
         18.8785
          0.0000
          0.0000
          0.0000
          0.0000
         29.1127
         10.1949
          3.4933
         65.0483
        163.2192
         10.4076
          0.0000
         11.3503
         17.0057
          8.0343
          0.0000
         10.5188
          0.0000
          0.0000
          0.0000
          0.0000
          0.0000
          1.8600
          7.7204
         16.5922
         50.4085
         42.3444
         42.3444
          2.6062
          2.6062
          2.2113
          0.6071
         12.9000
         11.7644
         24.9794
         20.0314
          0.0000
          0.0000
          0.0000
          0.0000
          1.4028
         29.4501
         76.7730
          0.0000
         43.4222
         16.3549
          7.5535
          0.0000
          0.0000
          0.0000
          0.0000
          0.0000
          0.0000
         19.2094
         20.9474
          2.5631
         15.8213
         78.6816
         62.2443
          0.0000
          2.0873
          8.3118
          8.8603
         23.5789
         65.7010
        102.2902
          0.0000
          0.0000
          0.0000
          0.0000
          5.8625
          2.1451
         14.5707
         17.7103
         56.9498
         11.6787
          0.0000
          0.0000
          0.0000
          0.0000
          0.0000
          0.0000
          0.0000
          1.2446
         23.0598
         21.2091
         14.9873
         21.0316
         25.5327
         21.9167
         21.2436
          2.5496
         33.0245
         71.3024
         32.2325
         94.8091
         45.6341
         64.1913
          0.0000
          0.0000
          0.0000
          0.0000
          7.8749
          7.4268
         31.1041
         66.7197
          0.0000
          0.0000
          0.0000
          0.0000
          0.0000
          3.9866
         72.9714
        126.6360
          4.4403
          0.0000
          0.0000
          0.0000
          0.0000
          0.0000
          0.0000
          0.0000
          0.0000
          0.0000
          0.0000
          0.0000
          0.0000
          0.0000
          0.0000
          1.5376
         30.5822
         32.6794
          0.0000
          0.0000
          0.0000
          0.0000
          0.0000
         20.4678
         79.9076
          1.6779
          0.0000
          0.0000
          0.0000
          0.0000
          0.0000
          0.0000
          0.0000
          0.0000
          0.0000
         10.4312
        -14.6796
        -17.6731
         -5.9573
          0.0000
         44.3671
         47.4070
          0.0000
          0.0000
          0.0000
          0.0000
          0.0000
          0.0000
          0.0000
         29.3471
          0.0000
          0.0000
          0.0000
          0.0000
          0.0000
          0.0000
          0.0000
         46.7170
         74.6850
         35.1764
          0.0000
          0.0000
          0.0000
          0.0000
        113.7112
        101.4052
          0.0000
          0.0000
          0.0000
          0.0000
          0.0000
          0.0000
          0.0000
         57.8411
          0.0000
          0.0000
          0.0000
          0.0000
          0.0000
          0.0000
          0.0000
         21.8691
          0.0000
          0.0000
          0.0000
          0.0000
          0.0000
          0.0000
         25.4659
         98.3998
         98.7285
         66.9974
         19.0740
          0.0000
          8.7121
        128.8292
         37.8989
          0.0000
          0.0000
          0.0000
          4.1076
          3.4654
         26.8981
         50.6876
         63.1651
          0.0000
          0.0000
          0.0000
          0.0000
          0.0000
          3.5051
          0.0000
        -12.4965
          0.0000
          0.0000
          0.0000
          0.0000
          0.0000
          5.2808
          7.5319
          0.9951
          0.0000
          0.0000
          0.0000
          0.0000
          0.0000
          0.0000
          0.0000
          0.0000
          0.0000
          0.0000
          0.0000
          0.0000
          0.0000
          3.6825
          5.9126
         16.9046
         34.1305
          7.0127
          5.6984
          0.0000
          0.0000
          8.6396
         18.0476
        127.1089
        133.8889
         26.7488
          1.0683
         -5.0993
          6.6888
          7.7325
          0.0000
          2.1747
        104.8832
         22.5924
         14.8624
         29.9263
         36.0979
        -48.1739
         93.1931
         17.6778
          0.0000
          0.0000
          0.0000
         -2.3617
          7.7468
         44.6225
        146.5018
         22.1613
          0.0000
          0.0000
          0.0000
          0.0000
          5.4546
          1.6226
         11.8493
          3.7869
          0.0000
          0.0000
          0.0000
          0.0000
          0.0000
          0.0000
          0.0000
          0.0000
          0.0000
          0.0000
          0.0000
          0.0000
          0.0000
          0.0000
         11.5414
         15.4657
         17.4556
         -0.2093
          0.0000
          0.0000
          0.0000
          0.0000
          0.0000
          0.0000
          0.0000
          0.0000
          0.0000
          0.0000
          0.0000
          0.0000
          0.0000
          0.0000
          0.0000
          0.0000
          0.0000
          0.0000
          0.0000
          0.0000
          0.0000
          0.0000
          0.0000
          0.0000
          0.0000
          0.0000
          0.0000
          0.0000
          0.0000
          5.6714
          1.6300
          0.0000
          0.0000
          0.0000
          0.0000
         18.7330
          0.0000
          0.0000
         46.8034
         73.5348
         56.3327
          0.0000
          0.0000
          0.0000
          0.0000
          0.0000
          0.0000
          0.0000
          0.0000
          0.0000
         -8.5939
         -1.9340
         25.0178
         46.6338
          0.0000
          0.0000
          2.4246
         -1.0794
        -10.0075
         -0.1230
          8.8920
        115.3009
          6.8189
          0.0000
          0.0000
          0.0000
          0.0000
          0.0000
          0.0000
          0.7743
          1.5870
         13.9530
         16.7234
          9.2702
         17.1129
         20.0924
         23.6054
         32.3084
          0.0000
          0.0000
          0.0000
          0.0000
          3.4088
         19.5382
         33.9250
         26.3086
          0.0000
         20.4404
         31.8653
         18.3344
         -0.4086
         -4.6734
          0.0000
          0.0000
          0.0000
          0.0000
         12.5954
          3.1654
         -2.1602
         36.5914
        121.5239
         24.9333
          0.0000
          0.0000
          0.0000
          0.0000
          0.0000
          0.5632
         89.3579
          0.0000
          0.0000
          0.0000
          0.0000
          0.0000
          0.0000
          0.0000
          0.0000
          0.0000
          0.0000
          0.0000
          0.0000
          0.0000
          0.0000
          0.0000
          0.0000
          0.0000
          0.0000
          0.0000
          0.0000
          0.0000
          0.0000
          0.0000
          2.1623
         83.9904
         99.8711
         26.9801
         20.4701
          5.6862
         -4.7778
        -16.0529
          4.4381
        134.1103
        164.1388
        100.5370
          0.0000
          0.0000
          0.0000
          0.0000
          0.0000
          0.0000
          0.0000
          0.0000
         -6.2241
        -12.8256
          7.8825
         -3.1131
         49.7674
        127.1217
         70.2824
         -8.3936
        -16.2023
          0.0000
          0.0000
          0.0000
         -1.0628
         42.5933
         27.8394
         -4.3354
         31.7456
         31.1891
        -11.8422
          2.2140
          6.4346
         86.8761
         34.2377
          0.0000
          0.0000
          0.0000
         10.5104
         21.1189
          0.0000
          0.0000
          0.0000
          0.0000
          0.0000
          2.6274
          9.0828
         -7.4720
        -28.7697
        -37.4291
         -4.3754
         80.7160
        234.9666
         86.8235
         20.5635
         39.5395
         58.7652
        327.0339
        298.2140
        137.2695
          0.0000
          0.0000
          0.0000
         16.8856
          2.4905
         94.7912
         99.9067
          9.1161
         -3.8139
          0.0000
         -7.5255
          1.8590
          8.5064
         80.7171
         81.0228
          0.0000
          0.0000
          0.0000
          0.0000
          6.3797
        137.7001
          0.0000
          0.0000
          0.0000
          5.6863
         16.5088
          0.0000
          0.0000
          0.0000
          0.6311
          0.0000
          0.0000
          0.0000
          1.9412
          0.0000
          0.0000
         84.0211
         29.6968
          0.0000
          0.0000
          0.0000
          0.0000
          0.0000
          0.0000
          0.0000
         76.7487
         23.0160
        -18.1194
        -14.8866
        -31.4330
         -7.6590
        -11.1696
        -23.3890
         40.3923
         71.7163
         27.3783
         -6.5711
         20.0009
         22.9782
         -8.5577
          0.0000
        110.1365
          0.0000
          0.0000
          0.0000
          0.4991
         -3.3344
          4.8241
         16.0651
        116.6173
         20.3236
          5.9688
         14.0442
         20.3301
         25.5878
         64.0718
          0.0000
          0.0000
          0.0000
          0.0000
          0.0000
          0.0000
          0.0000
          0.0000
          0.0000
          0.0000
          4.3850
          4.8489
          2.2544
         21.9980
         39.0463
         23.0265
         15.7815
         42.6712
         35.9563
          1.5872
          0.0000
          0.0000
         34.8863
          0.0000
          0.0000
         30.3617
        119.4923
         12.6058
          0.0000
          0.0000
          0.0000
          5.8915
         32.7430
         80.2401
          0.0000
         12.3947
          0.0000
          0.0000
          9.2393
         -8.2810
         75.3380
        105.8638
        118.6875
          0.0000
         11.5905
          0.0000
          0.0000
          0.0000
         17.0181
         18.4214
         60.0560
         64.7479
         22.4165
          0.0000
          0.0000
          0.0000
          0.0000
          9.7701
         26.9232
          7.7761
         12.0636
          9.7232
        -24.0504
        -46.1437
         25.2507
          2.2763
          0.0000
          0.0000
          0.0000
          0.0000
          0.0000
         25.6550
         81.7490
         19.6235
          0.0000
          0.0000
          0.0000
          0.0000
          0.0000
          0.0000
          0.0000
          0.0000
          9.6643
          0.0000
         33.8406
          0.0000
          0.0000
          0.0000
          0.0000
         81.1570
         98.8220
        118.0393
         90.0594
         80.6260
         17.5323
          0.0000
          0.0000
        131.3320
        194.1845
        175.3685
        219.4760
        154.5788
         97.9339
          0.0000
          0.0000
         -4.7866
          0.0000
          0.0000
          0.0000
          0.0000
          0.0000
          0.0000
          0.0000
          0.0000
          0.0000
          0.0000
          0.0000
          0.0000
          6.4122
         -5.6050
          0.0000
          0.0000
          0.0000
          0.0000
          0.0000
          0.0000
          0.0000
          0.0000
          0.0000
         24.3533
         57.9659
          4.3981
         10.3392
         31.5583
        112.0082
        137.8050
        211.7621
         75.7569
          0.0000
          0.0000
          0.0000
          0.0000
          0.0000
          5.8167
        114.2879
          0.0000
          0.0000
          0.0000
          0.0000
          0.0000
          0.0000
          1.7641
         41.4557
         66.1239
         27.2238
         10.8165
          0.0000
          0.0000
         37.5672
        100.3915
        115.0899
         90.9863
         81.2162
          0.0000
          0.0000
          0.0000
          0.0000
          0.0000
          0.0000
          0.0000
          0.0000
          0.0000
          0.0000
          0.0000
          0.0000
          0.0000
          0.0000
         -2.9346
          0.0000
          3.8676
          0.5721
          6.3486
         -0.3174
          4.3435
         -5.7874
          2.7941
        -10.5210
         10.4202
          5.8706
          1.5862
          0.0000
          0.0000
          0.0000
          0.0000
          0.0000
          0.0000
          0.0000
          0.0000
          0.0000
          0.0000
          0.0000
          0.0000
          0.0000
          0.0000
          6.3843
          9.2370
          5.2514
         -2.3899
          0.0000
          0.0000
          0.0000
          0.0000
         35.2516
         17.7881
        -12.3237
         -1.2441
          3.6847
         16.0903
         47.0132
         10.2307
          1.9758
          0.0000
          0.0000
          8.0342
          3.9482
          5.1124
         40.5667
         71.4747
        106.6355
          7.8552
         41.5265
         16.2344
         33.8475
         62.6477
          0.0000
          0.0000
          0.0000
          0.0000
          0.0000
          7.9381
         38.8739
          0.0000
          0.0000
          0.0000
          0.0000
          0.0000
          0.0000
          0.0000
          0.0000
         12.0400
         31.9810
         19.3745
         12.1373
          6.3943
         99.2433
        103.4762
          0.0000
          0.0000
          0.0000
          0.0000
          0.0000
          0.0000
         64.9620
        140.6751
         34.4550
          0.0000
          0.0000
          0.0000
          0.0000
          0.0000
          0.0000
          0.0000
          0.0000
          0.0000
         43.2073
          0.0000
          0.0000
          0.0000
          0.0000
          0.0000
          0.0000
          0.0000
          0.0000
          0.0000
          5.0753
         21.8060
         17.9753
         26.1846
        141.8892
          0.0000
          0.0000
          0.0000
          0.0000
         13.0320
          0.0000
          0.0000
         57.1191
         67.4632
          0.0000
          0.0000
          0.0000
          2.0517
          1.8084
         23.0873
         95.0013
         89.8419
          0.0000
          0.0000
          0.0000
          0.0000
         23.1136
         14.4628
          6.1315
         22.0000
         -0.7117
         -3.8928
          0.0000
          0.0000
          0.0000
          2.9817
          0.0000
         49.0885
         48.4865
          3.5322
          0.0000
          0.0000
          0.0000
          0.0000
          0.0000
         85.4081
          0.0000
          0.0000
          0.0000
          0.0000
          0.0000
          3.1145
          2.0972
          0.0000
          0.0000
          0.0000
          8.3298
         12.7642
          3.6088
         21.8894
         57.0286
         45.6479
         -6.2996
          0.0000
         49.6659
         14.7085
         -4.0404
         28.0544
         34.3378
          0.0000
          0.0000
          0.0000
         14.1526
          3.9421
          0.0000
          7.0758
        156.2109
          0.0000
          0.0000
          0.0000
          0.0000
          0.0000
          0.0000
          0.0000
          0.0000
         70.7882
          0.0000
          0.0000
          0.0000
          0.0000
          0.0000
          1.4881
          0.0000
          1.6023
         17.5350
         45.6869
         85.9506
         25.5611
         -8.1421
         19.7813
         72.6000
         35.3102
         90.2373
          6.8890
          0.0000
          0.0000
         25.6443
         76.3589
         17.2008
          0.0000
          0.0000
          0.0000
          0.0000
          0.0000
         16.0237
          0.8251
          0.6750
          3.5778
         51.0287
         41.9476
         65.0328
         42.2185
         68.8923
        121.3136
         40.1586
          0.0000
          0.0000
          0.0000
          0.0000
          0.0000
          0.0000
          0.0000
         14.1273
        107.1347
        190.8912
        114.1361
          0.0000
          0.0000
          0.0000
          0.0000
          0.0000
         -5.7876
          0.0000
          0.0000
          0.0000
          0.0000
          0.0000
          0.0000
          0.0000
          5.3204
          0.0000
          0.0000
          0.0000
          0.0000
          0.0000
          0.0000
         35.4205
          0.0000
          0.0000
          0.0000
         21.1419
         59.0618
         92.6381
        160.7799
        241.2463
          0.0000
          0.0000
          0.0000
          0.0000
          0.0000
          0.0000
          0.0000
          0.0000
          0.0000
          0.0000
          0.0000
          0.0000
          0.0000
          0.0000
          1.3647
         40.6700
         92.9892
         -6.4867
          0.0000
         20.2502
         11.4872
         26.9979
         13.5353
          0.0000
          0.0000
          0.0000
          0.0000
          0.9216
         13.3050
         38.8018
         44.1853
        130.1693
         26.0923
          0.0000
          0.0000
          0.0000
          0.0000
          0.0000
          0.0000
         81.4911
         71.7887
         -2.6620
          0.0000
          0.0000
          0.0000
          0.0000
          0.0000
          0.0000
          0.0000
          0.0000
          0.0000
          1.7240
          6.3114
          6.8936
          7.6110
         -0.6423
         -1.6952
          3.3216
         19.5119
         36.4235
         36.6380
         20.8942
         21.9478
          6.1948
          0.0000
          0.0000
          0.0000
          0.0000
          0.0000
          0.0000
          0.0000
          5.7657
          4.7815
          0.0000
          0.0000
          0.0000
          0.0000
          1.5817
         60.2185
         27.2540
          0.0000
          9.8114
         62.8024
          3.9601
          0.0000
          0.0000
          0.0000
          0.1252
          6.1529
         67.1246
         29.3016
          6.6102
         19.7269
         27.8592
         13.3236
          0.0000
         31.4704
         23.1981
         24.7156
        136.3384
        174.2203
        205.9660
        187.1837
        187.3606
          0.0000
          0.0000
          0.0000
          0.0000
          0.0000
          0.0000
          0.0000
          0.0000
          0.0000
          0.0000
          0.0000
          0.0000
          0.0000
          0.0000
         21.7752
         32.6047
        101.3488
         81.3717
         10.9688
         -3.2925
          0.0000
          0.0000
          0.0000
         53.9048
        116.9448
          0.0000
          0.0000
          0.0000
          0.0000
          0.0000
          0.0000
          1.7048
         80.6493
          0.0000
          0.0000
          0.0000
          0.0000
          0.0000
         19.4195
         43.1438
         47.5978
         45.2630
         39.2080
         38.5170
         -3.0722
         -6.4206
          6.0882
         14.8097
         34.3315
         17.3766
         27.2343
         56.8625
        112.5198
         29.8643
         15.2928
         32.1012
         63.5115
          0.0000
          0.0000
          0.0000
          0.0000
          0.0000
          1.2064
          0.0000
         22.8351
         76.9438
         18.3110
         38.4927
          2.2287
          7.3212
         -7.9900
          0.0000
          0.0000
          0.0000
          0.0000
          0.0000
          5.0865
          0.0000
          0.0000
          0.6956
         39.8203
          0.0000
          0.0000
          0.0000
          0.0000
          4.9124
          5.6651
         14.8836
         30.8741
         22.2200
          3.2259
          0.0000
          0.0000
          0.0000
         17.1328
         29.7876
         28.1698
         -5.3728
          0.0000
          6.8629
          2.8636
          0.0000
          0.0000
         25.7112
          7.8545
         24.1113
          9.4271
          1.0434
         -1.7265
          0.0000
          2.9805
         16.5212
        160.7895
          0.0000
          0.0000
          1.3693
          0.0000
          0.0000
         -1.9816
         -2.4671
          0.0000
          0.0000
          0.0000
          0.8384
          0.3362
          0.0000
          0.0000
          0.0000
          0.0000
          0.0000
          0.0000
          0.0000
          0.0000
          0.0000
          0.0000
          0.0000
          0.0000
          2.2108
         19.2262
         15.2955
         17.7070
         25.7590
         20.8499
         11.1911
          0.0000
          0.0000
          0.0000
          6.5261
         20.5610
          5.1760
        -10.2168
         22.5023
         27.6543
          0.0000
          6.4873
          0.0000
          0.0000
          0.0000
          0.0000
          0.0000
          0.0000
          0.0000
          0.0000
          0.0000
          0.0000
          7.1497
         11.0163
         32.8522
         60.1681
          0.0000
          0.0000
         15.7335
         16.5772
         -9.5890
        -21.4585
         -1.3281
         52.1319
          0.0000
          0.0000
         15.9546
         29.5510
         16.5873
          0.0000
          0.0000
          0.0000
          0.0000
          0.0000
          0.0000
          0.0000
          0.0000
          0.0000
          0.0000
          0.0000
          0.0000
          0.0000
         10.0156
          6.0691
         19.9393
         45.3397
         22.7782
         15.9412
          0.0000
          0.0000
          0.0000
          0.0000
          1.9999
         16.2545
         23.4804
         74.3890
          0.0000
          0.0000
          8.7421
          0.0000
          0.0000
          0.0000
          0.3925
         33.4984
         -5.0854
          6.2030
          5.7198
          0.0000
          0.0000
          0.0000
          0.0000
          0.0000
          0.0000
          2.4194
          0.0000
          0.0000
          0.0000
          0.0000
          0.0000
          7.4227
         10.8581
         12.7639
         11.9158
         10.4911
          3.4086
         32.8024
        117.6458
        168.3847
         14.7422
         23.4172
         19.7063
          0.0000
          0.0000
          4.3804
         -8.0060
          2.4685
          4.7797
         14.1834
         34.3253
         23.0332
         18.2290
         34.9288
         16.4899
         -8.2375
          0.0000
          0.0000
         43.7670
         37.6506
         24.8517
        125.9840
        170.3532
          0.0000
          0.0000
          0.0000
          0.0000
          0.0000
          0.0000
          0.0000
          0.0000
          5.8774
         20.3975
          6.0261
          4.5862
         14.4119
         26.7876
         74.1467
        135.3006
         70.6906
          0.0000
          0.0000
          0.0000
          0.0000
          0.0000
          0.0000
          0.0000
         -3.4675
          0.0000
          0.0000
          0.0000
          0.0000
          0.0000
          0.0000
          0.0000
         -0.9229
          0.0000
          0.0000
          0.0000
          0.0000
          0.0000
          0.0000
          5.4328
         18.6415
          0.0000
         12.2557
         30.1472
         32.9398
         36.4887
        113.7292
        180.3405
          0.0000
          0.0000
          0.0000
          0.0000
          0.0000
          0.0000
          0.0000
          4.7550
         12.5174
          0.0000
          0.0000
          0.0000
          0.0000
          0.4605
         17.2274
         14.5662
          7.9765
          0.0000
          0.0000
          0.0000
          0.0000
          0.0000
          0.0000
          0.0000
         -0.9711
          0.0000
          0.0000
          0.0000
          0.0000
          0.0000
          0.0000
          0.0000
         -1.8324
          0.0000
          0.0000
          0.0000
          0.0000
          0.0000
          0.0000
          4.4485
          4.2071
          2.7998
          8.7645
         33.4403
          6.8887
         -4.1792
          3.9790
         10.6580
         50.0714
         69.1150
          1.5468
         16.4884
          9.4311
          0.0000
          0.0000
          0.0000
          0.0368
         10.3423
         21.6596
         36.6207
          6.2270
         -3.8412
         15.2413
         15.6830
         12.9173
         10.2446
         19.6345
         18.7470
         47.2169
          0.4995
          0.0000
          2.2318
         17.0358
        121.3125
         25.9905
         14.5876
         10.2667
         11.4668
          0.0000
          0.0000
          0.0000
          0.0000
          0.0000
          0.0000
          0.0000
          0.0000
          0.0000
          0.0000
         15.5174
         19.2656
         36.1113
         20.9043
          0.0000
          0.0000
          0.0000
          0.0000
          0.0000
          0.0000
          0.0000
          6.6692
          2.3119
          0.0000
          0.0000
          1.4114
         -2.4140
          0.0000
          0.0000
          0.0000
          0.0000
          0.0000
          0.0000
          0.0000
          0.0000
          0.0000
          0.0000
          0.0000
          0.0000
          0.0000
          0.0000
          0.0000
         -0.9953
          0.0000
          0.0000
          0.0000
          0.0000
          0.0000
          0.0000
          2.7335
          4.4033
          8.3751
          2.4409
          0.0000
         -0.1632
          0.0000
          8.3179
         12.2347
         10.8266
         56.2391
          0.0000
          0.0000
          0.0000
          0.0000
          0.0000
          0.0000
          0.0000
          0.0000
         10.5548
         16.4725
         37.7023
         76.2338
         93.4032
         23.2540
          0.0000
          0.0000
          0.0000
          0.0000
          0.0000
          0.0000
          0.0000
          2.2721
          1.0758
          0.0000
          0.0000
          0.0000
          1.1437
          7.7352
          2.7324
         -5.4078
         -3.5040
          7.3945
         13.3137
          0.0000
          0.0000
          0.0000
          0.0000
          0.0000
         39.3421
         92.5349
          0.0000
          0.0000
          0.0000
          0.0000
          0.0000
         37.5215
         91.6768
         75.1546
          1.6845
        -11.7426
         15.7592
         74.8295
         -3.0720
        -14.4366
          8.2735
         17.7656
         31.3718
         24.4983
         23.7886
         97.2893
         83.1163
         90.6706
        164.6987
         54.6818
         15.6895
          0.0000
         18.9208
         46.3093
          0.0000
          0.0000
         42.1518
          0.0000
          1.7476
         37.5777
        123.4306
         93.0595
          6.6451
          7.2112
        -10.3238
         -3.0115
          0.0000
          0.0000
          0.0000
          0.0000
          0.0000
        136.6186
        158.0688
          0.0000
          0.0000
          0.0000
          0.0000
          0.0000
          0.0000
          0.0000
        112.6601
        134.3783
          0.0000
          0.0000
          0.0000
          0.0000
          0.0000
          3.7692
         30.5303
         25.4135
         21.3737
         20.1462
         11.9876
         -9.0416
         -0.2317
          0.0000
          0.0000
          0.0000
          0.0000
          0.0000
          0.0000
          0.0000
          0.0000
          0.6585
          0.0000
          0.0000
          0.0000
          0.0000
          0.0000
          0.0000
          0.0000
          0.0000
        145.0906
         47.0275
          0.0000
          0.0000
          0.0000
          0.0000
          0.0000
          0.0000
         31.2287
          0.0000
          0.0000
          0.0000
          0.0000
          0.0000
          0.0000
          0.0000
          0.0000
          0.0000
          0.0000
          4.5755
          0.0000
          0.0000
          0.0000
          0.0000
         24.9949
         23.8490
          2.0356
          0.0000
          0.0000
          0.0000
          0.5575
          2.0088
          4.5800
          0.0000
          0.0000
          0.0000
          0.0000
          0.0000
          0.0000
          0.0000
          0.0000
          0.0000
          0.0000
          0.0000
          0.0000
          0.0000
          0.0000
          0.0000
         66.8118
         47.7642
         13.7476
         20.3889
        -11.8640
          0.0000
          0.0000
          0.0000
          0.0000
          0.0000
          0.0000
          0.0000
          0.0000
          0.0000
          0.0000
          0.0000
          0.0000
          0.0000
          0.0000
          0.0000
          0.0000
          0.0000
          0.0000
          0.0000
          0.0000
          0.0000
          0.0000
          0.0000
          0.0000
          0.0000
          0.0000
          0.0000
          0.0000
          0.9989
          0.0000
          0.0000
          0.0000
          0.0000
          0.0000
          0.0000
          0.0000
          0.0000
          0.0000
          0.0000
          0.0000
          0.0000
          0.0000
          0.0000
         -1.0762
          0.0000
          0.0000
          0.0000
          0.0000
          0.0000
          0.0000
          7.4993
         64.7370
         30.8739
          0.0000
          0.0000
          0.0000
          0.0000
          4.3012
          8.9180
         58.1359
         18.1684
          1.8708
          0.0000
          0.0000
          0.0000
          0.0000
          0.0000
         -3.3422
          0.0000
          0.0000
          0.0000
          0.0000
          0.0000
          0.0000
          0.0000
          0.0000
          0.0000
          0.0000
          0.0000
          0.0000
          0.0000
          0.0000
          0.0000
          0.0000
          0.0000
          0.0000
          0.0000
          0.0000
          0.0000
         13.7574
         12.1973
         23.5423
          0.0000
          0.0000
          0.0000
          0.0000
          0.0000
         20.5691
         44.3792
        152.9648
          9.6101
          0.0000
          0.0000
          0.0000
          0.0000
          0.0000
          0.0000
         -5.6462
          2.8613
          0.0000
          0.0000
          0.0000
          0.0000
          0.0000
         24.8129
         26.9874
          0.0000
          0.0000
          0.0000
          0.0000
          0.0000
          1.6099
          0.0000
          9.9723
          0.0000
          0.0000
          0.0000
          0.0000
          0.0000
          0.0000
          0.0000
          0.0000
          0.0000
          0.0000
          0.0000
          0.0000
          0.0000
          0.0000
          0.0000
          0.0000
          0.0000
          0.0000
          0.0000
          0.0000
          0.0000
          0.0000
          0.0000
          8.9134
          0.0000
          0.0000
          6.8021
         80.1432
          6.0171
          0.7692
         -1.6108
        100.8680
         16.8004
         93.7324
         58.8768
         11.6757
         -1.0408
         14.8622
         21.3214
         23.9055
         53.4073
          0.4008
          0.0000
          0.0000
          0.0000
          0.0000
          0.0000
          0.0000
          0.0000
          0.0000
          0.0000
          0.0000
          0.0000
          0.0000
          0.0000
          0.0000
          0.0000
          0.0000
          8.8902
         30.2752
         90.7376
         95.6993
         10.8784
        -10.6815
         22.5018
          6.3680
         13.7469
         12.7329
         32.3406
         35.6579
        186.7874
         94.5537
          0.0000
          0.0000
          0.0000
          5.1978
          0.0000
          7.1908
         13.0118
         -1.1134
         -3.9506
          7.8299
          8.8960
          0.0000
          0.0000
          0.0000
          0.0000
          0.0000
          0.0000
          0.0000
          0.0000
          0.0000
          0.0000
          0.0000
          0.6353
         32.5361
         11.6654
          4.4109
          0.0000
          0.0000
          4.6918
         17.5065
         25.2326
         93.6330
          0.0000
          0.0000
         33.0847
         19.3760
         -5.9128
        -10.3113
          0.0000
         38.6172
          0.0000
          0.0000
          0.0000
          0.0000
          0.0000
          0.0000
          0.0000
          0.0000
          0.0000
          0.0000
          0.0000
          0.0000
          3.7419
          3.7430
          0.0000
         -0.7945
         -1.0421
          2.7114
          0.0000
          0.0000
          0.0000
          0.0000
          0.0000
          0.0000
          0.0000
          0.0000
          0.0000
          0.0000
          0.0000
          0.0000
          0.0000
          0.0000
          0.0000
          0.0000
          0.0000
          0.0000
          0.0000
          0.0000
          0.0000
          0.0000
          0.0000
          0.0000
          0.0000
          0.0000
          0.0000
          0.0000
          0.0000
          0.0000
          0.0000
          0.0000
          0.0000
          0.0000
          0.0000
          0.0000
          0.0000
          0.0000
          0.0000
          0.0000
          0.0000
          0.0000
          0.0000
          0.0000
          0.0000
          0.0000
          0.0000
          0.0000
          0.0000
          0.0000
          0.0000
          0.0000
          0.0000
          0.0000
          0.0000
          0.0000
         21.5992
         28.7952
         10.6860
          0.0000
          0.0000
         -5.9506
          0.0000
         17.4301
         12.4538
          1.2649
          0.0000
          3.2979
         49.9024
         20.4528
          0.0000
         13.8121
          0.0000
          0.0000
          0.0000
          0.8798
          0.0000
          2.6190
          0.9401
         35.9890
          0.0000
          0.0000
          0.0000
          0.0000
          0.0000
          0.0000
          0.0000
          0.0000
          0.0000
          0.0000
          0.0000
          0.0000
          0.0000
          1.4139
          0.0000
          0.0000
          0.0000
          0.0000
          0.0000
          0.0000
          0.0000
          0.0000
          0.0000
          0.0000
          0.0000
          0.0000
          0.0000
          0.0000
         19.6536
          8.1653
          0.0000
          0.0000
          0.0000
          0.0000
          0.0000
          0.0000
          0.0000
          0.0000
          0.0000
          0.0000
          0.0000
          0.0000
          0.0000
          0.0000
          0.0000
          0.2995
          0.0000
          0.0000
          0.0000
          0.0000
          0.0000
          0.0000
          0.0000
          0.0000
          0.0000
          0.0000
          0.0000
          0.0000
          0.0000
          0.0000
          0.6953
         12.2007
          0.0000
          0.0000
          0.0000
          0.0000
          0.0000
          0.0000
          0.0000
          0.0000
          0.0000
          0.0000
          0.0000
          0.0000
          0.0000
          0.0000
          0.0000
          0.0000
          0.0000
          0.0000
          0.0000
          0.0000
          0.0000
          0.0000
          0.0000
          0.0000
          0.0000
          0.0000
          3.4191
          4.0532
          0.0000
          0.0000
          0.0000
          0.0000
          0.0000
          0.0000
          0.0000
          0.0000
          0.0000
          0.0000
          0.0000
          0.0000
          0.0000
          0.0000
          0.0000
          0.0000
          0.0000
          0.0000
          0.0000
          0.0000
          0.0000
          0.0000
          0.0000
          0.0000
          0.0123
          6.3696
          0.0000
         27.6185
          0.0000
          0.0000
          0.0000
          0.0000
          0.0000
          0.0000
          0.0000
          0.0000
          0.0000
          0.0000
          0.0000
          0.0000
          0.0000
          0.0000
          0.0000
          0.0000
          0.0000
          0.0000
          0.0000
          0.0000
          0.0000
          0.0000
          0.0000
          0.0000
          0.0000
          0.0000
          0.0000
          0.0000
          0.0000
          0.0000
          0.0000
          0.0000
          0.0000
          0.0000
          0.9558
          5.6893
         11.8095
        147.0071
         48.6748
          0.0000
          0.0000
          0.0000
         33.4966
         21.9662
         32.1838
         20.5808
          0.0000
          0.0000
          0.0000
          0.0000
          0.0000
          0.0000
          0.0000
          0.0000
          0.0000
          0.0000
          0.0000
          0.0000
          0.0000
          0.0000
          0.0000
          0.0000
          0.0000
        -12.3140
          0.0000
          0.0000
          5.8330
          5.2047
          1.4274
        -11.6527
         -3.6015
          0.0000
          0.0000
          0.0000
         17.2128
         15.0305
          3.8177
          4.0795
          0.0000
          0.0000
          0.0000
          0.0000
          0.0000
          0.0000
          3.4798
         25.9177
        171.4381
        123.7263
          0.0000
          0.0000
          0.0000
         22.1977
         23.9606
          0.0000
         20.3170
        109.2713
          0.0000
          0.0000
          0.0000
          0.0000
          0.0000
          0.0000
          0.0000
          0.0000
          0.0000
          0.0000
          0.0000
          0.0000
          0.0000
          0.0000
          0.0000
         13.1416
          6.8429
          0.0000
          0.0000
          0.0000
          0.0000
          0.0000
          0.0000
          0.0497
          0.0000
          6.8620
          0.0000
         -0.4545
          0.0000
          0.0000
          0.0000
          1.0565
          0.0000
          0.0000
         14.0956
          0.0000
          0.0000
          0.0000
          0.0000
          2.3883
          0.0000
          0.0000
          0.0000
          0.0000
        156.4279
        146.5473
        103.0955
          0.0000
          0.0000
          0.0000
          0.0000
          0.0000
          0.0000
          0.0000
         12.1604
          9.1172
          0.0000
          0.0000
          0.0000
          0.0000
          0.0000
         14.3183
         24.7123
        100.4087
          0.0000
          0.0000
          3.9593
          3.9509
          0.0000
          0.0000
         14.9631
         12.6377
          0.0000
          0.0000
          0.0000
          0.0000
          0.0000
          0.0000
         16.9392
         26.7388
         -0.1697
          7.9256
         16.9254
         14.5372
        179.2320
         18.7715
         22.3489
         22.8099
        -18.6410
         14.6649
         20.8069
         13.8406
         95.3838
        263.3460
        -13.1984
          0.0000
         14.4096
          0.0000
          0.0000
          0.0000
          0.0000
          0.0000
          0.0000
          0.0000
          0.0000
          0.0000
          0.0000
          0.0000
          0.0000
          0.0000
          0.0000
          0.0000
          0.0000
          0.0000
          0.2421
         17.6993
          5.3074
         12.1709
        165.9673
        264.9467
        128.1347
          0.0000
          0.0000
          4.4385
         64.5776
        168.0359
        126.2597
          0.0000
          0.0000
          0.0000
          0.0000
          0.0000
          0.0000
          0.0000
          0.0000
          0.0000
          0.0000
          0.0000
          0.0000
          0.0000
          0.0000
          0.0000
         13.0350
         69.2712
        180.9036
         54.0813
          0.0000
          0.0000
          0.0000
          0.0000
          0.0000
         57.2919
          0.0000
          0.0000
          7.7326
          9.5690
         -3.6765
          9.6565
         98.8909
        183.0168
         69.4933
         75.4983
        123.4590
          8.6269
          0.0000
         11.6956
         98.8579
        270.0822
         32.7889
          0.0000
          0.0000
          0.6306
          3.5710
        -14.6516
         99.7731
        527.7128
        365.5055
          0.0000
          0.0000
          0.0000
          0.0000
          3.6499
          0.0000
        116.9586
        240.8464
         83.7873
         32.4522
         54.1466
        212.2265
        405.9626
        426.9273
          0.0000
          0.0000
          0.0000
          0.0000
          0.0000
          0.0000
          0.0000
          0.0000
          0.0000
          0.0000
          0.0000
          0.0000
          0.0000
          0.0000
          0.0000
          5.2148
         23.2756
         22.4117
         74.4658
         31.7057
          0.5369
          2.0420
         -4.7321
          0.0000
          0.0000
          0.0000
          0.0000
          0.0000
          7.4331
          0.0000
          4.0782
          1.1279
         -0.6419
         21.3152
         32.3121
         12.9942
          8.6465
         19.6505
         23.8153
        128.4779
        265.9253
         11.0409
          0.0000
          0.0000
          0.0000
          0.0000
          0.0000
          0.0000
          0.0000
          0.0000
          0.0000
          0.0000
          0.0000
          0.0000
          0.0000
          7.1417
        116.8981
        152.6000
          0.0000
          0.0000
          0.0000
          0.0000
         32.7334
         54.7818
         11.5701
          0.0000
          0.0000
          0.0000
          0.0000
          0.0000
          0.0000
          0.0000
          0.0000
          0.0000
          0.0000
          0.0000
          0.0000
          0.0000
          0.0000
          0.0000
          0.0000
          0.0000
          0.0000
          0.0000
          0.0000
          0.0000
          0.0000
          0.0000
          0.0000
          0.0000
          0.0000
          0.0000
          0.0000
          0.0000
          0.0000
          0.0000
          0.0000
          0.0000
         18.0880
         41.9182
         34.3494
         -6.4837
          5.7635
          6.5770
         85.2755
        338.0569
        402.3882
        460.9208
        313.8538
         70.1847
          0.0000
          0.0000
         53.5507
         73.0877
          0.0000
         41.1419
         37.9163
          0.0000
          7.9729
          0.0000
         78.5577
         27.7410
         18.7294
          0.0000
          0.0000
          0.0000
          4.5520
         18.9245
          0.0000
          0.0000
          0.0000
          0.0000
         -2.1759
          0.0000
          0.0000
          0.0000
          0.0000
          0.0000
          0.0000
         41.7408
         61.7945
          0.0000
          0.0000
          0.0000
          0.0000
          0.0000
          0.0000
          0.0000
          0.0000
          0.0000
          7.0458
         97.8227
        206.2692
          0.0000
          0.0000
         46.0292
        234.6251
        330.2885
        417.7686
        117.5563
          0.0000
          0.0000
         78.0224
        186.9104
          0.0000
          0.0000
         31.7409
          6.7289
          0.0000
          0.0000
          0.0000
         15.1713
          1.9015
          6.5292
         24.5717
         20.4268
          0.0000
          0.0000
          0.0000
          0.0000
          0.0000
          0.0000
          0.0000
          0.0000
          0.0000
          0.0000
          0.0000
          0.0000
          0.0000
          0.0000
          0.0000
          0.0000
         -2.8703
          0.0000
          0.0000
          0.0000
          0.0000
          0.0000
          0.0000
          0.0000
          0.0000
          0.0000
          0.0000
          0.0000
          0.0000
          0.0000
          7.3829
          0.0000
          0.0000
          0.0000
          0.0000
          0.0000
          0.0000
          0.0000
         21.2801
        223.8279
          7.4517
          0.0000
          0.0000
          0.0000
          0.0000
         22.1969
         99.2508
          0.0000
          0.0000
          0.0000
          0.0000
         82.6926
        107.7608
          0.0000
          0.0000
          0.0000
         19.5947
          0.0000
          0.0000
         19.7800
         12.6480
          0.0000
         42.4013
        222.7331
          0.0000
          0.0000
          0.0000
          0.0000
          0.0000
          0.0000
          0.0000
          0.0000
          0.0000
          0.0000
          0.0000
          0.0000
          6.1337
          0.0000
          0.0000
          0.0000
          0.0000
          0.0000
          0.0000
          0.0000
          0.0000
          0.0000
          0.0000
          0.0000
         -5.2153
          0.0000
          0.0000
          0.0000
          0.0000
          0.0000
          8.3880
          0.0000
          0.0000
          0.0000
          0.0000
          0.0000
          0.0000
         16.5946
        119.0738
        182.0999
          0.0000
          0.0000
          0.0000
          0.0000
         18.3787
         25.3144
          3.4144
          0.0000
          0.0000
          0.0000
          1.8217
         21.4591
         16.4649
         52.2056
         30.1402
          0.0000
          0.0000
          0.0000
          0.0000
          1.4442
          0.0000
          0.0000
          0.0000
          0.0000
          0.0000
          0.0000
          0.0000
          0.0000
          6.2044
         21.9909
         32.1262
         27.6795
        195.6408
         15.3793
         75.4786
          0.0000
         -4.2136
         -0.9315
          3.6626
         12.4825
         52.0177
          0.0000
          0.0000
         16.2138
         25.9256
         15.4831
         -3.0842
          0.0000
          0.0000
          0.0000
          0.0000
          0.0000
          0.0000
          0.0000
          0.0000
          0.0000
          0.0000
          0.0000
          0.0000
          0.0000
          0.0000
          0.0000
          0.0000
          0.0000
          0.0000
          0.0000
          0.0000
          7.5628
         20.1341
         18.2608
         11.3772
          0.0000
          1.1327
          0.0000
          1.0910
          8.1991
         68.4724
         78.3332
         54.7140
         55.8662
         15.0375
          0.0000
          0.0000
          0.0000
          0.0000
         61.8907
         75.1714
          0.0000
          0.0000
          0.0000
          0.0000
          0.0000
          0.0000
          0.0000
          0.0000
          9.1446
        101.6614
          7.7548
          0.0000
          0.0000
          0.0000
          0.0000
         10.6729
          0.0000
          0.0000
          0.0000
          0.0000
         19.5241
         12.7989
         81.1539
        141.8277
        207.2061
        130.4855
         32.1508
          0.0000
          0.0000
          0.0000
          0.0000
          0.0000
          0.0000
          0.0000
          0.0000
          0.0000
          5.5256
          0.0000
          0.0000
          4.9094
          0.0000
          0.0000
          0.0000
          0.0000
         18.8158
          9.9014
          1.7330
          6.5899
          0.0000
          0.0000
          0.0000
          0.0000
          0.0000
          8.4355
        180.8461
        175.1091
         29.4144
          0.0000
          0.0000
          0.0000
          0.0000
          0.0000
        115.3271
         78.4129
          0.0000
          0.0000
          0.0000
          0.0000
          0.0000
          9.7093
         13.5397
         23.7953
         18.8992
         14.2757
         14.2757
