          0.0000
          0.0000
          0.0000
          0.0000
          0.0000
          0.0000
          0.0000
          0.0000
          0.0000
          0.0000
          0.0000
          0.0000
          0.0000
          0.0000
          0.0000
          0.0000
          0.0000
          0.0000
          0.0000
          0.0000
          1.7625
          0.0000
          0.0000
          0.0000
          0.0000
          0.0000
          0.0000
          0.0000
          2.9073
          0.0000
          0.0000
          0.0000
          0.0000
          0.0000
          0.0000
         11.4452
         22.2984
         19.0309
         67.7105
          0.0000
          0.0000
          0.0000
          0.0000
         12.5545
          3.0052
          0.0000
          0.0000
          0.0000
          0.0000
          0.0000
          0.0000
         12.7842
         39.4246
         97.3620
        140.0195
         24.1781
          0.0000
          0.0000
          0.0000
          0.0000
          0.0000
          0.0000
         49.3860
         59.5421
         10.6858
          0.0000
          0.0000
          0.0000
          0.0000
          0.0000
          0.0000
          6.8960
          0.0000
          0.0000
         10.1382
         71.8094
         42.1186
          2.9174
         17.3840
        122.3972
        158.1182
         99.8928
         57.2116
          0.4146
          0.0000
          0.0000
          0.0000
          0.0000
          0.0000
          0.0000
          0.0000
          0.0000
          0.0000
          0.0000
         33.8973
         67.4828
         34.2073
         52.0708
        110.1551
        123.1559
         52.3995
          0.0000
          0.0000
          0.0000
          0.0000
          0.0000
          0.0000
          0.0000
          0.0000
          0.0000
          2.5970
          9.7568
         45.4019
          0.0000
          0.5678
          0.0000
          0.0000
          0.0000
         33.5743
         31.7676
          0.0000
          0.0000
          0.0000
          0.0000
          0.0000
          0.0000
          0.0000
          0.0000
          0.0000
          0.0000
          0.0000
          0.0000
          0.0000
         59.3602
         17.1537
          0.0000
          0.0000
          0.0000
          0.0000
          6.0043
          8.0253
        149.7112
          0.0000
          0.0000
          0.0000
         10.7350
         13.6596
         19.9981
         43.5654
         97.7330
          0.0000
          0.0000
          2.1312
         35.6448
         32.0262
          0.0000
          0.0000
          0.0000
          0.0000
          0.0000
          0.0000
          7.3621
          0.0000
          0.0000
          0.0000
          0.0000
          0.0000
          0.0000
          0.0000
          0.0000
          0.0000
          0.0000
          0.0000
          0.0000
          0.0000
          0.0000
          0.0000
          0.0000
          0.0000
          0.0000
          2.6296
          0.0000
          0.0000
          0.0000
          0.0000
          0.0000
          0.0000
          7.0465
          6.1736
          0.0000
          0.0000
          0.0000
         10.0361
         11.1020
         14.1662
          0.0000
          0.0000
          3.6015
         63.7262
         56.4421
         84.0336
        113.8441
         91.5049
         81.9610
         -8.9928
          0.0000
          0.0000
         49.7424
          7.6286
          0.0000
          0.0000
          0.0000
          0.0000
          0.0000
         70.5244
         93.7095
         16.9928
          0.0000
         20.4860
         18.6071
         11.8625
          0.0000
         34.9428
         70.1341
          0.0000
          2.9678
          0.0000
          0.0000
          0.0000
          0.0000
          0.0000
          0.0000
          0.0000
          0.0000
          0.0000
          0.0000
          0.0000
          0.0000
          0.0000
          0.0000
          0.0000
          0.0000
          0.0000
          0.0000
          3.1678
         11.8702
         67.2852
         15.8834
          0.0000
          0.0000
          0.0000
          0.0000
          0.0000
          0.0000
         23.4912
          0.0000
          0.0000
          0.0000
          0.0000
          0.0000
         28.8699
          0.0000
          0.0000
          0.0000
          0.0000
          0.0000
          0.0000
          0.0000
          3.4556
          0.0000
          0.0000
         52.0809
        130.0867
         74.1893
         12.3436
          0.0000
          0.0000
          0.0000
         -1.6620
         99.6714
         24.5264
          0.0000
          0.0000
          0.6436
        -12.4823
          0.0000
          0.0000
        164.2526
          0.0000
          0.0000
          0.0000
          0.0000
          0.0000
          0.0000
         45.3569
         21.1280
          6.4776
         -2.2997
         10.2249
          2.5357
          0.0000
        191.0141
        225.2872
         77.6764
          0.0000
          0.0000
          0.0000
          0.0000
          1.6286
          8.7571
          2.7574
          0.0000
          0.0000
          0.0000
          0.0000
          0.0000
          0.0000
          0.0000
          0.0000
          0.0000
          9.0849
          6.4926
          3.1683
         19.0909
         28.1174
         13.2382
         97.7296
         69.0122
         27.7233
          0.0000
          6.2038
        122.3616
        186.3009
         35.9887
         -0.6852
          0.0000
          0.0000
          0.0000
          0.0000
         50.4931
         46.4250
          0.0000
          0.0000
          0.0000
         13.8535
          0.0000
          0.0000
          0.0000
         -7.0194
          0.0000
          0.0000
         15.6506
          0.0000
         16.2203
         93.2826
         92.5846
         28.9690
          9.8988
          0.0000
          3.3903
         15.9673
          6.0441
          0.0000
          0.0000
          4.4570
         11.3365
         89.6085
         37.4182
          0.0000
          0.0000
          0.0000
          0.0000
          0.0000
          0.0000
         12.8269
         57.2652
         37.9949
          0.0000
          2.9537
          0.0000
          0.0000
          0.0000
         82.2972
        148.2097
         20.2631
          0.0000
          0.0000
          0.0000
         13.8112
          0.0000
         10.0783
          4.5921
          0.0000
          0.0000
          0.0000
          0.0000
          0.0000
          0.0000
          0.0000
          0.0000
          0.0000
          0.0000
          2.2048
         18.2061
         29.5185
          0.1458
          0.0000
          0.0000
          0.0000
         17.8109
         94.9927
        172.3164
         51.5781
          0.0000
          0.0000
          0.0000
          0.0000
          0.0000
          0.0000
          0.0000
         17.8632
         76.7682
         35.5678
          0.0000
          0.0000
          0.0000
          0.0000
         10.8236
         30.0202
         78.1407
          0.0000
          0.0000
          0.0000
          0.0000
          0.5078
          8.9289
         14.2959
         59.6041
          0.0000
          0.0000
          0.0000
          0.0000
          6.3575
         11.2908
         12.5173
          0.0000
        137.5743
          0.0000
          0.0000
          0.0000
         23.9207
         19.5767
         80.5710
        181.4492
         97.0796
          4.7158
          0.0000
          0.0000
          0.0000
          0.0000
          0.0000
          0.0000
          0.0000
          0.0000
          0.0000
          0.0000
          0.0000
          0.0000
          0.0000
          0.0000
          4.1875
         22.8770
          0.0000
          0.0000
          8.8944
         37.0524
         26.6499
         15.2634
         41.7809
         60.2107
        206.3487
        234.9352
        191.7064
         91.9240
         29.8766
          0.0000
          0.0000
          0.0000
          0.0000
          0.0000
          0.0000
          0.0000
          0.0000
          0.0000
          0.0000
          0.0000
          0.0000
          4.8942
         12.4786
         10.6456
         50.8930
         48.9772
          6.6924
         27.8366
          0.0000
          0.0000
         13.7010
         44.0297
          0.0000
          0.0000
         46.4708
         16.2607
          0.0000
          0.0000
          0.0000
          0.0000
          0.0000
          0.0000
          0.0000
          0.0000
          0.0000
          0.0000
          0.0000
          0.0000
          0.0000
          0.0000
         76.2434
        159.4682
        195.3875
        183.3168
        153.0125
        188.7138
        179.9902
          0.0000
          0.0000
          0.0000
          0.0000
          0.0000
          0.0000
          0.0000
          0.0000
          0.0000
          0.0000
          0.0000
          0.0000
          0.0000
          0.0000
          0.0000
          0.0000
          0.0000
          0.0000
         24.4081
         11.6008
        -16.4917
          0.5320
         15.9504
          6.3085
        115.6697
        219.7272
        138.1848
        154.0681
        159.1573
        159.0618
        129.9878
         79.6271
         19.3007
          0.0000
          0.0000
          0.0000
          0.0000
          0.0000
          0.0000
          0.0000
          0.0000
         67.6264
         37.7416
        -11.6240
          0.0000
          0.0000
          0.0000
         17.0370
         88.5436
         50.5098
          5.2712
          5.2548
          0.0000
          0.0000
          0.0000
          0.0000
          0.0000
          0.0000
          0.0000
          0.0000
          0.0000
          0.0000
          0.0000
          0.0000
          0.0000
          0.0000
          0.0000
          0.0000
          0.0000
          0.0000
          0.0000
          0.0000
          0.0000
          0.0000
          0.0000
          0.0000
         14.4845
          8.9928
          2.3726
          0.0000
          0.0000
          0.0000
          0.0000
          0.0000
         10.4270
         49.0839
        119.0648
        152.0721
         86.7807
          0.0000
          0.0000
          0.0000
          0.0000
          0.0000
         95.1935
        110.3787
          0.0000
          0.0000
          0.0000
          0.0000
          0.0000
          6.4694
        110.2913
         96.0356
          0.0000
          0.0000
          0.0000
          0.0000
         19.9559
         26.4472
         29.9249
         -4.5630
         54.7220
         22.1390
         31.5999
         33.9210
         15.3797
         24.5438
         76.1646
         32.1865
          0.0000
          0.0000
         73.6738
         28.9447
          0.0000
          6.2638
         31.3976
         99.5711
         28.9336
          0.0000
          0.0000
          0.0000
          0.0000
          0.0000
          0.0000
          0.0000
          0.0000
          0.0000
          0.0000
          0.0000
          0.0000
          0.0000
          0.0000
          0.0000
          0.0000
         22.4806
         43.0165
         24.6054
         35.1747
         27.5806
         41.4503
        121.2420
         94.0177
          0.0000
         75.3882
        130.6397
        146.4748
         17.5320
          0.0000
          0.0000
          0.0000
          0.0000
          0.0000
          0.0000
          0.0000
          0.0000
          0.0000
          0.0000
          0.0000
          0.0000
          0.3301
          0.0000
          0.0000
          0.0000
          0.0000
          0.0000
          0.0000
        -13.2287
         -3.4414
          0.0000
         39.5257
         73.2651
          0.0000
          0.0000
          0.0000
         22.6669
          0.0000
          8.9995
         15.0497
         25.4858
         61.0853
        113.7483
        231.9628
         37.0188
          0.0000
          0.0000
          0.0000
          0.0000
          0.0000
          0.0000
          0.0000
         81.6878
         63.7702
          0.0000
          0.0000
          0.0000
          0.0000
          0.0000
          0.0000
          0.0000
          0.0000
          0.0000
          0.0000
          0.0000
          0.0000
          0.3872
          0.0000
         34.7136
          3.7913
         -2.4430
          0.0000
          0.0000
          0.0000
          0.0000
          0.0000
         43.6391
         85.9020
         57.5105
         -9.3477
         -6.5587
          0.0000
          0.0000
          0.0000
          0.0000
          0.0000
          1.0437
          0.0000
          0.0000
          0.0000
          0.0000
          0.0000
          0.0000
          0.0000
          0.9309
         49.5888
          1.2577
         -5.9594
         12.6311
          0.0000
          0.0000
          0.0000
          4.7592
          0.0000
         -2.0364
         25.3375
         31.0772
         73.6144
         14.6697
          9.7566
         22.5960
         66.0113
         10.9311
          0.0000
          0.0000
          0.0000
         39.5212
          0.0000
          0.0000
          0.0000
          0.0000
          0.0000
          0.0000
          0.0000
          0.0000
          0.0000
          3.4039
          8.4304
          4.6241
          0.0000
          0.0000
          0.0000
          0.0000
          0.0000
          7.8673
        104.2841
        156.3713
         43.3479
          0.0000
          0.0000
          0.0000
          0.0000
          7.6927
         -6.4829
        137.4716
        109.3189
         30.5713
         94.0734
        229.3593
        129.5299
          0.0000
          0.0000
          0.0000
          0.0000
          0.0000
          0.0000
          0.0000
          0.0000
          8.8384
          9.5555
          0.7991
          0.0000
          0.0000
          0.0000
          0.0000
          0.0000
          0.0000
          0.0000
          5.6473
          0.0000
         37.0104
        155.0467
        101.2857
          0.0000
          0.0000
          0.0000
          0.0000
          0.0000
          0.0000
          0.0000
          0.0000
          0.0000
          0.0000
          0.0000
          0.0000
          0.0000
         25.5622
          0.0000
         18.3737
         19.5516
         -1.6692
         -2.0900
          8.0605
          0.6379
          1.5084
         30.4004
          0.0000
          0.0000
          0.0000
         50.9240
         89.3085
         73.8434
          0.0000
          0.0000
          9.8734
          0.0000
          0.0000
          0.0000
          0.0000
          0.0000
          0.0000
          4.1629
         52.9390
          0.0000
         18.3399
         35.1584
          3.4593
          0.0000
          0.0000
         37.7286
        129.7457
          2.5003
          0.0000
          0.0000
          0.0000
          0.0000
          0.0000
          0.0000
          2.1596
          0.0000
          0.0000
          2.1836
         36.2499
          4.1470
          0.0000
          6.8277
        116.4166
        103.8677
          0.0000
          3.0987
          6.0022
          0.0000
          0.0000
          0.0000
         35.5256
         18.1430
          0.0000
          0.0000
          7.7119
          9.0111
        -11.0814
         42.4601
         89.1436
          0.0000
          0.0000
          0.0000
          0.0000
          0.0000
          0.0000
          0.0000
          0.0000
          0.0000
          0.0000
          0.0000
          0.0000
          0.0000
          0.0000
          0.0000
          0.0000
          0.0000
          0.0000
          0.0000
          0.0000
         28.5424
         23.8728
          0.0000
          0.0000
         61.2830
         79.0123
         26.5444
         20.5183
         54.1326
         40.6200
         11.6120
         -0.1270
          0.0000
          0.0000
          0.0000
          0.0000
          0.0000
          0.0000
          0.0000
          0.0000
          0.0000
          0.0000
          0.0000
         14.3118
          8.1475
          0.0000
          0.0000
          0.0000
         19.5004
          0.0000
         14.9309
        139.7647
        154.4768
        126.1362
        145.0628
         52.3708
          0.0000
          0.0000
          0.0000
          0.0000
          0.0000
          0.0000
          0.0000
         13.2194
         25.2081
         58.5438
         34.8621
          0.0000
          0.0000
          0.0000
          0.0000
          0.0000
          0.0000
          0.0000
          0.0000
          0.0000
          0.0000
          0.0000
          0.0000
          0.0000
          0.0000
          0.0000
          0.0000
          0.0000
          0.0000
          0.0000
          0.0000
          0.0000
          0.0000
          2.0496
          8.4664
         41.5574
         85.7989
        146.8243
        183.9553
        133.3722
         54.0050
          0.0000
          0.0000
          0.0000
          0.0000
          0.0000
          0.0000
          0.0000
          9.3744
         26.8872
         23.5239
         39.3062
         65.7817
         63.5551
         37.0317
         93.0805
         44.1863
          0.0000
          0.0000
          0.0000
          0.0000
          0.0000
          0.0000
          0.0000
          0.0000
          0.0000
          0.0000
          0.0000
          0.0000
          8.6229
         18.6121
         55.0246
         59.3605
         31.3397
         -4.6811
          0.0000
          0.0000
          0.0000
          0.0000
          0.0000
          0.0000
          0.0000
          0.0000
          0.0000
          0.0000
          0.0000
          0.0000
          0.0000
          0.0000
          3.4866
         11.9458
         15.8405
         10.4062
         -4.5747
        145.6094
        120.3844
          0.0000
          0.0000
          0.0000
          0.0000
          0.0000
          0.0000
          0.0000
          0.0000
          0.0000
          0.0000
          0.0000
          0.0000
          0.0000
          0.0000
          0.0000
          0.0000
          0.0000
          0.0000
          0.0000
          0.0000
          0.0000
         20.3646
         38.9946
         15.9641
          0.0000
          0.0000
          0.0000
          0.0000
          0.0000
          0.0000
          0.0000
          0.0000
          0.0000
          0.0000
          0.0000
          2.6662
          0.0000
          1.5190
          0.0000
         82.5519
         71.7862
         -1.4735
         -0.5788
          0.0000
          0.0000
          0.0000
          0.0000
         21.5696
          0.0000
          0.0000
          0.0000
          0.0000
          0.0000
          0.0000
          0.0000
          0.0000
          0.0000
          0.0000
          0.0000
          0.0000
         54.6345
         48.1149
         39.1499
         85.8778
          0.0000
          0.0000
          0.0000
          0.0000
          0.0000
          0.0000
          0.0000
          0.0000
          0.0000
          0.0000
          0.0000
          7.8686
         13.9190
          4.8973
         15.7060
         24.0914
        106.8921
         24.6611
          9.4431
         22.3788
         12.2876
          0.3214
          0.0000
          0.0000
          0.0000
          0.0000
          0.0000
          0.0000
          0.0000
          0.0000
          0.0000
          0.0000
          0.0000
          1.4841
          8.9441
         13.5239
         12.1662
         27.3652
         21.4572
         60.9783
          8.3657
         16.1291
          1.3247
          0.0000
          0.0000
         41.9769
         83.5602
          0.0000
          0.0000
          0.0000
          0.0000
          0.0000
          0.0000
          0.0000
          0.0000
          0.0000
          7.9289
          0.0000
          0.0000
          0.0000
          0.0000
          0.0000
          0.0000
          0.0000
          0.0000
          0.0000
          0.0000
          4.3521
          0.0000
          0.0000
          0.0000
          0.0000
          0.0000
          0.0000
          0.0000
          0.0000
          0.0000
          0.0000
          0.0000
          0.0000
          0.0000
          6.3360
         36.4046
         37.5116
          8.0927
          5.4413
          0.0000
          0.0000
          0.0000
          0.0000
          0.0000
          9.7638
         10.5835
          2.3758
          0.0000
          0.0000
          0.0000
          0.0000
          0.0000
          0.0000
          1.3790
         -0.0598
         15.4485
         77.1130
         41.2505
          0.0000
          0.0000
          0.0000
          0.0000
          0.0000
          0.0000
          0.0000
          0.0000
          0.0000
          0.0000
          0.0000
          0.0000
          0.0000
          0.0000
          0.0000
          0.0000
          0.0000
          0.0000
          0.0000
          0.0000
          0.0000
          0.0000
          0.0000
          0.0000
          0.0000
          0.0000
          0.0000
          0.0000
          0.0000
          0.0000
          0.0000
          0.0000
          0.0000
         29.9513
         20.9790
          7.5024
         62.5906
         66.6550
        152.0211
        178.9344
          0.0000
          0.0000
          0.0000
          0.0000
          0.0000
          0.0000
          0.0000
          0.0000
          0.0000
          0.0000
          0.0000
          0.0000
          0.0000
          0.0000
          0.0000
          0.0000
          0.0000
          0.0000
          0.0000
          0.0000
          0.0000
          0.0000
          0.0000
          0.0000
          0.0000
          0.0000
          0.0000
          0.0000
          0.0000
          0.0000
          0.0000
          0.0000
          0.0000
          0.0000
          0.0000
          0.0000
          0.0000
          6.0398
          5.5796
          0.0000
          0.0000
          0.0000
          0.0000
          0.0000
          8.3586
          0.0000
          0.0000
         26.7762
         14.1515
          6.2342
         19.0936
          0.0000
          0.0000
          0.0000
        164.3027
         60.6145
          0.0000
          0.0000
          0.0000
          0.0000
         88.0991
        166.7652
         13.7986
          0.0000
          0.0000
          0.0000
          0.0000
          0.0000
          2.0389
          4.7446
          9.5331
         45.3832
        146.6811
         72.9095
          0.8036
          0.0000
          0.0000
          0.0000
          0.0000
         23.7061
         20.6499
          0.9846
          1.4396
          0.0000
          0.0000
          0.0000
          0.0000
          0.0000
          0.0000
          0.0000
          6.2136
          0.0000
          0.0000
          0.0000
          0.0000
          0.0000
          0.0000
          0.0000
          0.0000
          0.0000
          0.0000
          0.0000
         11.9091
          0.0000
          0.0000
          6.2345
          0.0000
          0.0000
          4.6932
          0.0000
          0.0000
          0.0000
          0.0000
          0.0000
          0.0000
          4.4960
         60.3047
         46.9222
         50.1478
          0.0000
          0.0000
          0.0000
          0.0000
          0.0000
          0.0000
          0.0000
          0.0000
          0.0000
         17.5523
         29.7927
         13.2801
         12.4456
          6.8387
         -7.6255
          0.0000
         83.1531
          0.0000
         28.7159
         10.7231
         51.3109
         68.0093
         35.9827
         -3.8063
          0.0000
          0.0000
          0.0000
          0.0000
         33.7401
          1.2271
          0.0000
          1.4496
          0.0000
          0.1060
          0.0000
          0.0000
          0.0000
          0.0000
          0.0000
          0.0000
          0.0000
          0.0000
          0.0000
          0.0000
          0.0000
          0.0000
          0.0000
          0.0000
          0.0000
          6.0376
         11.2019
         40.7805
        128.0434
         89.8703
          0.0000
          0.0000
          0.0000
          0.0000
         25.6796
         19.4669
          7.1393
          1.6947
          1.9842
          8.0264
          0.0000
          0.0000
          0.0000
          0.0000
          0.0000
          0.0000
          0.0000
          0.0000
          0.0000
          0.0000
          0.0000
          0.0000
          0.0000
          0.0000
          0.0000
          0.0000
          0.0000
          0.0000
          0.0000
          0.0000
          0.0000
          0.0000
          0.0000
          0.0000
          0.0000
          0.0000
          0.0000
          0.0000
          2.8807
          3.5037
          0.0000
          0.0000
          0.0000
          0.0000
          0.0000
          0.0000
          0.8002
         26.1774
         35.8706
         34.5294
          0.0000
          0.0000
          0.0000
          0.0000
         22.3622
         41.9259
         16.8023
          0.0000
          0.0000
          0.0000
          6.6051
         14.9606
          0.0000
          0.0000
         42.0449
         51.2483
          0.0000
          0.0000
         25.8473
         29.2423
         32.8944
         10.7517
          8.0263
         73.9208
          0.0000
          0.0000
          0.0000
          0.0000
          0.0000
          2.3808
          0.0000
          0.0000
         37.6542
          0.0000
          0.0000
          0.0000
          0.0000
          0.0000
          0.0000
         -1.6000
          7.1640
          9.9958
         28.8715
         17.8641
          2.2759
         23.8330
          0.0000
          0.0000
          0.0000
          0.0000
         13.6652
         12.2312
          2.5972
          3.8622
          0.0000
          0.0000
          0.0000
          0.0000
          0.0000
          0.0000
          0.0000
          0.0000
          0.0000
          0.0000
          0.0000
          0.0000
         15.4603
         10.5911
          0.0000
          0.5721
          0.0000
          0.0000
          0.0000
          0.0000
          0.0000
          6.5027
          0.0000
          0.0000
          0.0000
          0.0000
          0.0000
          0.0000
          1.2979
          9.6246
          4.4700
          4.9877
          0.0000
          0.0000
          0.0000
          0.0000
         10.2702
         23.5726
         28.3264
         18.8504
          0.0000
          0.0000
          0.0000
          0.0000
         60.9125
          5.7469
          0.0000
          0.0000
          0.0000
          0.0000
          0.0000
          0.0000
          0.0000
          0.0000
          0.0000
          0.0000
          0.0000
          0.0000
          0.0000
          0.0000
          0.0000
          0.0000
          0.0000
          0.0000
          0.0000
          0.0000
          0.0000
          4.6448
         18.6070
         11.5221
         17.4342
         12.1487
          0.0000
          0.0000
          0.0000
          0.0000
          0.0000
          0.0000
          0.0000
          5.1122
          0.0000
          0.0000
          0.0000
          0.0000
          0.0000
          0.0000
          0.0000
          0.0000
          5.9950
          2.5460
          0.0000
          0.0000
          0.0000
          0.0000
          0.0000
          0.0000
         18.2230
          0.0000
          0.0000
          0.0000
          0.0000
          0.0000
          0.0000
          0.0000
          0.0000
         22.9663
          0.0000
          0.0000
          0.0000
          0.0000
          0.0000
          0.0000
          0.0000
          0.0000
          0.0000
          0.0000
          0.0000
          8.8926
          0.0000
          0.0000
         16.1597
         57.5029
          0.2205
          0.0000
          0.0000
          0.0000
          0.0000
          0.0000
          0.0000
          0.0000
          0.0000
          0.0000
          0.0000
          0.0000
          0.0000
          0.0000
          0.0000
          0.0000
          0.0000
          0.0000
          0.0000
          0.0000
          0.0000
          0.0000
          0.0000
          0.0000
          0.0000
          0.0000
          0.0926
          0.0000
          0.0000
          6.3645
          0.0000
         28.2589
         15.8945
          0.0000
          3.5919
         17.3705
         -1.0208
        -17.6274
          0.0000
          0.0000
         19.7196
         28.7276
         31.3169
         34.3350
         40.5711
         44.5210
          0.0000
          0.0000
          0.0000
          4.1930
          0.4825
          0.6707
          3.7063
         -2.5814
         44.1548
         19.9204
          0.0000
          0.0000
          0.0000
          0.0000
          4.4779
         -3.7483
          0.0000
          0.0000
          0.0000
          0.0000
          0.0000
          0.0000
          0.0000
          0.0000
          9.4782
         31.7367
         15.5380
          7.9847
          6.7127
          0.8773
          0.0000
          9.3773
         39.4559
         99.2428
         25.8228
          0.0000
          0.0000
          9.2483
          1.4021
         -8.7130
          0.0000
          7.3504
          0.0000
          0.0000
          0.0000
          0.0000
          0.0000
          0.0000
          0.0000
          0.0000
          0.0000
          0.0000
          0.0000
          0.0000
          0.0000
          4.2539
          0.0000
          0.0000
          0.0000
          0.0000
         13.3799
          8.6325
          2.8044
        -11.6034
         -3.1084
          0.0000
          0.0000
          0.0000
          0.0000
          0.0000
          0.0000
          0.0000
          0.0000
         39.0574
          0.0000
         11.8803
         41.9557
          0.0000
          0.0000
        143.1840
        115.7111
         -0.0444
          0.0000
          0.0000
          0.0000
          0.0000
          0.0000
          0.0000
          0.0000
         -7.5095
          0.0000
          0.0000
          0.0000
          0.0000
          0.0000
          0.0000
          0.0000
          0.0000
          0.0000
          0.0000
          0.0000
          0.0000
          0.0000
          0.0000
          0.0000
          0.0000
          0.0000
          0.0000
          0.0000
          0.0000
          0.0000
          0.0000
          0.0000
          0.0000
          0.0000
          0.0000
          0.0000
          0.0000
          0.0000
          0.0000
          0.0000
          0.0000
          0.0000
          0.0000
          0.0000
          0.0000
          0.0000
          0.0000
          0.0000
          0.0000
          5.0467
         14.1709
         19.7225
          1.7868
          0.0000
          0.0000
          0.0000
          0.0000
          0.0000
          0.0000
          0.0000
          0.0000
          0.0000
          0.0000
          0.0000
          0.0000
          0.0000
          0.0000
          0.0000
          0.0000
          0.0000
          0.0000
          0.0000
          0.0000
          0.0000
          0.0000
          0.0000
          0.0000
          0.0000
          0.0000
          0.0000
          0.0000
          0.0000
          0.0000
          0.0000
          0.0000
          0.0000
          0.0000
          0.0000
          0.0000
         51.5762
         10.5975
         21.6476
         11.2598
          8.2982
          7.3218
         -3.6394
          0.0000
          0.0000
          0.0000
          0.3898
         -0.2962
          1.0596
          0.0000
          0.0000
          0.0000
          0.0000
          0.0000
          0.0000
          0.0000
          5.4089
          7.2251
          0.0000
          0.0000
          0.0000
          0.0000
          0.0000
          0.0000
          5.8324
         82.6184
          0.0000
          0.0000
          0.0000
          0.0000
          0.0000
          0.0000
          0.0000
          0.0000
          0.0000
          0.0000
         45.2259
          0.0000
          0.0000
          0.0000
          0.0000
          0.0000
          0.0000
          0.0000
          0.0000
          0.0000
          0.0000
          0.0000
          0.0000
          0.0000
          0.0000
          0.0000
          0.0000
          0.0000
          0.0000
          0.0000
          0.0000
          0.0000
          0.0000
          0.0000
          0.0000
          0.0000
          0.0000
          0.0000
          0.0000
          0.0000
          0.0000
          0.0000
          0.0000
          0.0000
          0.0000
          0.0000
          0.0000
          0.0000
          0.0000
          2.0337
          0.0000
         31.1674
         47.3354
          1.6388
          0.0000
         16.7346
          0.0000
         90.0337
         25.9340
          0.0000
          0.0000
          0.0000
          0.0000
          2.8895
          0.0000
        169.7565
         93.6027
          0.0000
          0.0000
          0.0000
          0.0000
          2.8551
          0.0000
          0.0000
          0.0000
          0.0000
          7.6903
          4.3790
          0.0000
          0.0000
          0.0000
          0.0000
          0.0000
          0.0000
          0.0000
          0.0000
          0.0000
          0.0000
          0.0000
          0.0000
          0.0000
          0.0000
          0.0000
          3.0927
          3.4236
          0.0000
         27.4969
         12.9636
          0.0000
          0.0000
          0.0000
          0.0000
          0.0000
          4.1450
          0.0000
          0.0000
          0.0000
          0.0000
          0.0000
          0.0000
          0.0000
          0.0000
          0.0000
          0.0000
          0.0000
          0.0000
          0.0000
          0.0000
          0.0000
          0.0000
          0.0000
          0.0000
          0.0000
          0.0000
          0.0000
          0.0000
          0.0000
          0.0000
          0.0000
          0.0000
          0.0000
          0.0000
          0.0000
          0.0000
          0.0000
          0.0000
         14.5000
         61.6212
          0.0000
          0.0000
          0.0000
          9.4430
         50.2341
          1.3592
          0.0000
          0.0000
          0.0000
          0.0000
          0.0000
          0.0000
          0.0000
          0.6414
          0.9270
          0.0000
          0.0000
          0.0000
          0.0000
          0.0000
          0.0000
          0.0000
          0.0000
          0.0000
          0.0000
          0.0000
          0.0000
          0.0000
          0.0000
          0.0000
          0.0000
          0.0000
          0.0000
          0.0000
          0.0000
          0.6776
          0.0000
          0.0000
          0.0000
          0.0000
          0.0000
          0.0000
          0.0000
          6.5983
          9.5109
          3.8502
          0.0000
          0.0000
          0.0000
          0.0000
          0.0000
          0.0000
          0.0000
          4.7221
          0.0000
          0.0000
          0.0000
          0.0000
          0.0000
          0.0000
          0.0000
          0.0000
          0.0000
         22.8363
          5.6539
          3.3532
          0.0000
          0.0000
          0.0000
          0.0000
          0.0000
          0.0000
          0.0000
          0.0000
          0.0000
          0.0000
          0.0000
          0.0000
          0.0000
          0.0000
          0.0000
          0.0000
          0.0000
          0.0000
          0.0000
          0.0000
          0.0000
          0.0000
          0.0000
          0.0000
          0.0000
          0.0000
          0.0000
          0.0000
          0.0000
          0.0000
          0.0000
          0.0000
          0.0000
          0.0000
          0.0000
          0.0000
          0.0000
          0.0000
          0.0000
          0.0000
         11.8548
          4.7968
          0.0000
          0.0000
          0.0000
          0.0000
          0.0000
         11.8162
         34.8909
         16.9501
         47.0280
         39.5566
          0.0000
          0.0000
          0.0000
          0.0000
          0.0000
          0.0000
          0.0000
          0.0000
          0.0000
          4.6584
         26.9393
          0.0000
          9.3581
         65.0186
         37.5643
         70.7022
         51.8865
          0.0000
          0.0000
          0.0000
          0.0000
          0.0000
          0.0000
          0.0000
          0.0000
          0.0000
          0.0000
          0.0000
          0.0000
          0.0000
          0.0000
          4.1528
          2.2652
         90.7490
          0.0000
          0.0000
          3.4014
         29.2954
         12.0439
         -7.0434
          0.0000
         -1.5267
          0.0000
          0.0000
          0.0000
          0.0000
          0.0000
          0.0000
          0.0000
          0.0000
          0.0000
          0.0000
          0.0000
          0.0000
          0.0000
          3.1788
          0.0000
          0.0000
          0.0000
          0.0000
          0.0000
          0.0000
          0.0000
        170.1044
          0.0000
          0.0000
          0.0000
          0.0000
          0.0000
          1.1183
          0.0000
          0.0000
          0.0000
          0.0000
          0.0000
          0.0000
         77.0888
        188.2647
         92.7065
          6.5004
          0.0000
          2.8587
          0.0000
          0.0000
          0.0000
          0.0000
        144.9011
        151.8579
        186.3614
          0.0000
          0.0000
          0.0000
          0.0000
          0.0000
          0.0000
          0.0000
          0.0000
         52.1133
          0.0000
          0.0000
          0.0000
          0.0000
        129.2759
          0.0000
          0.0000
          0.0000
          0.0000
          0.0000
          0.0000
          2.7564
          0.0000
          0.0000
         38.8988
          0.0000
          0.0000
          0.0000
          0.0000
          0.0000
          0.0000
          0.0000
          0.0000
          0.0000
          0.0000
          0.0000
         17.5279
         21.0336
          7.1496
         30.5797
         66.1401
          0.0000
          0.0000
          0.0000
          0.0000
          0.0000
          0.0000
          0.0000
          0.0000
          0.0000
          0.0000
          0.0000
          0.0000
          0.0000
          0.0000
         10.3174
          0.0000
          0.0000
          0.0000
          0.0000
         21.5644
         28.6227
          5.6291
         15.3772
         23.2682
        179.3938
         31.7056
          0.0000
          0.0000
          0.0000
          0.0000
          9.9870
          0.0000
         13.0907
          0.0000
          0.0000
          0.0000
          7.3986
          0.6640
          3.3727
         27.1234
         10.5491
          0.0000
          0.0000
          0.0000
          0.0000
          0.0000
          0.0000
          0.0000
         56.5834
         26.9346
          0.0000
          0.0000
          0.0000
          0.0000
         12.6246
          3.4867
         95.0063
         31.2768
          0.0000
          0.0000
          0.0000
          0.0000
          0.0000
          0.0000
          0.0000
          0.0000
          0.0000
          0.0000
          0.0000
          0.0000
          0.0000
          0.0000
          0.0000
          0.0000
          0.0000
          0.0000
          0.0000
          0.0000
          0.0000
         12.2576
          7.4096
          0.0000
          0.0000
          0.0000
          0.0000
          0.0000
          0.0000
          0.0000
          1.8046
          0.0000
          0.0000
          2.2080
          7.3082
          0.0000
          2.8843
          0.0000
         -0.8164
          0.0000
          0.0000
          0.0000
          0.0000
          0.0000
          0.0000
          0.0000
          0.0000
          0.0000
          0.0000
          0.0000
          0.0000
          0.0000
          0.0000
          0.0000
          0.0000
          0.0000
          0.0000
          0.0000
          0.0000
          0.0000
          0.0000
          0.0000
          0.0000
          0.0000
          0.0000
          0.0000
          0.0000
          0.0000
          0.0000
          0.0000
          0.0000
          0.0000
          0.0000
          4.2996
         15.6139
         15.2173
          6.8941
         39.2654
        164.9482
         53.3381
          0.0000
          0.0000
          0.0000
          0.0000
         11.2221
          0.3139
         91.1898
          0.0000
          0.0000
          0.0000
          2.5837
          0.0000
          8.8798
          0.0000
          0.0000
          1.6789
          4.6205
          0.0000
          0.0000
          0.0000
          0.0000
          0.0000
         -2.5583
          0.0000
          0.0000
          0.0000
          0.0000
          0.0000
          0.0000
          0.0000
          0.0000
          0.0000
          0.0000
          8.4200
          9.3911
         -0.5731
        241.9592
        258.0518
        278.4492
          0.0000
          0.0000
          0.0000
          0.0000
          0.0000
          0.0000
          5.7963
          1.1932
         -0.9255
          0.0000
          0.0000
          0.0000
          0.0000
          0.0000
          0.0000
          0.0000
          0.0000
          0.0000
          0.0000
          0.0000
          0.0000
          8.8131
         50.3485
        150.7729
         17.7297
        -15.9867
         53.7930
         65.6917
         25.2189
        125.6085
        204.7916
        127.7793
          0.0000
          0.0000
          0.0000
          0.0000
          0.0000
          0.0000
          0.0000
        -16.4465
         -6.8967
          0.0000
         15.5978
         -0.9352
         24.5529
         94.6012
        168.8266
        123.5704
          0.0000
          0.0000
          0.0000
          0.0000
          0.0000
          0.0000
          0.0000
          0.0000
          0.0000
          0.0000
          0.0000
          0.0000
          0.0000
          0.0000
          0.0000
          0.0000
         83.2863
         37.9950
          0.0000
          0.0000
          0.0000
          0.0000
          0.0000
          0.0000
          0.0000
          0.0000
          0.0000
          0.0000
          0.0000
          6.5548
         48.1804
        151.1031
        153.2935
         45.7506
         12.7769
          0.3572
         97.0006
        134.3822
        109.7800
         60.4792
          0.0000
          0.0000
          0.0000
          0.0000
          0.0000
          0.0000
          2.9915
         21.3619
         11.8837
         23.9616
        113.9631
        167.4334
         71.7636
         20.8800
          9.7931
          0.0000
          0.0000
          0.0000
          0.0000
          0.0000
          0.0000
          0.0000
          0.0000
          0.0000
          0.0000
          0.0000
          0.0000
          0.0000
          0.0000
         11.5812
          0.0000
          0.0000
          0.0000
          0.0000
          0.0000
          0.0000
          0.0000
          0.0000
          0.0000
          0.0000
          0.0000
          0.0000
          0.0000
          0.0000
          0.0000
          0.0000
          0.0000
          0.0000
          0.0000
          0.0000
          0.0000
          0.0000
         32.1220
         80.2740
        136.3933
         92.6707
         11.0834
          0.0000
          0.0000
          0.0000
          0.0000
          0.0000
          0.0000
          0.0000
          0.0000
          0.0000
          0.0000
          0.0000
          0.0000
          0.0000
          0.0000
          0.0000
          0.0000
          0.0000
          0.0000
          0.0000
          0.0000
          0.0000
          0.0000
          0.0000
          0.0000
          0.0000
          0.0000
          0.0000
          0.0000
         13.5915
         17.4493
        -14.2577
          0.0000
          0.0000
          7.6984
          0.2687
          0.0000
         10.5898
         45.6732
         49.9541
          0.0000
          0.0000
          0.0000
          0.0000
          0.0000
         12.9375
         23.6801
          6.9962
          0.0000
          7.3015
          0.0000
          0.0000
          0.0000
          0.0000
         16.8265
          2.0221
          0.0000
         15.5836
          0.0000
          0.0000
          3.1452
         22.6741
         21.5752
        107.5484
          0.7220
          7.7109
          3.5515
          0.0000
          0.0000
         30.3469
         64.7699
         44.3020
         30.3945
         10.4094
         -4.8687
          3.7311
          5.0957
         -0.2424
        106.8189
        115.1052
          0.0000
          0.0000
          0.0000
          0.0000
          0.0000
          0.0000
          0.0000
          0.0000
          0.0000
          0.0000
          0.0000
          0.0000
          0.0000
          0.0000
          0.0000
          0.0000
          0.0000
          0.0000
         12.2209
          4.4946
        -16.8751
         48.1725
        229.3968
         20.3842
          0.0000
          0.0000
         23.1883
         36.2861
         95.1476
        121.6895
        107.3586
          0.0000
          0.0000
          0.0000
          0.0000
          0.0000
          0.0000
          0.0000
          0.0000
          0.0000
          0.0000
          0.0000
          0.0000
          0.0000
          0.0000
          0.0000
          0.0000
          0.0000
          0.0000
          4.5162
         25.7515
         12.0890
         -8.7330
          2.0803
        187.0543
        183.8779
          0.0000
          0.0000
          0.0000
          0.0000
          0.0000
          0.0000
          0.0000
          0.1388
         -3.7183
         33.9607
         61.3177
         23.7820
          0.0000
          0.0000
          0.0000
          0.0000
          0.0000
          0.0000
          0.0000
          0.0000
          0.0000
          0.0000
          0.0000
         10.2322
          0.0000
          0.0000
         20.3487
         24.6516
         19.1976
         -4.5895
        127.0442
         51.9926
          0.0000
          0.0000
          0.0000
         10.8025
          1.3848
          8.2025
          0.0000
          0.0000
          6.2044
          0.0000
          3.6505
         63.2128
          0.0000
          0.0000
          0.0000
          0.0000
          0.0000
          0.0000
          0.0000
          0.0000
          0.0000
          0.0000
          0.0000
          0.0000
          0.0000
          0.0000
          2.1648
         13.1616
         14.3415
         -4.4599
          0.0000
          0.0000
          0.0000
          0.0000
          0.0000
         14.7822
         21.7731
         19.5523
         21.8752
         61.3381
          0.0000
          0.0000
          0.0538
         12.9052
         18.4122
         34.1131
         77.1479
        122.4456
          0.0000
          0.0000
          0.0000
          0.0000
         19.5557
         18.1701
         73.4076
        104.2988
          0.0000
          0.0000
          0.0000
          0.0000
          0.0000
          0.0000
          0.0000
          0.0000
          0.0000
          0.0000
          0.0000
          0.0000
          0.0000
          0.3226
          0.0000
          0.0000
          0.0000
          0.0000
          0.0000
          0.0000
          0.0000
         17.5558
          0.0000
          0.0000
          0.0000
          0.0000
         22.5134
         10.3737
          5.1516
         59.3517
        147.6725
          0.0000
          0.0000
          0.0000
          8.2801
          1.4139
          0.0000
          3.3497
          0.0000
          0.0000
          0.0000
          0.0000
          0.0000
          0.0000
          2.6801
         12.5750
         36.3163
         36.6737
         36.6737
          0.0000
          0.0000
          0.0000
          0.0000
         15.4245
         14.1608
          9.3702
          3.0715
          0.0000
          0.0000
          0.0000
          0.0000
          0.0000
         22.5546
         56.1430
          0.0000
         16.6803
          8.8938
          8.0381
          0.0000
          0.0000
          0.0000
          0.0000
          0.0000
          0.0000
          7.5923
          9.4340
          7.1272
         22.4624
         71.0285
         39.1023
          0.0000
          0.0000
          7.1455
         13.5479
         25.3792
         60.1224
         88.6121
          0.0000
          0.0000
          0.0000
          0.0000
          0.8454
          0.0000
         11.1414
         18.1595
         43.8581
          0.0000
          0.0000
          0.0000
          0.0000
          0.0000
          0.0000
          0.0000
          0.0000
          0.0000
         17.3485
         15.5519
         11.3931
         20.4407
         25.1445
         16.9994
          2.0062
          0.0000
         32.2332
         74.1479
         34.5205
         91.0263
         45.5613
         49.8326
          0.0000
          0.0000
          0.0000
          0.0000
          0.3573
          5.6277
         26.0582
         45.5743
          0.0000
          0.0000
          0.0000
          0.0000
          0.0000
          0.0000
         54.6153
        107.1113
          0.0000
          0.0000
          0.0000
          0.0000
          0.0000
          0.0000
          0.0000
          0.0000
          0.0000
          0.0000
          0.0000
          0.0000
          0.0000
          0.0000
          0.0000
          0.0000
          7.3880
          2.8216
          0.0000
          0.0000
          0.0000
          0.0000
          0.0000
          4.5966
         56.3238
          0.0000
          0.0000
          0.0000
          0.0000
          0.0000
          0.0000
          0.0000
          0.0000
          0.0000
          0.0000
          5.1835
         -9.1901
         -0.9494
          0.0000
          0.0000
         20.0620
         24.1855
          0.0000
          0.0000
          0.0000
          0.0000
          0.0000
          0.0000
          0.0000
         14.5957
          0.0000
          0.0000
          0.0000
          0.0000
          0.0000
          0.0000
          0.0000
         24.5825
         53.3983
         23.8587
          0.0000
          0.0000
          0.0000
          0.0000
         89.9361
         79.1359
          0.0000
          0.0000
          0.0000
          0.0000
          0.0000
          0.0000
          0.0000
         34.2274
          0.0000
          0.0000
          0.0000
          0.0000
          0.0000
          0.0000
          0.0000
          0.0000
          0.0000
          0.0000
          0.0000
          0.0000
          0.0000
          0.0000
          4.4784
         93.0292
         96.8526
         65.2152
         15.6111
          0.0000
          2.2697
        112.8908
         24.4542
          0.0000
          0.0000
          0.0000
          1.4429
          2.5685
         18.0867
         40.9445
         49.9741
          0.0000
          0.0000
          0.0000
          0.0000
          0.0000
          1.0637
          0.0000
          0.0000
          0.0000
          0.0000
          0.0000
          0.0000
          0.0000
          3.9361
          4.9877
          0.8267
          0.0000
          0.0000
          0.0000
          0.0000
          0.0000
          0.0000
          0.0000
          0.0000
          0.0000
          0.0000
          0.0000
          0.0000
          0.0000
          0.2935
          1.4652
          3.1472
          3.5707
          0.0000
          0.0000
          0.0000
          0.0000
          4.2716
         10.1199
        103.9386
        109.4282
         22.7854
          4.7663
          8.8863
          7.0626
          8.6545
          0.0000
          0.0000
         67.0350
          4.5363
          9.8437
         32.9381
         39.3748
        -30.1881
         80.8501
          4.7130
          0.0000
          0.0000
          0.0000
          1.5351
         11.4622
         38.4890
        126.1792
         13.0134
          0.0000
          0.0000
          0.0000
          0.0000
          4.4021
          1.7345
          8.9878
          1.6637
          0.0000
          0.0000
          0.0000
          0.0000
          0.0000
          0.0000
          0.0000
          0.0000
          0.0000
          0.0000
          0.0000
          0.0000
          0.0000
          0.0000
          5.2270
         11.6757
         11.5365
          0.0000
          0.0000
          0.0000
          0.0000
          0.0000
          0.0000
          0.0000
          0.0000
          0.0000
          0.0000
          0.0000
          0.0000
          0.0000
          0.0000
          0.0000
          0.0000
          0.0000
          0.0000
          0.0000
          0.0000
          0.0000
          0.0000
          0.0000
          0.0000
          0.0000
          0.0000
          0.0000
          0.0000
          0.0000
          0.0000
          0.0000
          0.0000
          0.0000
          0.0000
          0.0000
          0.0000
         10.5375
          0.0000
          0.0000
         25.5671
         60.9761
         41.6028
          0.0000
          0.0000
          0.0000
          0.0000
          0.0000
          0.0000
          0.0000
          0.0000
          0.0000
          0.0000
          1.7420
          8.1551
         16.1573
          0.0000
          0.0000
          0.0000
          2.2237
          1.3554
         12.7970
         15.2927
        102.0236
          0.0000
          0.0000
          0.0000
          0.0000
          0.0000
          0.0000
          0.0000
          0.9733
          0.0000
          7.3756
         10.4558
          5.2046
         15.7720
         21.4935
         17.8857
          3.1661
          0.0000
          0.0000
          0.0000
          0.0000
          0.0000
         17.3258
         26.1532
          0.0000
          0.0000
         10.6261
         30.4910
         18.9668
          2.6607
         -2.2684
          0.0000
          0.0000
          0.0000
          0.0000
          3.2281
          0.0000
          0.0000
         36.0705
         99.6832
         12.5960
          0.0000
          0.0000
          0.0000
          0.0000
          0.0000
          0.0000
         77.1681
          0.0000
          0.0000
          0.0000
          0.0000
          0.0000
          0.0000
          0.0000
          0.0000
          0.0000
          0.0000
          0.0000
          0.0000
          0.0000
          0.0000
          0.0000
          0.0000
          0.0000
          0.0000
          0.0000
          0.0000
          0.0000
          0.0000
          0.0000
          0.0000
         82.5803
         97.1719
         32.9663
         20.5824
          0.0000
          0.0000
          0.0000
          0.0000
        118.2497
        145.9145
         85.1622
          0.0000
          0.0000
          0.0000
          0.0000
          0.0000
          0.0000
          0.0000
          0.0000
          0.0000
         -3.0793
          7.2688
          1.7561
         49.1678
         96.7492
         69.9195
         -6.0239
          0.0000
          0.0000
          0.0000
          0.0000
          0.0000
         15.3687
         18.4444
         10.3387
         37.4004
         27.1191
          0.0000
          0.0000
          0.0000
         53.3670
         15.2354
          0.0000
          0.0000
          0.0000
          0.0000
         10.1157
          0.0000
          0.0000
          0.0000
          0.0000
          0.0000
          0.0000
          0.0000
          0.4336
        -19.1831
        -23.8955
          4.6265
         69.7961
        229.4706
         83.6022
         31.2133
         49.8478
         40.3315
        295.6634
        267.6453
        108.7645
          0.0000
          0.0000
          0.0000
         13.7362
          3.5100
         82.2747
         90.8749
          6.9011
          0.0000
          0.0000
          0.0000
         11.3018
          5.7983
         60.7161
         52.3060
          0.0000
          0.0000
          0.0000
          0.0000
          4.5009
        113.9695
          0.0000
          0.0000
          0.0000
          0.0000
         11.0379
          0.0000
          0.0000
          0.0000
          0.0000
          0.0000
          0.0000
          0.0000
          0.0000
          0.0000
          0.0000
         71.8372
         22.5111
          0.0000
          0.0000
          0.0000
          0.0000
          0.0000
          0.0000
          0.0000
         46.9976
         10.2493
        -10.5002
        -14.5720
        -13.0064
          2.0788
          0.1583
         -2.4908
         25.7449
         65.7668
         27.6035
         -6.1096
         16.3861
         24.6762
         -4.8947
          0.0000
         79.5988
          0.0000
          0.0000
          0.0000
         10.6684
          0.0000
          2.3583
         10.4585
         91.6940
          3.9816
          1.3141
          7.3736
         15.5718
         19.1892
         53.5977
          0.0000
          0.0000
          0.0000
          0.0000
          0.0000
          0.0000
          0.0000
          0.0000
          0.0000
          0.0000
          1.4060
          5.8426
          3.2852
         16.6224
         34.6525
         24.0758
          7.7832
         27.6953
         20.9205
          1.1179
          0.0000
          0.0000
         25.3673
          0.0000
          0.0000
          6.7411
         99.1993
          8.5198
          0.0000
          0.0000
          0.0000
          0.6552
         24.3013
         57.0404
          0.0000
          5.5211
          0.0000
          0.0000
          1.4260
         -0.7047
         67.1916
         93.7339
         99.6130
          0.0000
          0.0000
          0.0000
          0.0000
          0.0000
         20.0861
         21.6949
         55.6959
         55.1921
         19.5244
          0.0000
          0.0000
          0.0000
          0.0000
          0.0000
         13.6328
         10.4185
         15.7350
         11.9799
        -15.6096
        -36.2578
         27.8880
          0.0000
          0.0000
          0.0000
          0.0000
          0.0000
          0.0000
         21.4534
         69.6178
         12.7578
          0.0000
          0.0000
          0.0000
          0.0000
          0.0000
          0.0000
          0.0000
          0.0000
          0.0000
          0.0000
         15.3415
          0.0000
          0.0000
          0.0000
          0.0000
         42.0742
         63.4817
         94.1862
         72.0442
         65.0468
          0.2301
          0.0000
          0.0000
        118.4381
        185.5059
        160.4605
        190.7094
        134.2718
         83.0655
          0.0000
          0.0000
         -2.0280
          0.0000
          0.0000
          0.0000
          0.0000
          0.0000
          0.0000
          0.0000
          0.0000
          0.0000
          0.0000
          0.0000
          0.0000
          0.0000
          0.9471
          0.0000
          0.0000
          0.0000
          0.0000
          0.0000
          0.0000
          0.0000
          0.0000
          0.0000
         20.1510
         51.9298
         12.1444
         19.5700
         34.9518
        107.9372
        130.6111
        198.7482
         68.9704
          0.0000
          0.0000
          0.0000
          0.0000
          0.0000
          3.7777
        103.6532
          0.0000
          0.0000
          0.0000
          0.0000
          0.0000
          0.0000
          0.0000
         33.8728
         41.3027
         14.6267
          9.9113
          0.0000
          0.0000
         27.6982
         90.8139
        100.0601
         70.4955
         55.1333
          0.0000
          0.0000
          0.0000
          0.0000
          0.0000
          0.0000
          0.0000
          0.0000
          0.0000
          0.0000
          0.0000
          0.0000
          0.0000
          0.0000
         -0.8404
          0.0000
          0.0000
          0.0000
          5.5966
          0.0000
          1.2372
          5.0062
         -5.4418
          0.0000
          1.1591
          0.0000
          0.0000
          0.0000
          0.0000
          0.0000
          0.0000
          0.0000
          0.0000
          0.0000
          0.0000
          0.0000
          0.0000
          0.0000
          0.0000
          0.0000
          0.0000
          0.8956
          4.2110
          0.2346
          0.0000
          0.0000
          0.0000
          0.0000
          0.0000
         22.0661
         18.1318
         -1.4168
          6.1968
          0.0000
          0.0000
         16.3712
          3.6049
          0.0000
          0.0000
          0.0000
          3.2107
          0.0000
          0.0000
         22.8249
         69.3524
        101.7260
          0.0000
         28.4874
         12.6282
         13.8734
         29.8675
          0.0000
          0.0000
          0.0000
          0.0000
          0.0000
          3.5759
         16.2125
          0.0000
          0.0000
          0.0000
          0.0000
          0.0000
          0.0000
          0.0000
          0.0000
          0.0000
         15.0099
         19.6332
         17.7198
          7.7024
         98.3858
         90.3534
          0.0000
          0.0000
          0.0000
          0.0000
          0.0000
          0.0000
         47.9585
        117.8702
         12.4864
          0.0000
          0.0000
          0.0000
          0.0000
          0.0000
          0.0000
          0.0000
          0.0000
          0.0000
         13.8481
          0.0000
          0.0000
          0.0000
          0.0000
          0.0000
          0.0000
          0.0000
          0.0000
          0.0000
          0.0000
         15.0914
         19.7524
         27.5500
        121.5901
          0.0000
          0.0000
          0.0000
          0.0000
          6.3062
          0.0000
          0.0000
         39.2028
         42.1626
          0.0000
          0.0000
          0.0000
          0.0000
          0.0000
         24.6133
         76.5713
         67.0414
          0.0000
          0.0000
          0.0000
          0.0000
         11.0697
         13.3460
         10.3070
         17.1703
         -1.1181
          0.0000
          0.0000
          0.0000
          0.0000
          0.0000
          0.0000
         28.0039
         27.1846
          0.0000
          0.0000
          0.0000
          0.0000
          0.0000
          0.0000
         62.3735
          0.0000
          0.0000
          0.0000
          0.0000
          0.0000
          0.0000
          0.0000
          0.0000
          0.0000
          0.0000
          0.7744
         10.0868
          0.0000
         16.4904
         55.7833
         35.8530
          0.0000
          0.0000
         42.0911
         17.1702
          2.1073
         21.2063
         24.2362
          0.0000
          0.0000
          0.0000
          5.4106
          0.0000
          0.0000
          5.2937
        133.7719
          0.0000
          0.0000
          0.0000
          0.0000
          0.0000
          0.0000
          0.0000
          0.0000
         34.9323
          0.0000
          0.0000
          0.0000
          0.0000
          0.0000
          0.0000
          0.0000
          0.0000
          3.8961
         48.0209
         84.3085
         25.2740
         -6.2097
         19.3123
         55.7080
         10.8068
         65.0623
          0.0000
          0.0000
          0.0000
         19.2520
         65.8182
         11.5147
          0.0000
          0.0000
          0.0000
          0.0000
          0.0000
         11.8370
          0.0000
          0.0000
          0.0060
         37.4027
         47.6155
         65.1957
         40.1910
         61.5422
        105.1866
         24.0745
          0.0000
          0.0000
          0.0000
          0.0000
          0.0000
          0.0000
          0.0000
          6.3880
         93.0892
        173.0498
        103.7865
          0.0000
          0.0000
          0.0000
          0.0000
          0.0000
          0.0000
          0.0000
          0.0000
          0.0000
          0.0000
          0.0000
          0.0000
          0.0000
          0.0000
          0.0000
          0.0000
          0.0000
          0.0000
          0.0000
          0.0000
         18.4768
          0.0000
          0.0000
          0.0000
         13.4033
         55.6438
         88.1532
        139.5767
        217.8206
          0.0000
          0.0000
          0.0000
          0.0000
          0.0000
          0.0000
          0.0000
          0.0000
          0.0000
          0.0000
          0.0000
          0.0000
          0.0000
          0.0000
          0.0000
         35.7491
         68.3394
          0.0000
          0.0000
         18.7368
         14.0992
         29.4191
         13.5203
          0.0000
          0.0000
          0.0000
          0.0000
          0.0000
          9.3385
         37.1428
         41.1132
        118.4397
         15.4436
          0.0000
          0.0000
          0.0000
          0.0000
          0.0000
          0.0000
         69.4974
         61.5566
          0.0000
          0.0000
          0.0000
          0.0000
          0.0000
          0.0000
          0.0000
          0.0000
          0.0000
          0.0000
          0.0000
          3.3187
          4.1985
          5.0854
          0.0000
         -1.8884
          2.4956
         16.6449
         28.9836
         31.1598
         19.8948
         20.8521
          2.5298
          0.0000
          0.0000
          0.0000
          0.0000
          0.0000
          0.0000
          0.0000
          2.0157
          0.2749
          0.0000
          0.0000
          0.0000
          0.0000
          0.0000
         51.9087
         17.8406
          0.0000
          1.1984
         47.9653
          0.0000
          0.0000
          0.0000
          0.0000
          0.0000
          0.0000
         42.3766
         27.2382
         17.6196
         17.6181
         23.7767
         11.4545
          0.0000
          0.6418
          7.6017
         33.8839
        129.5605
        163.0304
        188.2937
        167.2195
        157.7618
          0.0000
          0.0000
          0.0000
          0.0000
          0.0000
          0.0000
          0.0000
          0.0000
          0.0000
          0.0000
          0.0000
          0.0000
          0.0000
          0.0000
         12.1238
         37.8390
         95.0598
         75.3484
          8.8817
          0.0000
          0.0000
          0.0000
          0.0000
         41.6649
         96.5154
          0.0000
          0.0000
          0.0000
          0.0000
          0.0000
          0.0000
          0.0000
         58.5423
          0.0000
          0.0000
          0.0000
          0.0000
          0.0000
         17.0191
         38.4858
         30.2527
         31.7606
         39.3093
         38.8416
         -1.6892
         -3.0356
          4.4411
          7.1473
         22.5390
          5.0457
         16.7963
         55.7256
        109.4505
         27.5414
         16.1279
         25.7302
         44.6497
          0.0000
          0.0000
          0.0000
          0.0000
          0.0000
          0.0000
          0.0000
          0.0000
         65.1808
         19.9440
         35.7045
         15.0800
          5.6724
          0.0000
          0.0000
          0.0000
          0.0000
          0.0000
          0.0000
          1.8184
          0.0000
          0.0000
          0.0000
         22.9044
          0.0000
          0.0000
          0.0000
          0.0000
          0.6565
          6.0943
         10.0312
         17.0123
          3.6579
          0.0000
          0.0000
          0.0000
          0.0000
         11.3156
         19.7259
         23.6358
          0.0000
          0.0000
          0.0000
          1.0699
          0.0000
          0.0000
         14.2050
          0.3273
          9.6034
          0.6968
          0.0000
          0.0000
          0.0000
          0.0000
          7.1049
        155.4481
          0.0000
          0.0000
          0.0000
          0.0000
          0.0000
          0.0000
          0.0000
          0.0000
          0.0000
          0.0000
          0.0000
          0.0000
          0.0000
          0.0000
          0.0000
          0.0000
          0.0000
          0.0000
          0.0000
          0.0000
          0.0000
          0.0000
          0.0000
          0.0000
          0.0000
          7.1265
          4.3129
          7.0852
         16.2395
         13.4849
          0.0000
          0.0000
          0.0000
          0.0000
          0.0000
         11.1987
          0.0000
         -1.1613
         12.7408
         10.7651
          0.0000
          0.0000
          0.0000
          0.0000
          0.0000
          0.0000
          0.0000
          0.0000
          0.0000
          0.0000
          0.0000
          0.0000
          0.0000
          6.2628
         13.8140
         27.8236
          0.0000
          0.0000
          2.0853
         17.0006
         -5.4938
        -17.4621
          0.0000
         21.1561
          0.0000
          0.0000
          8.0321
         21.8638
          8.8060
          0.0000
          0.0000
          0.0000
          0.0000
          0.0000
          0.0000
          0.0000
          0.0000
          0.0000
          0.0000
          0.0000
          0.0000
          0.0000
          4.2041
          1.2394
         15.8086
         38.0598
          9.6682
          0.0000
          0.0000
          0.0000
          0.0000
          0.0000
          0.0000
         12.5629
         15.3616
         52.2554
          0.0000
          0.0000
          0.0000
          0.0000
          0.0000
          0.0000
          0.0000
         20.2887
         -2.0312
          9.6454
          0.0000
          0.0000
          0.0000
          0.0000
          0.0000
          0.0000
          0.0000
          0.0000
          0.0000
          0.0000
          0.0000
          0.0000
          0.0000
          2.4288
          2.8553
          9.0790
          6.2384
          3.1817
          3.0908
         30.0448
        110.4688
        153.5616
         10.8009
          8.6187
          7.8893
          0.0000
          0.0000
          1.7462
          0.0000
          0.0000
          3.3793
         17.1019
         29.5512
         21.5502
         16.5142
         30.0670
         11.5559
         -3.0800
          0.0000
          0.0000
         30.6262
         37.3458
         24.5706
        115.5286
        145.7387
          0.0000
          0.0000
          0.0000
          0.0000
          0.0000
          0.0000
          0.0000
          0.0000
          0.0000
         12.2173
          6.9540
          5.8144
         15.0589
         26.8234
         70.2535
        122.8698
         51.8067
          0.0000
          0.0000
          0.0000
          0.0000
          0.0000
          0.0000
          0.0000
         -1.4843
          0.0000
          0.0000
          0.0000
          0.0000
          0.0000
          0.0000
          0.0000
          0.0000
          0.0000
          0.0000
          0.0000
          0.0000
          0.0000
          0.0000
          2.5791
         15.7551
          0.0000
          1.4520
         25.7527
         35.9495
         36.8300
         97.1077
        157.8534
          0.0000
          0.0000
          0.0000
          0.0000
          0.0000
          0.0000
          0.0000
          0.1732
         10.8862
          0.0000
          0.0000
          0.0000
          0.0000
          0.0000
          9.8733
          9.0253
          4.4736
          0.0000
          0.0000
          0.0000
          0.0000
          0.0000
          0.0000
          0.0000
          0.0000
          0.0000
          0.0000
          0.0000
          0.0000
          0.0000
          0.0000
          0.0000
         -0.7481
          0.0000
          0.0000
          0.0000
          0.0000
          0.0000
          0.0000
          0.0000
          2.2033
          0.0000
          0.9966
         18.9063
          4.1956
          0.0000
          0.0000
          4.5458
         30.0739
         35.7588
          0.0000
          6.2571
          1.9676
          0.0000
          0.0000
          0.0000
          0.0000
          8.7330
         20.7151
         34.0051
          5.6789
         -2.2700
         14.5332
          7.5538
          2.8282
          6.7575
         18.6148
         15.0422
         34.0879
          0.0000
          0.0000
          0.0000
         11.9008
        100.1123
         11.8687
          4.4922
          3.8031
          6.6739
          0.0000
          0.0000
          0.0000
          0.0000
          0.0000
          0.0000
          0.0000
          0.0000
          0.0000
          0.0000
          9.6970
         10.7137
         24.4788
          8.5571
          0.0000
          0.0000
          0.0000
          0.0000
          0.0000
          0.0000
          0.0000
          0.0000
          0.0000
          0.0000
          0.0000
          0.0000
         -0.3144
          0.0000
          0.0000
          0.0000
          0.0000
          0.0000
          0.0000
          0.0000
          0.0000
          0.0000
          0.0000
          0.0000
          0.0000
          0.0000
          0.0000
          0.0000
          0.0000
          0.0000
          0.0000
          0.0000
          0.0000
          0.0000
          0.0000
          0.0000
          3.8180
          6.9793
          2.4846
          0.0000
          0.0000
          0.0000
          0.0000
          4.3332
          2.4409
         39.9538
          0.0000
          0.0000
          0.0000
          0.0000
          0.0000
          0.0000
          0.0000
          0.0000
          4.6339
         13.1386
         35.1946
         73.2944
         89.1561
         10.3891
          0.0000
          0.0000
          0.0000
          0.0000
          0.0000
          0.0000
          0.0000
          0.0000
          0.8298
          0.0000
          0.0000
          0.0000
          0.0000
          4.6478
          3.1418
         -0.0711
          0.0000
          5.0335
         11.3877
          0.0000
          0.0000
          0.0000
          0.0000
          0.0000
         21.4964
         71.3902
          0.0000
          0.0000
          0.0000
          0.0000
          0.0000
         22.3467
         80.9549
         69.5275
         -0.4325
          0.0000
          0.0000
         53.8459
          4.2318
          0.0000
         -0.0445
          6.5429
         16.9381
         13.3793
         20.1513
         83.8860
         72.5846
         73.1398
        140.0454
         37.1538
          8.6327
          0.0000
          9.3353
         36.2564
          0.0000
          0.0000
         17.2666
          0.0000
          0.0000
         30.3216
        117.1803
         82.2290
          0.0000
          7.0046
         -5.1757
          0.0000
          0.0000
          0.0000
          0.0000
          0.0000
          0.0000
        116.4808
        135.2091
          0.0000
          0.0000
          0.0000
          0.0000
          0.0000
          0.0000
          0.0000
         97.9671
        112.0858
          0.0000
          0.0000
          0.0000
          0.0000
          0.0000
          0.0000
         21.3876
         19.9352
         21.8932
         20.5275
         11.9350
         -6.6390
          0.0000
          0.0000
          0.0000
          0.0000
          0.0000
          0.0000
          0.0000
          0.0000
          0.0000
          0.0000
          0.0000
          0.0000
          0.0000
          0.0000
          0.0000
          0.0000
          0.0000
          0.0000
        118.2743
         29.1109
          0.0000
          0.0000
          0.0000
          0.0000
          0.0000
          0.0000
         19.2123
          0.0000
          0.0000
          0.0000
          0.0000
          0.0000
          0.0000
          0.0000
          0.0000
          0.0000
          0.0000
          0.0000
          0.0000
          0.0000
          0.0000
          0.0000
         13.1753
         13.4260
          0.0000
          0.0000
          0.0000
          0.0000
          0.0000
          0.0000
          0.0000
          0.0000
          0.0000
          0.0000
          0.0000
          0.0000
          0.0000
          0.0000
          0.0000
          0.0000
          0.0000
          0.0000
          0.0000
          0.0000
          0.0000
          0.0000
         30.7093
         19.9073
         10.4384
         21.1696
         -4.2251
          0.0000
          0.0000
          0.0000
          0.0000
          0.0000
          0.0000
          0.0000
          0.0000
          0.0000
          0.0000
          0.0000
          0.0000
          0.0000
          0.0000
          0.0000
          0.0000
          0.0000
          0.0000
          0.0000
          0.0000
          0.0000
          0.0000
          0.0000
          0.0000
          0.0000
          0.0000
          0.0000
          0.0000
          0.0000
          0.0000
          0.0000
          0.0000
          0.0000
          0.0000
          0.0000
          0.0000
          0.0000
          0.0000
          0.0000
          0.0000
          0.0000
          0.0000
          0.0000
          0.0000
          0.0000
          0.0000
          0.0000
          0.0000
          0.0000
          0.0000
          0.0000
         53.4934
         20.9891
          0.0000
          0.0000
          0.0000
          0.0000
          0.0000
          6.6164
         50.7306
         15.7618
          2.9167
          0.0000
          0.0000
          0.0000
          0.0000
          0.0000
         -1.8798
          0.0000
          0.0000
          0.0000
          0.0000
          0.0000
          0.0000
          0.0000
          0.0000
          0.0000
          0.0000
          0.0000
          0.0000
          0.0000
          0.0000
          0.0000
          0.0000
          0.0000
          0.0000
          0.0000
          0.0000
          0.0000
          6.5361
          5.3497
         19.1115
          0.0000
          0.0000
          0.0000
          0.0000
          0.0000
         14.7379
         37.6747
        128.0983
          0.0000
          0.0000
          0.0000
          0.0000
          0.0000
          0.0000
          0.0000
         -0.4181
          0.0000
          0.0000
          0.0000
          0.0000
          0.0000
          0.0000
         15.7551
         22.9485
          0.0000
          0.0000
          0.0000
          0.0000
          0.0000
          0.0000
          0.0000
          3.6913
          0.0000
          0.0000
          0.0000
          0.0000
          0.0000
          0.0000
          0.0000
          0.0000
          0.0000
          0.0000
          0.0000
          0.0000
          0.0000
          0.0000
          0.0000
          0.0000
          0.0000
          0.0000
          0.0000
          0.0000
          0.0000
          0.0000
          0.0000
          0.0000
          0.0000
          0.0000
          0.0000
         66.0477
          0.0000
          5.6241
          0.0000
         73.0574
          0.0000
         68.7946
         56.3190
         14.0195
          0.0000
          6.1520
         14.5490
          5.3677
         27.3431
         -0.1092
          0.0000
          0.0000
          0.0000
          0.0000
          0.0000
          0.0000
          0.0000
          0.0000
          0.0000
          0.0000
          0.0000
          0.0000
          0.0000
          0.0000
          0.0000
          0.0000
          0.0000
         20.6655
         83.7752
         85.6491
         10.6375
        -13.2519
         12.6485
          2.0742
          2.6582
          1.8111
         26.1284
         35.1143
        163.8882
         60.4302
          0.0000
          0.0000
          0.0000
          0.0000
          0.0000
          0.5793
          5.5008
         -0.9335
          0.0000
          5.6768
          0.0000
          0.0000
          0.0000
          0.0000
          0.0000
          0.0000
          0.0000
          0.0000
          0.0000
          0.0000
          0.0000
          0.0000
          0.0000
         26.0489
          1.0569
          0.0000
          0.0000
          0.0000
          0.0000
         18.3824
         22.6875
         65.1407
          0.0000
          0.0000
         22.7654
         19.2268
          0.0000
          0.0000
          0.0000
         14.6721
          0.0000
          0.0000
          0.0000
          0.0000
          0.0000
          0.0000
          0.0000
          0.0000
          0.0000
          0.0000
          0.0000
          0.0000
          0.0000
          0.0000
          0.0000
          0.0000
          0.0000
          0.0000
          0.0000
          0.0000
          0.0000
          0.0000
          0.0000
          0.0000
          0.0000
          0.0000
          0.0000
          0.0000
          0.0000
          0.0000
          0.0000
          0.0000
          0.0000
          0.0000
          0.0000
          0.0000
          0.0000
          0.0000
          0.0000
          0.0000
          0.0000
          0.0000
          0.0000
          0.0000
          0.0000
          0.0000
          0.0000
          0.0000
          0.0000
          0.0000
          0.0000
          0.0000
          0.0000
          0.0000
          0.0000
          0.0000
          0.0000
          0.0000
          0.0000
          0.0000
          0.0000
          0.0000
          0.0000
          0.0000
          0.0000
          0.0000
          0.0000
          0.0000
          0.0000
          0.0000
          0.0000
          0.0000
          0.0000
          0.0000
         12.7018
         25.2446
          7.9007
          0.0000
          0.0000
          0.0000
          0.0000
          4.3411
          1.1523
          0.0000
          0.0000
          0.0000
         40.8996
          7.9342
          0.0000
          0.0000
          0.0000
          0.0000
          0.0000
          0.0000
          0.0000
          0.0000
          0.0000
         21.0306
          0.0000
          0.0000
          0.0000
          0.0000
          0.0000
          0.0000
          0.0000
          0.0000
          0.0000
          0.0000
          0.0000
          0.0000
          0.0000
          0.0000
          0.0000
          0.0000
          0.0000
          0.0000
          0.0000
          0.0000
          0.0000
          0.0000
          0.0000
          0.0000
          0.0000
          0.0000
          0.0000
          0.0000
         10.8942
          0.0959
          0.0000
          0.0000
          0.0000
          0.0000
          0.0000
          0.0000
          0.0000
          0.0000
          0.0000
          0.0000
          0.0000
          0.0000
          0.0000
          0.0000
          0.0000
          0.0000
          0.0000
          0.0000
          0.0000
          0.0000
          0.0000
          0.0000
          0.0000
          0.0000
          0.0000
          0.0000
          0.0000
          0.0000
          0.0000
          0.0000
          0.0000
          0.7827
          0.0000
          0.0000
          0.0000
          0.0000
          0.0000
          0.0000
          0.0000
          0.0000
          0.0000
          0.0000
          0.0000
          0.0000
          0.0000
          0.0000
          0.0000
          0.0000
          0.0000
          0.0000
          0.0000
          0.0000
          0.0000
          0.0000
          0.0000
          0.0000
          0.0000
          0.0000
          0.0000
          0.0000
          0.0000
          0.0000
          0.0000
          0.0000
          0.0000
          0.0000
          0.0000
          0.0000
          0.0000
          0.0000
          0.0000
          0.0000
          0.0000
          0.0000
          0.0000
          0.0000
          0.0000
          0.0000
          0.0000
          0.0000
          0.0000
          0.0000
          0.0000
          0.0000
          0.0000
          0.3976
          0.0000
          4.9845
          0.0000
          0.0000
          0.0000
          0.0000
          0.0000
          0.0000
          0.0000
          0.0000
          0.0000
          0.0000
          0.0000
          0.0000
          0.0000
          0.0000
          0.0000
          0.0000
          0.0000
          0.0000
          0.0000
          0.0000
          0.0000
          0.0000
          0.0000
          0.0000
          0.0000
          0.0000
          0.0000
          0.0000
          0.0000
          0.0000
          0.0000
          0.0000
          0.0000
          0.0000
          0.0000
          0.0000
         10.8507
        140.6231
         38.8154
          0.0000
          0.0000
          0.0000
         22.1849
         12.1873
         21.4378
         12.0025
          0.0000
          0.0000
          0.0000
          0.0000
          0.0000
          0.0000
          0.0000
          0.0000
          0.0000
          0.0000
          0.0000
          0.0000
          0.0000
          0.0000
          0.0000
          0.0000
          0.0000
         -3.8578
          0.0000
          0.0000
          0.0000
          3.7515
          1.4550
        -10.5979
          0.0000
          0.0000
          0.0000
          0.0000
          7.2007
         14.6735
          4.1390
          3.5455
          0.0000
          0.0000
          0.0000
          0.0000
          0.0000
          0.0000
          0.0000
         21.5557
        140.1581
         94.6883
          0.0000
          0.0000
          0.0000
         15.6283
         17.2992
          0.0000
          0.0000
         72.2535
          0.0000
          0.0000
          0.0000
          0.0000
          0.0000
          0.0000
          0.0000
          0.0000
          0.0000
          0.0000
          0.0000
          0.0000
          0.0000
          0.0000
          0.0000
          2.4545
          0.0000
          0.0000
          0.0000
          0.0000
          0.0000
          0.0000
          0.0000
          0.0000
          0.0000
          4.2437
          0.0000
          0.0000
          0.0000
          0.0000
          0.0000
          0.0000
          0.0000
          0.0000
          7.7897
          0.0000
          0.0000
          0.0000
          0.0000
          0.0000
          0.0000
          0.0000
          0.0000
          0.0000
        122.9977
        121.4900
         71.3900
          0.0000
          0.0000
          0.0000
          0.0000
          0.0000
          0.0000
          0.0000
          3.4664
          2.5494
          0.0000
          0.0000
          0.0000
          0.0000
          0.0000
          0.0000
         14.3380
         68.6450
          0.0000
          0.0000
          0.0000
          0.0000
          0.0000
          0.0000
          0.0000
          0.0000
          0.0000
          0.0000
          0.0000
          0.0000
          0.0000
          0.0000
          2.9259
         24.0594
          0.0000
          0.0000
          3.0309
          9.3117
        142.3660
          2.8541
         21.0592
          7.8022
         -5.0531
          5.3389
         14.4739
         12.2887
         85.8116
        244.9140
         -1.6663
          0.0000
          0.0000
          0.0000
          0.0000
          0.0000
          0.0000
          0.0000
          0.0000
          0.0000
          0.0000
          0.0000
          0.0000
          0.0000
          0.0000
          0.0000
          0.0000
          0.0000
          0.0000
          0.0000
          0.0000
          9.2287
          3.9757
          7.0596
        140.8876
        229.2216
        105.8279
          0.0000
          0.0000
          0.0000
         54.6133
        146.6401
         99.0553
          0.0000
          0.0000
          0.0000
          0.0000
          0.0000
          0.0000
          0.0000
          0.0000
          0.0000
          0.0000
          0.0000
          0.0000
          0.0000
          0.0000
          0.0000
          0.8577
         45.3591
        148.1124
         18.1993
          0.0000
          0.0000
          0.0000
          0.0000
          0.0000
         37.3004
          0.0000
          0.0000
          0.0000
          9.6359
          0.9931
         14.2295
         94.1990
        171.7736
         45.1544
         56.4469
         96.2078
          0.0000
          0.0000
          6.8117
         92.4240
        264.0775
         10.6066
          0.0000
          0.0000
          0.0000
          2.7115
        -10.2978
         62.4648
        466.7082
        325.0902
          0.0000
          0.0000
          0.0000
          0.0000
          0.0000
          0.0000
         90.0114
        218.3872
         62.6417
         21.3791
         45.4115
        187.5185
        356.1603
        382.1367
          0.0000
          0.0000
          0.0000
          0.0000
          0.0000
          0.0000
          0.0000
          0.0000
          0.0000
          0.0000
          0.0000
          0.0000
          0.0000
          0.0000
          0.0000
          0.4421
          7.0214
          3.4696
         60.5719
         28.1045
          1.6550
          5.0138
         -0.7137
          0.0000
          0.0000
          0.0000
          0.0000
          0.0000
          1.9681
          0.0000
          0.0000
          0.0000
          0.0000
         12.5054
         23.3331
         11.8501
          8.1923
         18.8835
         16.6737
        115.6390
        237.5743
          0.0000
          0.0000
          0.0000
          0.0000
          0.0000
          0.0000
          0.0000
          0.0000
          0.0000
          0.0000
          0.0000
          0.0000
          0.0000
          0.0000
          0.0000
         79.3209
        110.3142
          0.0000
          0.0000
          0.0000
          0.0000
         19.2660
         38.3567
          0.0000
          0.0000
          0.0000
          0.0000
          0.0000
          0.0000
          0.0000
          0.0000
          0.0000
          0.0000
          0.0000
          0.0000
          0.0000
          0.0000
          0.0000
          0.0000
          0.0000
          0.0000
          0.0000
          0.0000
          0.0000
          0.0000
          0.0000
          0.0000
          0.0000
          0.0000
          0.0000
          0.0000
          0.0000
          0.0000
          0.0000
          0.0000
          0.0000
          0.0000
          6.6880
         37.8519
         32.8447
          0.0000
          0.0000
          0.0000
         57.0422
        312.5196
        381.5328
        425.5750
        281.7895
         51.6604
          0.0000
          0.0000
         18.8698
         43.3695
          0.0000
         22.6568
         38.0577
          0.0000
          3.9245
          0.0000
         65.7946
         15.5059
         21.7918
          0.0000
          0.0000
          0.0000
          0.7007
          0.0000
          0.0000
          0.0000
          0.0000
          0.0000
          0.0000
          0.0000
          0.0000
          0.0000
          0.0000
          0.0000
          0.0000
         33.6991
         45.3687
          0.0000
          0.0000
          0.0000
          0.0000
          0.0000
          0.0000
          0.0000
          0.0000
          0.0000
          9.0439
         64.4037
        167.7394
          0.0000
          0.0000
         33.9832
        217.8606
        299.5630
        378.3899
         95.5529
          0.0000
          0.0000
         65.9287
        165.8355
          0.0000
          0.0000
         24.4679
          1.8316
          0.0000
          0.0000
          0.0000
          6.4209
          4.9726
         11.0962
         25.1281
         13.0126
          0.0000
          0.0000
          0.0000
          0.0000
          0.0000
          0.0000
          0.0000
          0.0000
          0.0000
          0.0000
          0.0000
          0.0000
          0.0000
          0.0000
          0.0000
          0.0000
          0.0000
          0.0000
          0.0000
          0.0000
          0.0000
          0.0000
          0.0000
          0.0000
          0.0000
          0.0000
          0.0000
          0.0000
          0.0000
          0.0000
          8.5742
          0.0000
          0.0000
          0.0000
          0.0000
          0.0000
          0.0000
          0.0000
         14.1258
        192.0609
          0.0000
          0.0000
          0.0000
          0.0000
          0.0000
         11.6795
         81.1958
          0.0000
          0.0000
          0.0000
          0.0000
         74.6871
         96.1188
          0.0000
          0.0000
          0.0000
          0.0000
          0.0000
          0.0000
         14.1697
         12.8776
          0.0000
         29.2334
        188.1552
          0.0000
          0.0000
          0.0000
          0.0000
          0.0000
          0.0000
          0.0000
          0.0000
          0.0000
          0.0000
          0.0000
          0.0000
          5.0569
          0.0000
          0.0000
          0.0000
          0.0000
          0.0000
          0.0000
          0.0000
          0.0000
          0.0000
          0.0000
          0.0000
         -3.3999
          0.0000
          0.0000
          0.0000
          0.0000
          0.0000
          1.6640
          0.0000
          0.0000
          0.0000
          0.0000
          0.0000
          0.0000
         10.7288
         95.1214
        151.6092
          0.0000
          0.0000
          0.0000
          0.0000
         11.7483
         21.3901
          6.0365
          0.0000
          0.0000
          0.0000
          0.0000
         16.8884
         16.7784
         40.1877
         20.0511
          0.0000
          0.0000
          0.0000
          0.0000
          0.0000
          0.0000
          0.0000
          0.0000
          0.0000
          0.0000
          0.0000
          0.0000
          0.0000
          2.2858
         21.2066
         32.2522
         12.5444
        167.2658
          0.0000
         48.1106
          0.0000
          0.0000
          0.0000
          0.0000
          0.0000
         29.4200
          0.0000
          0.0000
          7.0902
         21.8703
         11.5262
         -0.3651
          0.0000
          0.0000
          0.0000
          0.0000
          0.0000
          0.0000
          0.0000
          0.0000
          0.0000
          0.0000
          0.0000
          0.0000
          0.0000
          0.0000
          0.0000
          0.0000
          0.0000
          0.0000
          0.0000
          0.0000
          3.0921
         14.8591
         11.3539
          5.2796
          0.0000
          0.0000
          0.0000
          0.0000
          0.4087
         53.1475
         72.8059
         48.9668
         48.6540
          5.7787
          0.0000
          0.0000
          0.0000
          0.0000
         50.0475
         60.5973
          0.0000
          0.0000
          0.0000
          0.0000
          0.0000
          0.0000
          0.0000
          0.0000
          3.8892
         84.5623
          0.3963
          0.0000
          0.0000
          0.0000
          0.0000
          4.6286
          0.0000
          0.0000
          0.0000
          0.0000
         10.1580
          4.3629
         70.0589
        123.6563
        184.8233
        107.5375
         17.1613
          0.0000
          0.0000
          0.0000
          0.0000
          0.0000
          0.0000
          0.0000
          0.0000
          0.0000
          1.5912
          0.0000
          0.0000
          0.0000
          0.0000
          0.0000
          0.0000
          0.0000
         13.0283
         10.0873
          2.0989
          4.3189
          0.0000
          0.0000
          0.0000
          0.0000
          0.0000
          7.3716
        162.2593
        154.3253
         12.6867
          0.0000
          0.0000
          0.0000
          0.0000
          0.0000
         99.4919
         66.5270
          0.0000
          0.0000
          0.0000
          0.0000
          0.0000
          8.1083
         11.5302
         21.3742
         15.8740
          0.0000
          0.0000
