          0.0000
          0.0000
          0.0000
          0.0000
          0.0000
          0.0000
          0.0000
          0.0000
          0.0000
          0.0000
          0.0000
          0.0000
          0.0000
          0.0000
          0.0000
          0.0000
          0.0000
          0.0000
          0.0000
          0.0000
          0.0000
          0.0000
          0.0000
          0.0000
          0.0000
          0.0000
          0.0000
          0.0000
          0.0634
          0.0000
          0.0000
          0.0000
          0.0000
          0.0000
          0.0000
          5.4136
         19.8741
          9.6510
         40.3814
          0.0000
          0.0000
          0.0000
          0.0000
          7.8429
          5.3357
          0.0000
          0.0000
          0.0000
          0.0000
          0.0000
          0.0000
          5.4008
         36.5786
         84.7986
        123.5876
          0.6810
          0.0000
          0.0000
          0.0000
          0.0000
          0.0000
          0.0000
         31.5883
         42.8187
          0.0000
          0.0000
          0.0000
          0.0000
          0.0000
          0.0000
          0.0000
          0.0000
          0.0000
          0.0000
          3.4824
         61.2823
         41.1610
          3.8235
          0.0000
        107.9031
        138.8098
         88.5669
         49.3487
          0.0000
          0.0000
          0.0000
          0.0000
          0.0000
          0.0000
          0.0000
          0.0000
          0.0000
          0.0000
          0.0000
          9.6440
         44.6622
         14.1039
         33.1862
         90.8597
         97.4878
         44.0722
          0.0000
          0.0000
          0.0000
          0.0000
          0.0000
          0.0000
          0.0000
          0.0000
          0.0000
          0.0000
          0.0000
         32.9126
          0.0000
          0.0000
          0.0000
          0.0000
          0.0000
          7.0981
         12.4913
          0.0000
          0.0000
          0.0000
          0.0000
          0.0000
          0.0000
          0.0000
          0.0000
          0.0000
          0.0000
          0.0000
          0.0000
          0.0000
         31.9647
          0.0000
          0.0000
          0.0000
          0.0000
          0.0000
          0.0000
          2.7554
        121.2635
          0.0000
          0.0000
          0.0000
          8.2852
         11.3987
         16.6801
         35.2694
         74.9626
          0.0000
          0.0000
          0.0000
         25.8180
         20.8444
          0.0000
          0.0000
          0.0000
          0.0000
          0.0000
          0.0000
          0.1914
          0.0000
          0.0000
          0.0000
          0.0000
          0.0000
          0.0000
          0.0000
          0.0000
          0.0000
          0.0000
          0.0000
          0.0000
          0.0000
          0.0000
          0.0000
          0.0000
          0.0000
          0.0000
          0.1061
          0.0000
          0.0000
          0.0000
          0.0000
          0.0000
          0.0000
          2.4134
          7.1772
          0.0000
          0.0000
          0.0000
          3.3111
          4.8767
          7.8906
          0.0000
          0.0000
          0.0000
         56.4459
         51.6906
         78.4038
         96.2401
         74.0224
         65.9952
         -0.9833
          0.0000
          0.0000
         30.8875
          3.5513
          0.0000
          0.0000
          0.0000
          0.0000
          0.0000
         61.2348
         83.6474
          0.0000
          0.0000
         12.1536
         12.1640
          5.6561
          0.0000
          8.5932
         44.4275
          0.0000
          0.0000
          0.0000
          0.0000
          0.0000
          0.0000
          0.0000
          0.0000
          0.0000
          0.0000
          0.0000
          0.0000
          0.0000
          0.0000
          0.0000
          0.0000
          0.0000
          0.0000
          0.0000
          0.0000
          0.5404
          3.6679
         54.3082
          0.0000
          0.0000
          0.0000
          0.0000
          0.0000
          0.0000
          0.0000
          2.2442
          0.0000
          0.0000
          0.0000
          0.0000
          0.0000
         18.8901
          0.0000
          0.0000
          0.0000
          0.0000
          0.0000
          0.0000
          0.0000
          0.0000
          0.0000
          0.0000
         30.1562
        106.3922
         55.5703
          0.7345
          0.0000
          0.0000
          0.0000
          0.0000
         71.8714
          5.6814
          0.0000
          0.0000
          0.0000
         -6.2220
          0.0000
          0.0000
        142.4365
          0.0000
          0.0000
          0.0000
          0.0000
          0.0000
          0.0000
         22.8993
          1.9616
          4.9737
          0.0000
          0.4319
          0.0000
          0.0000
        173.4458
        193.8066
         62.8366
          0.0000
          0.0000
          0.0000
          0.0000
          0.8920
          5.7593
          3.1518
          0.0000
          0.0000
          0.0000
          0.0000
          0.0000
          0.0000
          0.0000
          0.0000
          0.0000
          4.4224
          2.0761
          0.0000
          9.6680
         18.5480
          0.0000
         66.3184
         39.4099
         10.9735
          0.0000
          0.3596
        102.9008
        157.2541
         12.0160
         -0.4978
          0.0000
          0.0000
          0.0000
          0.0000
         41.3587
         35.6583
          0.0000
          0.0000
          0.0000
          0.0000
          0.0000
          0.0000
          0.0000
          0.0000
          0.0000
          0.0000
          0.0000
          0.0000
          5.7876
         78.0463
         76.0609
         18.9756
          0.0000
          0.0000
          0.0000
          9.5656
          0.3636
          0.0000
          0.0000
          0.4941
          7.3115
         72.1836
         22.7864
          0.0000
          0.0000
          0.0000
          0.0000
          0.0000
          0.0000
          0.0000
         41.2303
         28.1198
          0.0000
          0.0000
          0.0000
          0.0000
          0.0000
         65.9966
        127.7619
          9.6632
          0.0000
          0.0000
          0.0000
          7.4028
          0.0000
          0.0000
          0.0000
          0.0000
          0.0000
          0.0000
          0.0000
          0.0000
          0.0000
          0.0000
          0.0000
          0.0000
          0.0000
          2.9410
         15.0121
         27.5334
          0.0000
          0.0000
          0.0000
          0.0000
         10.6953
         80.4775
        145.0870
         37.7254
          0.0000
          0.0000
          0.0000
          0.0000
          0.0000
          0.0000
          0.0000
         12.3191
         64.5997
         24.2891
          0.0000
          0.0000
          0.0000
          0.0000
          9.2740
         22.6165
         59.9205
          0.0000
          0.0000
          0.0000
          0.0000
          0.0426
          7.4172
          7.3839
         39.9692
          0.0000
          0.0000
          0.0000
          0.0000
          3.4513
          7.8429
          9.5924
          0.0000
        111.9046
          0.0000
          0.0000
          0.0000
         14.2495
         12.6541
         62.8724
        157.9270
         72.0194
          0.0000
          0.0000
          0.0000
          0.0000
          0.0000
          0.0000
          0.0000
          0.0000
          0.0000
          0.0000
          0.0000
          0.0000
          0.0000
          0.0000
          0.0000
          0.0000
          0.6629
          0.0000
          0.0000
          6.2070
         26.9231
         22.0608
          7.9090
         11.1264
         26.3276
        194.6727
        204.6375
        164.8220
         77.3473
         12.0130
          0.0000
          0.0000
          0.0000
          0.0000
          0.0000
          0.0000
          0.0000
          0.0000
          0.0000
          0.0000
          0.0000
          0.0000
          0.0000
          6.4392
          8.0617
         47.8331
         37.2358
          0.0000
          9.6922
          0.0000
          0.0000
          6.3177
         32.2339
          0.0000
          0.0000
         29.5375
          0.0000
          0.0000
          0.0000
          0.0000
          0.0000
          0.0000
          0.0000
          0.0000
          0.0000
          0.0000
          0.0000
          0.0000
          0.0000
          0.0000
          0.0000
         55.2745
        144.3087
        179.6026
        164.6418
        133.2183
        159.5424
        154.5941
          0.0000
          0.0000
          0.0000
          0.0000
          0.0000
          0.0000
          0.0000
          0.0000
          0.0000
          0.0000
          0.0000
          0.0000
          0.0000
          0.0000
          0.0000
          0.0000
          0.0000
          0.0000
          3.0438
         11.0974
          0.0000
         10.1922
         23.1300
         10.9445
        104.2653
        195.9296
        131.7726
        149.0163
        138.2805
        140.4047
        112.3335
         58.8550
          0.0000
          0.0000
          0.0000
          0.0000
          0.0000
          0.0000
          0.0000
          0.0000
          0.0000
         34.2030
         15.3343
          0.0000
          0.0000
          0.0000
          0.0000
          8.5557
         74.4597
         32.7563
          0.0000
          0.0000
          0.0000
          0.0000
          0.0000
          0.0000
          0.0000
          0.0000
          0.0000
          0.0000
          0.0000
          0.0000
          0.0000
          0.0000
          0.0000
          0.0000
          0.0000
          0.0000
          0.0000
          0.0000
          0.0000
          0.0000
          0.0000
          0.0000
          0.0000
          0.0000
          8.6394
          7.4776
          0.0000
          0.0000
          0.0000
          0.0000
          0.0000
          0.0000
          0.0000
         35.0864
        110.5052
        135.1289
         73.8813
          0.0000
          0.0000
          0.0000
          0.0000
          0.0000
         80.1762
         92.9971
          0.0000
          0.0000
          0.0000
          0.0000
          0.0000
          4.7805
         93.6977
         87.2438
          0.0000
          0.0000
          0.0000
          0.0000
         16.2173
         26.1911
         28.3135
         -0.0286
         48.0152
          9.0013
         22.3224
         28.2854
          9.0650
         20.0495
         67.8580
         29.1309
          0.0000
          0.0000
         55.3393
         22.9014
          0.0000
          4.7126
         24.6964
         85.6547
         20.6667
          0.0000
          0.0000
          0.0000
          0.0000
          0.0000
          0.0000
          0.0000
          0.0000
          0.0000
          0.0000
          0.0000
          0.0000
          0.0000
          0.0000
          0.0000
          0.0000
          3.2300
         20.5900
         13.3892
         36.1470
         28.8607
         36.2230
        110.3110
         73.3146
          0.0000
         54.5315
        110.2958
        125.7426
          4.7835
          0.0000
          0.0000
          0.0000
          0.0000
          0.0000
          0.0000
          0.0000
          0.0000
          0.0000
          0.0000
          0.0000
          0.0000
          0.0000
          0.0000
          0.0000
          0.0000
          0.0000
          0.0000
          0.0000
          0.0000
          0.0000
          0.0000
         12.0183
         49.7729
          0.0000
          0.0000
          0.0000
          0.0000
          0.0000
          0.0000
          3.4600
         22.4833
         59.4209
        105.4109
        211.5721
         20.6516
          0.0000
          0.0000
          0.0000
          0.0000
          0.0000
          0.0000
          0.0000
         58.2272
         46.6232
          0.0000
          0.0000
          0.0000
          0.0000
          0.0000
          0.0000
          0.0000
          0.0000
          0.0000
          0.0000
          0.0000
          0.0000
          0.0000
          0.0000
         22.2927
          0.0000
          0.0000
          0.0000
          0.0000
          0.0000
          0.0000
          0.0000
         21.8247
         65.8451
         56.1242
          0.0000
          0.0000
          0.0000
          0.0000
          0.0000
          0.0000
          0.0000
          0.0000
          0.0000
          0.0000
          0.0000
          0.0000
          0.0000
          0.0000
          0.0000
          0.0000
         36.0740
          3.9730
          0.0000
          7.0199
          0.0000
          0.0000
          0.0000
          1.0066
          0.0000
          0.0000
         19.7636
         29.2530
         65.1455
         13.3951
          3.1974
         11.9433
         48.4925
          0.0691
          0.0000
          0.0000
          0.0000
         18.2039
          0.0000
          0.0000
          0.0000
          0.0000
          0.0000
          0.0000
          0.0000
          0.0000
          0.0000
          0.3516
          4.9902
          4.4140
          0.0000
          0.0000
          0.0000
          0.0000
          0.0000
          1.0915
         89.1027
        133.8174
         25.9655
          0.0000
          0.0000
          0.0000
          0.0000
          0.0000
          0.0000
        129.7853
        108.7386
         30.2357
         86.1690
        204.0389
        106.2787
          0.0000
          0.0000
          0.0000
          0.0000
          0.0000
          0.0000
          0.0000
          0.0000
          3.2160
          3.9612
          0.0000
          0.0000
          0.0000
          0.0000
          0.0000
          0.0000
          0.0000
          0.0000
          2.7303
          0.0000
         30.3960
        137.3433
         83.5494
          0.0000
          0.0000
          0.0000
          0.0000
          0.0000
          0.0000
          0.0000
          0.0000
          0.0000
          0.0000
          0.0000
          0.0000
          0.0000
         15.7714
          0.0000
          0.0000
          0.0000
          0.0000
          0.0000
          0.0000
          0.0000
          4.9247
         18.9851
          0.0000
          0.0000
          0.0000
         42.8292
         74.2058
         59.4335
          0.0000
          0.0000
          2.2463
          0.0000
          0.0000
          0.0000
          0.0000
          0.0000
          0.0000
          0.0000
         28.2853
          0.0000
          7.6722
         25.7133
          0.0000
          0.0000
          0.0000
         31.8002
        111.3676
          0.0000
          0.0000
          0.0000
          0.0000
          0.0000
          0.0000
          0.0000
          0.0000
          0.0000
          0.0000
          0.0000
         27.7129
          0.0000
          0.0000
          1.9994
        106.4768
         96.6250
          0.0000
          0.0000
          0.0000
          0.0000
          0.0000
          0.0000
         14.5967
          0.0000
          0.0000
          0.0000
          0.0000
          4.4883
         -0.0487
         26.2560
         73.9454
          0.0000
          0.0000
          0.0000
          0.0000
          0.0000
          0.0000
          0.0000
          0.0000
          0.0000
          0.0000
          0.0000
          0.0000
          0.0000
          0.0000
          0.0000
          0.0000
          0.0000
          0.0000
          0.0000
          0.0000
         19.8018
         24.9603
          0.0000
          0.0000
         41.6965
         63.8772
         20.5142
         17.0422
         46.4124
         35.2236
          4.0221
          0.0000
          0.0000
          0.0000
          0.0000
          0.0000
          0.0000
          0.0000
          0.0000
          0.0000
          0.0000
          0.0000
          0.0000
          9.1031
          3.6792
          0.0000
          0.0000
          0.0000
          6.3930
          0.0000
          7.0985
        120.8185
        132.9884
        106.2630
        122.6763
         40.5606
          0.0000
          0.0000
          0.0000
          0.0000
          0.0000
          0.0000
          0.0000
          0.0000
          1.9560
         52.9564
         15.1503
          0.0000
          0.0000
          0.0000
          0.0000
          0.0000
          0.0000
          0.0000
          0.0000
          0.0000
          0.0000
          0.0000
          0.0000
          0.0000
          0.0000
          0.0000
          0.0000
          0.0000
          0.0000
          0.0000
          0.0000
          0.0000
          0.0000
          0.0000
          3.2422
         34.9673
         72.3660
        131.0344
        164.1840
        110.3533
         35.0258
          0.0000
          0.0000
          0.0000
          0.0000
          0.0000
          0.0000
          0.0000
          0.0000
         22.2581
         15.0168
         32.6883
         61.5342
         59.2325
         29.4986
         76.0203
         29.0981
          0.0000
          0.0000
          0.0000
          0.0000
          0.0000
          0.0000
          0.0000
          0.0000
          0.0000
          0.0000
          0.0000
          0.0000
         11.4598
         11.7941
         29.2727
         45.1342
         30.4222
          0.0000
          0.0000
          0.0000
          0.0000
          0.0000
          0.0000
          0.0000
          0.0000
          0.0000
          0.0000
          0.0000
          0.0000
          0.0000
          0.0000
          0.0000
          0.0000
          0.0195
          5.5129
          2.2247
          0.1525
        118.2257
         90.4020
          0.0000
          0.0000
          0.0000
          0.0000
          0.0000
          0.0000
          0.0000
          0.0000
          0.0000
          0.0000
          0.0000
          0.0000
          0.0000
          0.0000
          0.0000
          0.0000
          0.0000
          0.0000
          0.0000
          0.0000
          0.0000
         14.2174
         31.1995
          5.9225
          0.0000
          0.0000
          0.0000
          0.0000
          0.0000
          0.0000
          0.0000
          0.0000
          0.0000
          0.0000
          0.0000
          0.0000
          0.0000
          0.0000
          0.0000
         66.1526
         53.1975
         -0.4603
          0.0000
          0.0000
          0.0000
          0.0000
          0.0000
          6.2990
          0.0000
          0.0000
          0.0000
          0.0000
          0.0000
          0.0000
          0.0000
          0.0000
          0.0000
          0.0000
          0.0000
          0.0000
         40.9443
         37.9088
         25.0689
         65.7432
          0.0000
          0.0000
          0.0000
          0.0000
          0.0000
          0.0000
          0.0000
          0.0000
          0.0000
          0.0000
          0.0000
          5.3781
         11.8581
          3.7942
         12.0579
         12.9759
         76.9775
          8.9694
          2.6065
         15.5753
          7.5509
          0.0000
          0.0000
          0.0000
          0.0000
          0.0000
          0.0000
          0.0000
          0.0000
          0.0000
          0.0000
          0.0000
          0.0000
          0.0000
          2.0339
          9.2466
          8.6185
         22.2177
         15.1443
         46.2642
          0.0000
         18.6282
          0.0000
          0.0000
          0.0000
         33.7106
         71.0820
          0.0000
          0.0000
          0.0000
          0.0000
          0.0000
          0.0000
          0.0000
          0.0000
          0.0000
          0.0000
          0.0000
          0.0000
          0.0000
          0.0000
          0.0000
          0.0000
          0.0000
          0.0000
          0.0000
          0.0000
          0.5895
          0.0000
          0.0000
          0.0000
          0.0000
          0.0000
          0.0000
          0.0000
          0.0000
          0.0000
          0.0000
          0.0000
          0.0000
          0.0000
          0.3419
         27.6992
         29.9525
          4.1166
          2.0979
          0.0000
          0.0000
          0.0000
          0.0000
          0.0000
          0.0000
          1.2956
          0.4597
          0.0000
          0.0000
          0.0000
          0.0000
          0.0000
          0.0000
          0.0000
          0.0000
          6.6584
         53.8130
         21.3724
          0.0000
          0.0000
          0.0000
          0.0000
          0.0000
          0.0000
          0.0000
          0.0000
          0.0000
          0.0000
          0.0000
          0.0000
          0.0000
          0.0000
          0.0000
          0.0000
          0.0000
          0.0000
          0.0000
          0.0000
          0.0000
          0.0000
          0.0000
          0.0000
          0.0000
          0.0000
          0.0000
          0.0000
          0.0000
          0.0000
          0.0000
          0.0000
          0.0000
         18.8400
         22.2575
          5.5663
         51.4570
         61.1144
        132.4652
        145.1995
          0.0000
          0.0000
          0.0000
          0.0000
          0.0000
          0.0000
          0.0000
          0.0000
          0.0000
          0.0000
          0.0000
          0.0000
          0.0000
          0.0000
          0.0000
          0.0000
          0.0000
          0.0000
          0.0000
          0.0000
          0.0000
          0.0000
          0.0000
          0.0000
          0.0000
          0.0000
          0.0000
          0.0000
          0.0000
          0.0000
          0.0000
          0.0000
          0.0000
          0.0000
          0.0000
          0.0000
          0.0000
          1.8887
          3.4911
          0.0000
          0.0000
          0.0000
          0.0000
          0.0000
          5.6594
          0.0000
          0.0000
         16.2027
         16.0333
          3.6906
         13.8558
          0.0000
          0.0000
          0.0000
        131.4881
         33.7119
          0.0000
          0.0000
          0.0000
          0.0000
         72.7624
        141.5813
          7.2528
          0.0000
          0.0000
          0.0000
          0.0000
          0.0000
          0.0000
          5.3227
          4.1490
         39.1188
        131.2094
         58.7325
          0.0000
          0.0000
          0.0000
          0.0000
          0.0000
          9.6086
          9.1590
          0.0000
          0.0000
          0.0000
          0.0000
          0.0000
          0.0000
          0.0000
          0.0000
          0.0000
          2.0642
          0.0000
          0.0000
          0.0000
          0.0000
          0.0000
          0.0000
          0.0000
          0.0000
          0.0000
          0.0000
          0.0000
          9.3953
          0.0000
          0.0000
          2.9364
          0.0000
          0.0000
          1.3151
          0.0000
          0.0000
          0.0000
          0.0000
          0.0000
          0.0000
          0.0000
         49.5252
         36.1277
         26.0437
          0.0000
          0.0000
          0.0000
          0.0000
          0.0000
          0.0000
          0.0000
          0.0000
          0.0000
         10.9019
         23.6793
         12.5079
         12.0232
          6.4263
         -1.5441
          0.0000
         68.8645
          0.0000
         22.2048
          4.3233
         41.6524
         64.5990
         28.3705
         -1.0531
          0.0000
          0.0000
          0.0000
          0.0000
         27.9204
          0.3403
          0.0000
          1.1866
          0.0000
          0.0000
          0.0000
          0.0000
          0.0000
          0.0000
          0.0000
          0.0000
          0.0000
          0.0000
          0.0000
          0.0000
          0.0000
          0.0000
          0.0000
          0.0000
          0.0000
          0.0000
          1.5855
         35.1460
        112.2206
         75.1174
          0.0000
          0.0000
          0.0000
          0.0000
         11.8440
         18.7256
          2.7566
          0.0000
          0.0000
          0.0000
          0.0000
          0.0000
          0.0000
          0.0000
          0.0000
          0.0000
          0.0000
          0.0000
          0.0000
          0.0000
          0.0000
          0.0000
          0.0000
          0.0000
          0.0000
          0.0000
          0.0000
          0.0000
          0.0000
          0.0000
          0.0000
          0.0000
          0.0000
          0.0000
          0.0000
          0.0000
          0.0000
          0.0000
          0.0000
          0.5176
          0.0000
          0.0000
          0.0000
          0.0000
          0.0000
          0.0000
          0.0000
         17.3590
         24.4316
         17.7893
          0.0000
          0.0000
          0.0000
          0.0000
         11.4492
         30.3523
          2.1284
          0.0000
          0.0000
          0.0000
          0.0000
         11.4663
          0.0000
          0.0000
         32.1593
         32.9117
          0.0000
          0.0000
         21.7648
         27.6000
         30.7642
         10.9045
          0.0000
         54.3379
          0.0000
          0.0000
          0.0000
          0.0000
          0.0000
          0.0000
          0.0000
          0.0000
         24.0542
          0.0000
          0.0000
          0.0000
          0.0000
          0.0000
          0.0000
          0.0000
          0.0000
          7.2811
         22.1935
         13.3901
          0.0000
         18.3004
          0.0000
          0.0000
          0.0000
          0.0000
          3.6310
          9.5537
          0.0000
          0.0000
          0.0000
          0.0000
          0.0000
          0.0000
          0.0000
          0.0000
          0.0000
          0.0000
          0.0000
          0.0000
          0.0000
          0.0000
          4.6983
          5.9130
          0.0000
          0.0000
          0.0000
          0.0000
          0.0000
          0.0000
          0.0000
          0.0000
          0.0000
          0.0000
          0.0000
          0.0000
          0.0000
          0.0000
          0.0000
          0.0000
          0.0000
          0.8070
          0.0000
          0.0000
          0.0000
          0.0000
          3.2897
         17.7419
         24.1115
         18.3466
          0.0000
          0.0000
          0.0000
          0.0000
         40.7003
          2.0051
          0.0000
          0.0000
          0.0000
          0.0000
          0.0000
          0.0000
          0.0000
          0.0000
          0.0000
          0.0000
          0.0000
          0.0000
          0.0000
          0.0000
          0.0000
          0.0000
          0.0000
          0.0000
          0.0000
          0.0000
          0.0000
          0.0000
          9.7765
         13.1817
         17.5420
         10.9002
          0.0000
          0.0000
          0.0000
          0.0000
          0.0000
          0.0000
          0.0000
          2.8120
          0.0000
          0.0000
          0.0000
          0.0000
          0.0000
          0.0000
          0.0000
          0.0000
          0.5027
          0.0000
          0.0000
          0.0000
          0.0000
          0.0000
          0.0000
          0.0000
         10.6927
          0.0000
          0.0000
          0.0000
          0.0000
          0.0000
          0.0000
          0.0000
          0.0000
         10.3200
          0.0000
          0.0000
          0.0000
          0.0000
          0.0000
          0.0000
          0.0000
          0.0000
          0.0000
          0.0000
          0.0000
          0.0000
          0.0000
          0.0000
          4.2705
         36.0794
          0.0000
          0.0000
          0.0000
          0.0000
          0.0000
          0.0000
          0.0000
          0.0000
          0.0000
          0.0000
          0.0000
          0.0000
          0.0000
          0.0000
          0.0000
          0.0000
          0.0000
          0.0000
          0.0000
          0.0000
          0.0000
          0.0000
          0.0000
          0.0000
          0.0000
          0.0000
          0.0000
          0.0000
          0.0000
          0.0000
          0.0000
         12.5867
          0.6040
          0.0000
          0.0000
         11.7264
          0.0000
         -3.8247
          0.0000
          0.0000
          7.0420
         16.1482
         18.7725
         29.8657
         35.8023
         43.5244
          0.0000
          0.0000
          0.0000
          0.0000
          0.0000
          0.0000
          0.0000
          0.0000
         29.3498
          5.7584
          0.0000
          0.0000
          0.0000
          0.0000
          0.0000
          0.0000
          0.0000
          0.0000
          0.0000
          0.0000
          0.0000
          0.0000
          0.0000
          0.0000
          0.0000
         12.1293
          7.2780
          8.9617
          0.0000
          0.0000
          0.0000
          1.4266
         29.8376
         74.5178
          0.0000
          0.0000
          0.0000
          0.0000
          0.0000
          0.0000
          0.0000
          0.0000
          0.0000
          0.0000
          0.0000
          0.0000
          0.0000
          0.0000
          0.0000
          0.0000
          0.0000
          0.0000
          0.0000
          0.0000
          0.0000
          0.0000
          0.0000
          0.0000
          0.0000
          0.0000
          3.7419
          8.2607
          1.9449
         -8.6770
          0.0000
          0.0000
          0.0000
          0.0000
          0.0000
          0.0000
          0.0000
          0.0000
          0.0000
         15.4597
          0.0000
          1.1737
         24.6778
          0.0000
          0.0000
        124.2882
         91.6781
          0.0000
          0.0000
          0.0000
          0.0000
          0.0000
          0.0000
          0.0000
          0.0000
          0.0000
          0.0000
          0.0000
          0.0000
          0.0000
          0.0000
          0.0000
          0.0000
          0.0000
          0.0000
          0.0000
          0.0000
          0.0000
          0.0000
          0.0000
          0.0000
          0.0000
          0.0000
          0.0000
          0.0000
          0.0000
          0.0000
          0.0000
          0.0000
          0.0000
          0.0000
          0.0000
          0.0000
          0.0000
          0.0000
          0.0000
          0.0000
          0.0000
          0.0000
          0.0000
          0.0000
          0.0000
          0.0000
          0.0000
          0.0000
          0.0000
          0.0000
          6.1612
          9.4867
          0.0000
          0.0000
          0.0000
          0.0000
          0.0000
          0.0000
          0.0000
          0.0000
          0.0000
          0.0000
          0.0000
          0.0000
          0.0000
          0.0000
          0.0000
          0.0000
          0.0000
          0.0000
          0.0000
          0.0000
          0.0000
          0.0000
          0.0000
          0.0000
          0.0000
          0.0000
          0.0000
          0.0000
          0.0000
          0.0000
          0.0000
          0.0000
          0.0000
          0.0000
          0.0000
          0.0000
          0.0000
         28.9961
          1.9387
         19.3314
         10.9036
         10.8043
         10.3608
          0.0000
          0.0000
          0.0000
          0.0000
          0.0000
          0.0000
          0.0000
          0.0000
          0.0000
          0.0000
          0.0000
          0.0000
          0.0000
          0.0000
          0.0000
          7.1566
          0.0000
          0.0000
          0.0000
          0.0000
          0.0000
          0.0000
          0.0000
         69.2902
          0.0000
          0.0000
          0.0000
          0.0000
          0.0000
          0.0000
          0.0000
          0.0000
          0.0000
          0.0000
         18.2018
          0.0000
          0.0000
          0.0000
          0.0000
          0.0000
          0.0000
          0.0000
          0.0000
          0.0000
          0.0000
          0.0000
          0.0000
          0.0000
          0.0000
          0.0000
          0.0000
          0.0000
          0.0000
          0.0000
          0.0000
          0.0000
          0.0000
          0.0000
          0.0000
          0.0000
          0.0000
          0.0000
          0.0000
          0.0000
          0.0000
          0.0000
          0.0000
          0.0000
          0.0000
          0.0000
          0.0000
          0.0000
          0.0000
          0.0000
          0.0000
         19.9763
         32.9295
          0.0000
          0.0000
          6.8399
          0.0000
         64.3603
          6.6018
          0.0000
          0.0000
          0.0000
          0.0000
          5.2017
          0.0000
        148.8347
         75.4151
          0.0000
          0.0000
          0.0000
          0.0000
          0.0000
          0.0000
          0.0000
          0.0000
          0.0000
          0.7742
          0.0000
          0.0000
          0.0000
          0.0000
          0.0000
          0.0000
          0.0000
          0.0000
          0.0000
          0.0000
          0.0000
          0.0000
          0.0000
          0.0000
          0.0000
          0.0000
          0.0000
          0.0000
          0.0000
         16.1258
          0.4193
          0.0000
          0.0000
          0.0000
          0.0000
          0.0000
          0.0000
          0.0000
          0.0000
          0.0000
          0.0000
          0.0000
          0.0000
          0.0000
          0.0000
          0.0000
          0.0000
          0.0000
          0.0000
          0.0000
          0.0000
          0.0000
          0.0000
          0.0000
          0.0000
          0.0000
          0.0000
          0.0000
          0.0000
          0.0000
          0.0000
          0.0000
          0.0000
          0.0000
          0.0000
          0.0000
          0.0000
          0.0000
          0.0000
          3.2119
         41.4858
          0.0000
          0.0000
          0.0000
          0.0000
         38.3524
          0.0000
          0.0000
          0.0000
          0.0000
          0.0000
          0.0000
          0.0000
          0.0000
          0.0000
          0.0000
          0.0000
          0.0000
          0.0000
          0.0000
          0.0000
          0.0000
          0.0000
          0.0000
          0.0000
          0.0000
          0.0000
          0.0000
          0.0000
          0.0000
          0.0000
          0.0000
          0.0000
          0.0000
          0.0000
          0.0000
          0.0000
          0.0000
          0.0000
          0.0000
          0.0000
          0.0000
          0.0000
          0.0000
          4.2261
          4.0156
          0.0000
          0.0000
          0.0000
          0.0000
          0.0000
          0.0000
          0.0000
          0.0000
          1.5780
          0.0000
          0.0000
          0.0000
          0.0000
          0.0000
          0.0000
          0.0000
          0.0000
          0.0000
          0.0000
          0.0000
          0.0000
          0.0000
          0.0000
          0.0000
          0.0000
          0.0000
          0.0000
          0.0000
          0.0000
          0.0000
          0.0000
          0.0000
          0.0000
          0.0000
          0.0000
          0.0000
          0.0000
          0.0000
          0.0000
          0.0000
          0.0000
          0.0000
          0.0000
          0.0000
          0.0000
          0.0000
          0.0000
          0.0000
          0.0000
          0.0000
          0.0000
          0.0000
          0.0000
          0.0000
          0.0000
          0.0000
          0.0000
          0.0000
          0.0000
          0.0000
          0.0000
          2.6582
          5.4334
          0.0000
          0.0000
          0.0000
          0.0000
          0.0000
          3.1050
         31.1629
         14.6733
         43.5200
         38.5476
          0.0000
          0.0000
          0.0000
          0.0000
          0.0000
          0.0000
          0.0000
          0.0000
          0.0000
          0.0000
          9.0397
          0.0000
          3.2576
         56.5468
         32.8248
         61.7019
         43.6478
          0.0000
          0.0000
          0.0000
          0.0000
          0.0000
          0.0000
          0.0000
          0.0000
          0.0000
          0.0000
          0.0000
          0.0000
          0.0000
          0.0000
          0.0000
          0.0000
         63.4769
          0.0000
          0.0000
          0.0000
         17.0220
          3.5430
          0.0000
          0.0000
          0.0000
          0.0000
          0.0000
          0.0000
          0.0000
          0.0000
          0.0000
          0.0000
          0.0000
          0.0000
          0.0000
          0.0000
          0.0000
          0.0000
          0.0000
          0.0000
          0.0000
          0.0000
          0.0000
          0.0000
          0.0000
          0.0000
        151.0046
          0.0000
          0.0000
          0.0000
          0.0000
          0.0000
          0.0000
          0.0000
          0.0000
          0.0000
          0.0000
          0.0000
          0.0000
         62.8412
        150.8803
         64.9084
          4.8026
          0.0000
          0.0000
          0.0000
          0.0000
          0.0000
          0.0000
        127.2363
        128.7656
        158.1762
          0.0000
          0.0000
          0.0000
          0.0000
          0.0000
          0.0000
          0.0000
          0.0000
         23.3426
          0.0000
          0.0000
          0.0000
          0.0000
        114.8555
          0.0000
          0.0000
          0.0000
          0.0000
          0.0000
          0.0000
          0.0000
          0.0000
          0.0000
         15.1996
          0.0000
          0.0000
          0.0000
          0.0000
          0.0000
          0.0000
          0.0000
          0.0000
          0.0000
          0.0000
          0.0000
         10.6092
         20.2333
          6.7135
         26.7282
         41.5660
          0.0000
          0.0000
          0.0000
          0.0000
          0.0000
          0.0000
          0.0000
          0.0000
          0.0000
          0.0000
          0.0000
          0.0000
          0.0000
          0.0000
          4.4846
          0.0000
          0.0000
          0.0000
          0.0000
          9.7225
         19.0743
          3.1320
         19.2489
         16.9016
        157.0715
          9.1427
          0.0000
          0.0000
          0.0000
          0.0000
          2.5815
          0.0000
          0.0000
          0.0000
          0.0000
          0.0000
          0.0000
          0.0000
          0.0000
         11.0662
          0.0000
          0.0000
          0.0000
          0.0000
          0.0000
          0.0000
          0.0000
          0.0000
         38.1691
          8.7488
          0.0000
          0.0000
          0.0000
          0.0000
          5.4685
          0.0000
         75.3061
         10.5196
          0.0000
          0.0000
          0.0000
          0.0000
          0.0000
          0.0000
          0.0000
          0.0000
          0.0000
          0.0000
          0.0000
          0.0000
          0.0000
          0.0000
          0.0000
          0.0000
          0.0000
          0.0000
          0.0000
          0.0000
          0.0000
          0.0000
         14.7989
          0.0000
          0.0000
          0.0000
          0.0000
          0.0000
          0.0000
          0.0000
          0.0000
          0.0000
          0.0000
          0.0000
          0.0000
          0.0000
          0.0000
          0.0000
          0.0000
          0.0000
          0.0000
          0.0000
          0.0000
          0.0000
          0.0000
          0.0000
          0.0000
          0.0000
          0.0000
          0.0000
          0.0000
          0.0000
          0.0000
          0.0000
          0.0000
          0.0000
          0.0000
          0.0000
          0.0000
          0.0000
          0.0000
          0.0000
          0.0000
          0.0000
          0.0000
          0.0000
          0.0000
          0.0000
          0.0000
          0.0000
          0.0000
          0.0000
          0.0000
          0.0000
          6.9109
          8.4179
         12.0768
         14.5079
        136.7007
         27.5315
          0.0000
          0.0000
          0.0000
          0.0000
         14.0225
          0.0000
         70.5969
          0.0000
          0.0000
          0.0000
          0.0000
          0.0000
          3.7890
          0.0000
          0.0000
          0.0000
          0.0000
          0.0000
          0.0000
          0.0000
          0.0000
          0.0000
         -3.4017
          0.0000
          0.0000
          0.0000
          0.0000
          0.0000
          0.0000
          0.0000
          0.0000
          0.0000
          0.0000
          0.0000
          1.3595
          0.0000
        203.8027
        218.2893
        241.9287
          0.0000
          0.0000
          0.0000
          0.0000
          0.0000
          0.0000
          0.0000
         -4.5691
          0.0000
          0.0000
          0.0000
          0.0000
          0.0000
          0.0000
          0.0000
          0.0000
          0.0000
          0.0000
          0.0000
          0.0000
          0.0000
          0.6240
         49.4062
        146.0305
         10.6392
        -12.2070
         34.6479
         45.4519
         18.7617
        115.2448
        182.4062
        112.6611
          0.0000
          0.0000
          0.0000
          0.0000
          0.0000
          0.0000
          0.0000
         -1.3714
          0.0000
          0.0000
          0.0000
          0.0000
         23.6044
         83.2626
        136.6511
        101.7191
          0.0000
          0.0000
          0.0000
          0.0000
          0.0000
          0.0000
          0.0000
          0.0000
          0.0000
          0.0000
          0.0000
          0.0000
          0.0000
          0.0000
          0.0000
          0.0000
         61.2667
         16.9312
          0.0000
          0.0000
          0.0000
          0.0000
          0.0000
          0.0000
          0.0000
          0.0000
          0.0000
          0.0000
          0.0000
          0.0000
         33.6651
        126.1141
        137.2453
         46.7773
          7.9800
          0.0000
         90.8127
        119.7921
         85.1008
         35.8219
          0.0000
          0.0000
          0.0000
          0.0000
          0.0000
          0.0000
          0.0000
         12.2078
          0.0000
          9.1618
        100.9791
        151.0394
         64.7910
         12.9450
          0.0000
          0.0000
          0.0000
          0.0000
          0.0000
          0.0000
          0.0000
          0.0000
          0.0000
          0.0000
          0.0000
          0.0000
          0.0000
          0.0000
          0.0000
         10.3531
          0.0000
          0.0000
          0.0000
          0.0000
          0.0000
          0.0000
          0.0000
          0.0000
          0.0000
          0.0000
          0.0000
          0.0000
          0.0000
          0.0000
          0.0000
          0.0000
          0.0000
          0.0000
          0.0000
          0.0000
          0.0000
          0.0000
         17.1624
         66.1972
        113.3532
         75.8587
          0.0000
          0.0000
          0.0000
          0.0000
          0.0000
          0.0000
          0.0000
          0.0000
          0.0000
          0.0000
          0.0000
          0.0000
          0.0000
          0.0000
          0.0000
          0.0000
          0.0000
          0.0000
          0.0000
          0.0000
          0.0000
          0.0000
          0.0000
          0.0000
          0.0000
          0.0000
          0.0000
          0.0000
          0.0000
          4.2280
          8.6073
          0.0000
          0.0000
          0.0000
          0.0000
          0.0000
          0.0000
          1.5699
         34.8681
         27.9202
          0.0000
          0.0000
          0.0000
          0.0000
          0.0000
          4.8549
         15.9854
          1.7176
          0.0000
          0.0000
          0.0000
          0.0000
          0.0000
          0.0000
          7.5057
          2.4881
          0.0000
          3.3239
          0.0000
          0.0000
          0.0000
         19.7292
         17.4577
         79.9120
          0.0000
          0.0000
          0.0000
          0.0000
          0.0000
         19.3142
         59.2595
         18.5409
         10.6159
          5.3750
          0.0000
          0.0000
         11.8409
          8.4261
         91.2027
         92.9800
          0.0000
          0.0000
          0.0000
          0.0000
          0.0000
          0.0000
          0.0000
          0.0000
          0.0000
          0.0000
          0.0000
          0.0000
          0.0000
          0.0000
          0.0000
          0.0000
          0.0000
          0.0000
          0.0000
          4.5273
          0.0000
         48.7276
        197.0818
          2.7029
          0.0000
          0.0000
         16.5569
         36.9163
         82.9799
        100.2251
         89.9828
          0.0000
          0.0000
          0.0000
          0.0000
          0.0000
          0.0000
          0.0000
          0.0000
          0.0000
          0.0000
          0.0000
          0.0000
          0.0000
          0.0000
          0.0000
          0.0000
          0.0000
          0.0000
          0.0000
         12.7900
         15.4555
         -2.9585
          5.9035
        174.3745
        163.3488
          0.0000
          0.0000
          0.0000
          0.0000
          0.0000
          0.0000
          0.0000
          0.0000
         -2.7885
         33.9322
         47.6700
         15.6031
          0.0000
          0.0000
          0.0000
          0.0000
          0.0000
          0.0000
          0.0000
          0.0000
          0.0000
          0.0000
          0.0000
          0.0000
          0.0000
          0.0000
         12.6863
         29.5275
         26.2818
         -3.1182
        112.8704
         36.5966
          0.0000
          0.0000
          0.0000
          1.6644
          0.0000
          1.7508
          0.0000
          0.0000
          0.0000
          0.0000
          0.0000
         47.6466
          0.0000
          0.0000
          0.0000
          0.0000
          0.0000
          0.0000
          0.0000
          0.0000
          0.0000
          0.0000
          0.0000
          0.0000
          0.0000
          0.0000
          0.0000
          2.8082
         14.9048
         -2.3690
          0.0000
          0.0000
          0.0000
          0.0000
          0.0000
          8.7058
         19.7972
         22.2080
         13.6198
         37.7338
          0.0000
          0.0000
          0.0000
          8.3959
         12.1788
         28.4150
         64.8803
         93.1606
          0.0000
          0.0000
          0.0000
          0.0000
         14.8973
         19.5538
         59.9997
         89.1326
          0.0000
          0.0000
          0.0000
          0.0000
          0.0000
          0.0000
          0.0000
          0.0000
          0.0000
          0.0000
          0.0000
          0.0000
          0.0000
          0.0000
          0.0000
          0.0000
          0.0000
          0.0000
          0.0000
          0.0000
          0.0000
         10.0492
          0.0000
          0.0000
          0.0000
          0.0000
         15.1727
         13.5062
          8.7607
         51.6577
        129.4433
          0.0000
          0.0000
          0.0000
          0.2572
          0.0000
          0.0000
          0.0000
          0.0000
          0.0000
          0.0000
          0.0000
          0.0000
          0.0000
          0.0000
          8.3639
         22.3251
         20.0022
         20.0022
          0.0000
          0.0000
          0.0000
          0.0000
          7.9945
          7.9282
          1.6981
          0.0000
          0.0000
          0.0000
          0.0000
          0.0000
          0.0000
         15.8585
         36.6611
          0.0000
          3.3869
          2.6278
          3.9929
          0.0000
          0.0000
          0.0000
          0.0000
          0.0000
          0.0000
          0.0000
          0.0000
          0.8692
         27.3031
         54.6394
         18.0810
          0.0000
          0.0000
          0.6912
         15.3391
         26.2253
         55.5042
         70.9824
          0.0000
          0.0000
          0.0000
          0.0000
          0.0000
          0.0000
          5.8756
         12.5981
         32.2084
          0.0000
          0.0000
          0.0000
          0.0000
          0.0000
          0.0000
          0.0000
          0.0000
          0.0000
          6.7536
          9.1243
          8.8081
         19.6818
         23.7225
          6.8710
          0.0000
          0.0000
         21.4930
         73.1463
         36.0107
         84.9125
         48.2775
         36.2034
          0.0000
          0.0000
          0.0000
          0.0000
          0.0000
          3.4737
         23.4965
         27.7947
          0.0000
          0.0000
          0.0000
          0.0000
          0.0000
          0.0000
         38.1439
         89.2847
          0.0000
          0.0000
          0.0000
          0.0000
          0.0000
          0.0000
          0.0000
          0.0000
          0.0000
          0.0000
          0.0000
          0.0000
          0.0000
          0.0000
          0.0000
          0.0000
          0.0000
          0.0000
          0.0000
          0.0000
          0.0000
          0.0000
          0.0000
          0.0000
         35.1020
          0.0000
          0.0000
          0.0000
          0.0000
          0.0000
          0.0000
          0.0000
          0.0000
          0.0000
          0.0000
          0.0000
         -2.7771
          0.0000
          0.0000
          0.0000
          0.0000
          2.7727
          0.0000
          0.0000
          0.0000
          0.0000
          0.0000
          0.0000
          0.0000
          1.1806
          0.0000
          0.0000
          0.0000
          0.0000
          0.0000
          0.0000
          0.0000
          8.7739
         34.6191
         14.0837
          0.0000
          0.0000
          0.0000
          0.0000
         67.7237
         58.8194
          0.0000
          0.0000
          0.0000
          0.0000
          0.0000
          0.0000
          0.0000
         13.3729
          0.0000
          0.0000
          0.0000
          0.0000
          0.0000
          0.0000
          0.0000
          0.0000
          0.0000
          0.0000
          0.0000
          0.0000
          0.0000
          0.0000
          0.0000
         74.5586
         86.4178
         58.2197
          9.6464
          0.0000
          0.0000
         92.1216
         19.9697
          0.0000
          0.0000
          0.0000
          0.0000
          1.7996
         10.2503
         31.5164
         42.2392
          0.0000
          0.0000
          0.0000
          0.0000
          0.0000
          0.0000
          0.0000
          0.0000
          0.0000
          0.0000
          0.0000
          0.0000
          0.0000
          2.4430
          2.0696
          0.6405
          0.0000
          0.0000
          0.0000
          0.0000
          0.0000
          0.0000
          0.0000
          0.0000
          0.0000
          0.0000
          0.0000
          0.0000
          0.0000
          0.0000
          0.0000
          0.0000
          0.0000
          0.0000
          0.0000
          0.0000
          0.0000
          0.3803
          4.2078
         82.8132
         89.6671
         14.0233
          0.0000
          4.4837
          2.7506
          7.8280
          0.0000
          0.0000
         34.6319
          0.2402
          2.4012
         25.1643
         40.4762
        -21.8640
         69.3689
          0.0000
          0.0000
          0.0000
          0.0000
          0.0000
          6.1825
         33.1653
        107.4812
          4.2749
          0.0000
          0.0000
          0.0000
          0.0000
          3.3115
          0.3906
          5.7473
          0.0000
          0.0000
          0.0000
          0.0000
          0.0000
          0.0000
          0.0000
          0.0000
          0.0000
          0.0000
          0.0000
          0.0000
          0.0000
          0.0000
          0.0000
          1.7657
          1.3351
          0.0000
          0.0000
          0.0000
          0.0000
          0.0000
          0.0000
          0.0000
          0.0000
          0.0000
          0.0000
          0.0000
          0.0000
          0.0000
          0.0000
          0.0000
          0.0000
          0.0000
          0.0000
          0.0000
          0.0000
          0.0000
          0.0000
          0.0000
          0.0000
          0.0000
          0.0000
          0.0000
          0.0000
          0.0000
          0.0000
          0.0000
          0.0000
          0.0000
          0.0000
          0.0000
          0.0000
          0.0000
          4.4844
          0.0000
          0.0000
          8.5985
         50.0444
         29.2943
          0.0000
          0.0000
          0.0000
          0.0000
          0.0000
          0.0000
          0.0000
          0.0000
          0.0000
          0.0000
          0.0000
          0.0000
          0.0000
          0.0000
          0.0000
          0.0000
          0.0000
          0.0000
         13.5311
          7.1197
         78.4910
          0.0000
          0.0000
          0.0000
          0.0000
          0.0000
          0.0000
          0.0000
          1.3311
          0.0000
          2.4048
          5.4670
          1.6552
         10.4166
         22.0638
         10.5392
          0.0000
          0.0000
          0.0000
          0.0000
          0.0000
          0.0000
         11.9133
         19.6155
          0.0000
          0.0000
          1.2086
         17.3479
         19.1471
          0.8142
          0.0000
          0.0000
          0.0000
          0.0000
          0.0000
          0.0000
          0.0000
          0.0000
         28.1907
         80.3885
          1.9976
          0.0000
          0.0000
          0.0000
          0.0000
          0.0000
          0.0000
         66.4676
          0.0000
          0.0000
          0.0000
          0.0000
          0.0000
          0.0000
          0.0000
          0.0000
          0.0000
          0.0000
          0.0000
          0.0000
          0.0000
          0.0000
          0.0000
          0.0000
          0.0000
          0.0000
          0.0000
          0.0000
          0.0000
          0.0000
          0.0000
          0.0000
         54.6092
         96.1371
         37.1436
         22.8337
          0.0000
          0.0000
          0.0000
          0.0000
        103.0951
        128.4712
         71.3522
          0.0000
          0.0000
          0.0000
          0.0000
          0.0000
          0.0000
          0.0000
          0.0000
          0.0000
          0.0000
          2.4580
         13.7870
         32.8245
         82.3435
         48.9008
          2.6024
          0.0000
          0.0000
          0.0000
          0.0000
          0.0000
          0.0000
          0.0000
         12.2422
         39.1280
         28.7833
          0.0000
          0.0000
          0.0000
         21.3044
          0.0000
          0.0000
          0.0000
          0.0000
          0.0000
          4.1958
          0.0000
          0.0000
          0.0000
          0.0000
          0.0000
          0.0000
          0.0000
          0.0000
          0.0000
         -9.8662
          0.0000
         40.8371
        201.0490
         74.7054
         33.6151
         49.8923
         27.0640
        265.1664
        234.1965
         82.5148
          0.0000
          0.0000
          0.0000
          8.0507
          0.0000
         62.8622
         75.4284
          0.0000
          0.0000
          0.0000
          0.0000
          6.7909
          0.2127
         41.3526
         26.7422
          0.0000
          0.0000
          0.0000
          0.0000
          2.2060
         91.8669
          0.0000
          0.0000
          0.0000
          0.0000
          5.5600
          0.0000
          0.0000
          0.0000
          0.0000
          0.0000
          0.0000
          0.0000
          0.0000
          0.0000
          0.0000
         60.4198
         15.4842
          0.0000
          0.0000
          0.0000
          0.0000
          0.0000
          0.0000
          0.0000
          7.3923
          0.0000
          0.0000
          0.0000
          0.0000
          3.1516
          7.1529
          0.0000
          0.0000
         52.2103
         25.0210
          0.0000
          5.8448
         18.1596
          0.0000
          0.0000
         60.0898
          0.0000
          0.0000
          0.0000
          5.8377
          0.0000
          0.3992
          0.4816
         60.5470
          0.0000
          0.0000
          1.0253
         11.0151
         15.6245
         43.4950
          0.0000
          0.0000
          0.0000
          0.0000
          0.0000
          0.0000
          0.0000
          0.0000
          0.0000
          0.0000
          0.0000
          2.2458
          0.0000
          8.8114
         23.8466
         16.6627
          0.4384
         13.8455
          7.1525
          0.0000
          0.0000
          0.0000
         16.5986
          0.0000
          0.0000
          0.0000
         80.4651
          4.9002
          0.0000
          0.0000
          0.0000
          0.0000
         16.5826
         36.7577
          0.0000
          0.0000
          0.0000
          0.0000
          0.0000
          0.0000
         52.9649
         81.3464
         89.6763
          0.0000
          0.0000
          0.0000
          0.0000
          0.0000
         16.5911
         18.5193
         51.2636
         45.2356
         11.0226
          0.0000
          0.0000
          0.0000
          0.0000
          0.0000
          0.0000
          0.0000
         13.4321
         14.3518
         -5.3066
        -27.4678
         16.4345
          0.0000
          0.0000
          0.0000
          0.0000
          0.0000
          0.0000
         17.6913
         57.1323
          9.7479
          0.0000
          0.0000
          0.0000
          0.0000
          0.0000
          0.0000
          0.0000
          0.0000
          0.0000
          0.0000
          0.0000
          0.0000
          0.0000
          0.0000
          0.0000
          6.2694
         31.2145
         70.0153
         56.0307
         51.5360
          0.0000
          0.0000
          0.0000
         95.4741
        173.2252
        143.8546
        162.6755
        114.8903
         69.0488
          0.0000
          0.0000
          0.0000
          0.0000
          0.0000
          0.0000
          0.0000
          0.0000
          0.0000
          0.0000
          0.0000
          0.0000
          0.0000
          0.0000
          0.0000
          0.0000
          0.0000
          0.0000
          0.0000
          0.0000
          0.0000
          0.0000
          0.0000
          0.0000
          0.0000
          0.0000
          0.0000
         16.9186
          0.0000
          8.9577
         31.2561
        100.6714
        118.5069
        175.9432
         52.2539
          0.0000
          0.0000
          0.0000
          0.0000
          0.0000
          0.0000
         88.0010
          0.0000
          0.0000
          0.0000
          0.0000
          0.0000
          0.0000
          0.0000
         25.6459
         25.4490
          0.0000
          1.7342
          0.0000
          0.0000
         18.7754
         76.2797
         79.9004
         45.2638
         31.6496
          0.0000
          0.0000
          0.0000
          0.0000
          0.0000
          0.0000
          0.0000
          0.0000
          0.0000
          0.0000
          0.0000
          0.0000
          0.0000
          0.0000
          0.0000
          0.0000
          0.0000
          0.0000
          0.0000
          0.0000
          0.0000
          1.1775
          0.5080
          0.0000
          0.0000
          0.0000
          0.0000
          0.0000
          0.0000
          0.0000
          0.0000
          0.0000
          0.0000
          0.0000
          0.0000
          0.0000
          0.0000
          0.0000
          0.0000
          0.0000
          0.0000
          0.0000
          0.0000
          0.0000
          0.0000
          0.0000
          0.0000
          0.0000
          0.0000
         11.2783
         17.5295
          0.0000
          3.9925
          0.0000
          0.0000
          0.0000
          0.0000
          0.0000
          0.0000
          0.0000
          0.0000
          0.0000
          0.0000
          3.7919
         59.0244
         80.5702
          0.0000
         16.2356
          3.3586
          1.2163
          1.7881
          0.0000
          0.0000
          0.0000
          0.0000
          0.0000
          0.0000
          0.0000
          0.0000
          0.0000
          0.0000
          0.0000
          0.0000
          0.0000
          0.0000
          0.0000
          0.0000
          2.0346
          7.6867
         10.0010
          8.9159
         85.4908
         72.7956
          0.0000
          0.0000
          0.0000
          0.0000
          0.0000
          0.0000
         32.6941
         95.6103
          0.0000
          0.0000
          0.0000
          0.0000
          0.0000
          0.0000
          0.0000
          0.0000
          0.0000
          0.0000
          0.0000
          0.0000
          0.0000
          0.0000
          0.0000
          0.0000
          0.0000
          0.0000
          0.0000
          0.0000
          0.0000
          7.7839
         14.6248
         28.7210
        103.6967
          0.0000
          0.0000
          0.0000
          0.0000
          0.0218
          0.0000
          0.0000
         23.6530
         19.6460
          0.0000
          0.0000
          0.0000
          0.0000
          0.0000
         20.2929
         60.2974
         46.4619
          0.0000
          0.0000
          0.0000
          0.0000
          0.8006
          5.2460
          9.6903
         11.3660
          0.0000
          0.0000
          0.0000
          0.0000
          0.0000
          0.0000
          0.0000
          0.8026
          1.2207
          0.0000
          0.0000
          0.0000
          0.0000
          0.0000
          0.0000
         33.4549
          0.0000
          0.0000
          0.0000
          0.0000
          0.0000
          0.0000
          0.0000
          0.0000
          0.0000
          0.0000
          0.0000
          3.3576
          0.0000
         12.0738
         46.6870
         29.5860
          0.0000
          0.0000
         31.9790
         20.0064
          2.8423
         14.6511
         16.0954
          0.0000
          0.0000
          0.0000
          0.0000
          0.0000
          0.0000
          3.4755
        112.5764
          0.0000
          0.0000
          0.0000
          0.0000
          0.0000
          0.0000
          0.0000
          0.0000
          9.7554
          0.0000
          0.0000
          0.0000
          0.0000
          0.0000
          0.0000
          0.0000
          0.0000
          0.0000
         36.4519
         80.2092
         25.9158
          0.0000
         10.1993
         40.9771
          0.0000
         41.8505
          0.0000
          0.0000
          0.0000
         13.2932
         56.4363
          7.1240
          0.0000
          0.0000
          0.0000
          0.0000
          0.0000
          7.9780
          0.0000
          0.0000
          0.0000
         24.0211
         49.0622
         60.6010
         36.1632
         59.1972
         90.3690
         13.2618
          0.0000
          0.0000
          0.0000
          0.0000
          0.0000
          0.0000
          0.0000
          0.0000
         73.8934
        148.7999
         86.7792
          0.0000
          0.0000
          0.0000
          0.0000
          0.0000
          0.0000
          0.0000
          0.0000
          0.0000
          0.0000
          0.0000
          0.0000
          0.0000
          0.0000
          0.0000
          0.0000
          0.0000
          0.0000
          0.0000
          0.0000
          2.4245
          0.0000
          0.0000
          0.0000
          7.4818
         49.7969
         75.5468
        125.9481
        188.6725
          0.0000
          0.0000
          0.0000
          0.0000
          0.0000
          0.0000
          0.0000
          0.0000
          0.0000
          0.0000
          0.0000
          0.0000
          0.0000
          0.0000
          0.0000
         26.7253
         47.7284
          0.0000
          0.0000
          8.4927
         21.6469
         27.3967
         12.6845
          0.0000
          0.0000
          0.0000
          0.0000
          0.0000
          2.5177
         35.4966
         42.2744
        100.9114
          0.7543
          0.0000
          0.0000
          0.0000
          0.0000
          0.0000
          0.0000
         57.5145
         48.8442
          0.0000
          0.0000
          0.0000
          0.0000
          0.0000
          0.0000
          0.0000
          0.0000
          0.0000
          0.0000
          0.0000
          0.7589
          1.1542
          2.7061
          0.0000
          0.0000
          0.0000
          9.6095
         22.9078
         27.5250
         18.5173
         17.4236
          0.0000
          0.0000
          0.0000
          0.0000
          0.0000
          0.0000
          0.0000
          0.0000
          0.0000
          0.0000
          0.0000
          0.0000
          0.0000
          0.0000
          0.0000
         40.4840
          8.8041
          0.0000
          0.0000
         37.2892
          0.0000
          0.0000
          0.0000
          0.0000
          0.0000
          0.0000
         22.8916
         28.7708
         11.9677
         11.6969
         16.2585
          6.5637
          0.0000
          0.0000
          0.0000
         29.6358
        114.4822
        151.1588
        167.9106
        143.9944
        131.4362
          0.0000
          0.0000
          0.0000
          0.0000
          0.0000
          0.0000
          0.0000
          0.0000
          0.0000
          0.0000
          0.0000
          0.0000
          0.0000
          0.0000
          2.9162
         25.0253
         82.5221
         70.5586
          6.8206
          0.0000
          0.0000
          0.0000
          0.0000
         29.7016
         77.7414
          0.0000
          0.0000
          0.0000
          0.0000
          0.0000
          0.0000
          0.0000
         31.8557
          0.0000
          0.0000
          0.0000
          0.0000
          0.0000
         14.3192
         33.3976
         11.7721
          6.1524
         29.1844
         30.9401
         -0.3061
          0.0000
          0.0000
          0.8058
         11.7271
          0.0000
          7.0502
         46.0081
        102.3507
         23.6850
         15.7324
         18.4908
         33.8170
          0.0000
          0.0000
          0.0000
          0.0000
          0.0000
          0.0000
          0.0000
          0.0000
         38.6686
         10.0669
         24.8955
          5.7759
          0.0000
          0.0000
          0.0000
          0.0000
          0.0000
          0.0000
          0.0000
          0.0000
          0.0000
          0.0000
          0.0000
          7.5824
          0.0000
          0.0000
          0.0000
          0.0000
          0.0000
          6.4057
          3.2439
          0.0000
          0.0000
          0.0000
          0.0000
          0.0000
          0.0000
          5.7461
         13.0084
          8.0683
          0.0000
          0.0000
          0.0000
          0.0000
          0.0000
          0.0000
          6.3637
          0.0000
          0.0000
          0.0000
          0.0000
          0.0000
          0.0000
          0.0000
          0.0000
        128.3291
          0.0000
          0.0000
          0.0000
          0.0000
          0.0000
          0.0000
          0.0000
          0.0000
          0.0000
          0.0000
          0.0000
          0.0000
          0.0000
          0.0000
          0.0000
          0.0000
          0.0000
          0.0000
          0.0000
          0.0000
          0.0000
          0.0000
          0.0000
          0.0000
          0.0000
          0.0000
          0.0000
          0.0000
          8.1097
          7.7656
          0.0000
          0.0000
          0.0000
          0.0000
          0.0000
          0.9864
          0.0000
          0.0000
          3.8202
          0.0000
          0.0000
          0.0000
          0.0000
          0.0000
          0.0000
          0.0000
          0.0000
          0.0000
          0.0000
          0.0000
          0.0000
          0.0000
          0.0000
          4.3759
          0.0000
          0.0000
          0.0000
          0.0000
          0.0000
          4.9795
          0.0000
         -0.8848
          0.0000
          0.0000
          0.0000
          0.0000
          0.2385
         14.1899
          1.4541
          0.0000
          0.0000
          0.0000
          0.0000
          0.0000
          0.0000
          0.0000
          0.0000
          0.0000
          0.0000
          0.0000
          0.0000
          0.0000
          0.0000
          0.0000
          8.6681
         29.9727
          0.4632
          0.0000
          0.0000
          0.0000
          0.0000
          0.0000
          0.0000
          8.2006
          7.4498
         35.5121
          0.0000
          0.0000
          0.0000
          0.0000
          0.0000
          0.0000
          0.0000
          0.0000
          0.0000
          0.0000
          0.0000
          0.0000
          0.0000
          0.0000
          0.0000
          0.0000
          0.0000
          0.0000
          0.0000
          0.0000
          0.0000
          0.0000
          0.0000
          0.0000
          0.0000
          2.1682
          0.6112
          0.0000
          0.0000
         26.6948
        102.0820
        134.8452
          0.0000
          0.0000
          0.0000
          0.0000
          0.0000
          0.0000
          0.0000
          0.0000
          0.0000
          9.9991
         22.6936
         20.0522
         12.0790
         25.4063
          6.8459
          0.0000
          0.0000
          0.0000
         18.0514
         28.4220
         18.0658
        102.3012
        123.6473
          0.0000
          0.0000
          0.0000
          0.0000
          0.0000
          0.0000
          0.0000
          0.0000
          0.0000
          0.0000
          0.0000
          0.0000
         14.8240
         26.3278
         65.6450
        106.8420
         34.5496
          0.0000
          0.0000
          0.0000
          0.0000
          0.0000
          0.0000
          0.0000
          0.0000
          0.0000
          0.0000
          0.0000
          0.0000
          0.0000
          0.0000
          0.0000
          0.0000
          0.0000
          0.0000
          0.0000
          0.0000
          0.0000
          0.0000
          0.4299
          9.5783
          0.0000
          0.0000
         17.4756
         36.9978
         36.4765
         81.8180
        134.9621
          0.0000
          0.0000
          0.0000
          0.0000
          0.0000
          0.0000
          0.0000
          0.0000
          5.6602
          0.0000
          0.0000
          0.0000
          0.0000
          0.0000
          0.8686
          0.6933
          0.0000
          0.0000
          0.0000
          0.0000
          0.0000
          0.0000
          0.0000
          0.0000
          0.0000
          0.0000
          0.0000
          0.0000
          0.0000
          0.0000
          0.0000
          0.0000
         -0.0065
          0.0000
          0.0000
          0.0000
          0.0000
          0.0000
          0.0000
          0.0000
          1.3125
          0.0000
          0.0000
          4.9301
          0.0000
          0.0000
          0.0000
          0.0000
         10.9474
          9.5644
          0.0000
          0.0000
          0.0000
          0.0000
          0.0000
          0.0000
          0.0000
          1.4715
         18.7360
         31.8880
          7.2620
         -1.4847
          9.4472
          0.7834
          0.0000
          0.0000
         17.5351
         10.8712
         16.5037
          0.0000
          0.0000
          0.0000
          2.9229
         79.9224
          0.0000
          0.0000
          0.0000
          2.2539
          0.0000
          0.0000
          0.0000
          0.0000
          0.0000
          0.0000
          0.0000
          0.0000
          0.0000
          0.0000
          0.0000
          0.0000
         11.4504
          0.0000
          0.0000
          0.0000
          0.0000
          0.0000
          0.0000
          0.0000
          0.0000
          0.0000
          0.0000
          0.0000
          0.0000
          0.0000
          0.9805
          0.0000
          0.0000
          0.0000
          0.0000
          0.0000
          0.0000
          0.0000
          0.0000
          0.0000
          0.0000
          0.0000
          0.0000
          0.0000
          0.0000
          0.0000
          0.0000
          0.0000
          0.0000
          0.0000
          0.0000
          0.0000
          0.0000
          0.0000
          0.0000
          1.5619
          0.0000
          0.0000
          0.0000
          0.0000
          0.0000
          0.0000
          0.0000
         25.5082
          0.0000
          0.0000
          0.0000
          0.0000
          0.0000
          0.0000
          0.0000
          0.0000
          0.0000
          8.7135
         30.3519
         71.0213
         84.8929
          0.0000
          0.0000
          0.0000
          0.0000
          0.0000
          0.0000
          0.0000
          0.0000
          0.0000
          0.0000
          0.0000
          0.0000
          0.0000
          0.0000
          0.0000
          0.0000
          0.0000
          0.0000
          0.0000
          4.8000
          0.0000
          0.0000
          0.0000
          0.0000
          0.0000
          4.6569
         53.8398
          0.0000
          0.0000
          0.0000
          0.0000
          0.0000
          8.7303
         53.0608
         46.4014
          0.0000
          0.0000
          0.0000
         33.9490
          0.2357
          0.0000
          0.0000
          0.0000
          4.3852
          5.0623
         13.9373
         70.6657
         60.9004
         55.8477
        116.7485
         20.9424
          0.0000
          0.0000
          1.7265
         27.3905
          0.0000
          0.0000
          0.0000
          0.0000
          0.0000
         22.0403
        105.4075
         64.2125
          0.0000
          0.0000
          0.0000
          0.0000
          0.0000
          0.0000
          0.0000
          0.0000
          0.0000
         97.5167
        120.8841
          0.0000
          0.0000
          0.0000
          0.0000
          0.0000
          0.0000
          0.0000
         79.7336
         87.0111
          0.0000
          0.0000
          0.0000
          0.0000
          0.0000
          0.0000
         12.6554
         11.8849
         19.5843
         20.5567
         11.7071
          0.0000
          0.0000
          0.0000
          0.0000
          0.0000
          0.0000
          0.0000
          0.0000
          0.0000
          0.0000
          0.0000
          0.0000
          0.0000
          0.0000
          0.0000
          0.0000
          0.0000
          0.0000
          0.0000
         98.8334
         13.4436
          0.0000
          0.0000
          0.0000
          0.0000
          0.0000
          0.0000
          4.7557
          0.0000
          0.0000
          0.0000
          0.0000
          0.0000
          0.0000
          0.0000
          0.0000
          0.0000
          0.0000
          0.0000
          0.0000
          0.0000
          0.0000
          0.0000
          2.8558
          3.5830
          0.0000
          0.0000
          0.0000
          0.0000
          0.0000
          0.0000
          0.0000
          0.0000
          0.0000
          0.0000
          0.0000
          0.0000
          0.0000
          0.0000
          0.0000
          0.0000
          0.0000
          0.0000
          0.0000
          0.0000
          0.0000
          0.0000
         11.2126
          7.8711
          2.6086
         12.1648
          0.0000
          0.0000
          0.0000
          0.0000
          0.0000
          0.0000
          0.0000
          0.0000
          0.0000
          0.0000
          0.0000
          0.0000
          0.0000
          0.0000
          0.0000
          0.0000
          0.0000
          0.0000
          0.0000
          0.0000
          0.0000
          0.0000
          0.0000
          0.0000
          0.0000
          0.0000
          0.0000
          0.0000
          0.0000
          0.0000
          0.0000
          0.0000
          0.0000
          0.0000
          0.0000
          0.0000
          0.0000
          0.0000
          0.0000
          0.0000
          0.0000
          0.0000
          0.0000
          0.0000
          0.0000
          0.0000
          0.0000
          0.0000
          0.0000
          0.0000
          0.0000
          0.0000
         41.5079
         10.9897
          0.0000
          0.0000
          0.0000
          0.0000
          0.0000
          0.0000
         46.3119
         10.1759
          0.0000
          0.0000
          0.0000
          0.0000
          0.0000
          0.0000
         -0.3461
          0.0000
          0.0000
          0.0000
          0.0000
          0.0000
          0.0000
          0.0000
          0.0000
          0.0000
          0.0000
          0.0000
          0.0000
          0.0000
          0.0000
          0.0000
          0.0000
          0.0000
          0.0000
          0.0000
          0.0000
          0.0000
          0.0000
          0.0000
          9.7852
          0.0000
          0.0000
          0.0000
          0.0000
          0.0000
          9.1142
         30.5016
        115.3049
          0.0000
          0.0000
          0.0000
          0.0000
          0.0000
          0.0000
          0.0000
          0.0000
          0.0000
          0.0000
          0.0000
          0.0000
          0.0000
          0.0000
          6.6842
         18.8967
          0.0000
          0.0000
          0.0000
          0.0000
          0.0000
          0.0000
          0.0000
          0.0000
          0.0000
          0.0000
          0.0000
          0.0000
          0.0000
          0.0000
          0.0000
          0.0000
          0.0000
          0.0000
          0.0000
          0.0000
          0.0000
          0.0000
          0.0000
          0.0000
          0.0000
          0.0000
          0.0000
          0.0000
          0.0000
          0.0000
          0.0000
          0.0000
          0.0000
          0.0000
          0.0000
         50.0266
          0.0000
          2.9512
          0.0000
         48.9355
          0.0000
         54.1914
         48.1375
         13.2208
          0.0000
          0.0000
          7.0316
          2.3848
         17.7119
          0.0000
          0.0000
          0.0000
          0.0000
          0.0000
          0.0000
          0.0000
          0.0000
          0.0000
          0.0000
          0.0000
          0.0000
          0.0000
          0.0000
          0.0000
          0.0000
          0.0000
          0.0000
         10.1906
         71.7759
         76.3447
          9.0582
         -0.7582
          0.0000
          0.0000
          0.0000
          0.0000
         14.8674
         31.1517
        139.5133
         28.9169
          0.0000
          0.0000
          0.0000
          0.0000
          0.0000
          0.0000
          0.0000
          0.0000
          0.0000
          0.0000
          0.0000
          0.0000
          0.0000
          0.0000
          0.0000
          0.0000
          0.0000
          0.0000
          0.0000
          0.0000
          0.0000
          0.0000
          0.0000
         11.5635
          0.0000
          0.0000
          0.0000
          0.0000
          0.0000
          4.4998
         12.3300
         48.4358
          0.0000
          0.0000
         10.5681
         13.3762
          0.0000
          0.0000
          0.0000
          0.0000
          0.0000
          0.0000
          0.0000
          0.0000
          0.0000
          0.0000
          0.0000
          0.0000
          0.0000
          0.0000
          0.0000
          0.0000
          0.0000
          0.0000
          0.0000
          0.0000
          0.0000
          0.0000
          0.0000
          0.0000
          0.0000
          0.0000
          0.0000
          0.0000
          0.0000
          0.0000
          0.0000
          0.0000
          0.0000
          0.0000
          0.0000
          0.0000
          0.0000
          0.0000
          0.0000
          0.0000
          0.0000
          0.0000
          0.0000
          0.0000
          0.0000
          0.0000
          0.0000
          0.0000
          0.0000
          0.0000
          0.0000
          0.0000
          0.0000
          0.0000
          0.0000
          0.0000
          0.0000
          0.0000
          0.0000
          0.0000
          0.0000
          0.0000
          0.0000
          0.0000
          0.0000
          0.0000
          0.0000
          0.0000
          0.0000
          0.0000
          0.0000
          0.0000
          0.0000
          0.0000
          0.0000
          0.0000
          0.0000
          0.0000
          4.2536
         16.2294
          0.0668
          0.0000
          0.0000
          0.0000
          0.0000
          0.0000
          0.0000
          0.0000
          0.0000
          0.0000
         33.3798
          0.0000
          0.0000
          0.0000
          0.0000
          0.0000
          0.0000
          0.0000
          0.0000
          0.0000
          0.0000
          7.9224
          0.0000
          0.0000
          0.0000
          0.0000
          0.0000
          0.0000
          0.0000
          0.0000
          0.0000
          0.0000
          0.0000
          0.0000
          0.0000
          0.0000
          0.0000
          0.0000
          0.0000
          0.0000
          0.0000
          0.0000
          0.0000
          0.0000
          0.0000
          0.0000
          0.0000
          0.0000
          0.0000
          0.0000
          3.7255
          0.0000
          0.0000
          0.0000
          0.0000
          0.0000
          0.0000
          0.0000
          0.0000
          0.0000
          0.0000
          0.0000
          0.0000
          0.0000
          0.0000
          0.0000
          0.0000
          0.0000
          0.0000
          0.0000
          0.0000
          0.0000
          0.0000
          0.0000
          0.0000
          0.0000
          0.0000
          0.0000
          0.0000
          0.0000
          0.0000
          0.0000
          0.0000
          0.0000
          0.0000
          0.0000
          0.0000
          0.0000
          0.0000
          0.0000
          0.0000
          0.0000
          0.0000
          0.0000
          0.0000
          0.0000
          0.0000
          0.0000
          0.0000
          0.0000
          0.0000
          0.0000
          0.0000
          0.0000
          0.0000
          0.0000
          0.0000
          0.0000
          0.0000
          0.0000
          0.0000
          0.0000
          0.0000
          0.0000
          0.0000
          0.0000
          0.0000
          0.0000
          0.0000
          0.0000
          0.0000
          0.0000
          0.0000
          0.0000
          0.0000
          0.0000
          0.0000
          0.0000
          0.0000
          0.0000
          0.0000
          0.0000
          0.0000
          0.0000
          0.0000
          0.0000
          0.0000
          0.0000
          0.0000
          0.0000
          0.0000
          0.0000
          0.0000
          0.0000
          0.0000
          0.0000
          0.0000
          0.0000
          0.0000
          0.0000
          0.0000
          0.0000
          0.0000
          0.0000
          0.0000
          0.0000
          0.0000
          0.0000
          0.0000
          0.0000
          0.0000
          0.0000
          0.0000
          0.0000
          0.0000
          0.0000
          0.0000
          0.0000
          0.0000
          0.0000
          0.0000
          0.0000
          0.0000
          0.0000
          0.0000
          0.0000
          0.8132
        126.0359
         25.2464
          0.0000
          0.0000
          0.0000
         10.8640
          3.9521
         12.1949
          4.3604
          0.0000
          0.0000
          0.0000
          0.0000
          0.0000
          0.0000
          0.0000
          0.0000
          0.0000
          0.0000
          0.0000
          0.0000
          0.0000
          0.0000
          0.0000
          0.0000
          0.0000
          0.0000
          0.0000
          0.0000
          0.0000
          0.0000
          0.0000
         -2.4724
          0.0000
          0.0000
          0.0000
          0.0000
          0.0000
         14.2319
          0.0000
          0.0000
          0.0000
          0.0000
          0.0000
          0.0000
          0.0000
          0.0000
          0.0000
         10.2051
        112.6947
         66.8694
          0.0000
          0.0000
          0.0000
          8.1782
          9.8693
          0.0000
          0.0000
         38.4761
          0.0000
          0.0000
          0.0000
          0.0000
          0.0000
          0.0000
          0.0000
          0.0000
          0.0000
          0.0000
          0.0000
          0.0000
          0.0000
          0.0000
          0.0000
          0.0000
          0.0000
          0.0000
          0.0000
          0.0000
          0.0000
          0.0000
          0.0000
          0.0000
          0.0000
          3.6043
          0.0000
          0.0000
          0.0000
          0.0000
          0.0000
          0.0000
          0.0000
          0.0000
          2.0308
          0.0000
          0.0000
          0.0000
          0.0000
          0.0000
          0.0000
          0.0000
          0.0000
          0.0000
         93.3773
         90.7129
         41.0113
          0.0000
          0.0000
          0.0000
          0.0000
          0.0000
          0.0000
          0.0000
          0.0000
          0.0000
          0.0000
          0.0000
          0.0000
          0.0000
          0.0000
          0.0000
          3.2878
         51.1390
          0.0000
          0.0000
          0.0000
          0.0000
          0.0000
          0.0000
          0.0000
          0.0000
          0.0000
          0.0000
          0.0000
          0.0000
          0.0000
          0.0000
          0.0000
         18.2517
          0.0000
          0.0000
          0.0000
          0.0000
        121.4027
          0.0000
          9.4757
          0.9487
          0.0000
          0.0000
          7.7967
         11.4690
         72.2968
        216.9856
          0.0000
          0.0000
          0.0000
          0.0000
          0.0000
          0.0000
          0.0000
          0.0000
          0.0000
          0.0000
          0.0000
          0.0000
          0.0000
          0.0000
          0.0000
          0.0000
          0.0000
          0.0000
          0.0000
          0.0000
          0.0000
          0.0000
          0.0000
          0.9593
        117.9363
        196.9535
         86.2878
          0.0000
          0.0000
          0.0000
         45.0689
        126.9882
         75.8772
          0.0000
          0.0000
          0.0000
          0.0000
          0.0000
          0.0000
          0.0000
          0.0000
          0.0000
          0.0000
          0.0000
          0.0000
          0.0000
          0.0000
          0.0000
          0.0000
         25.5369
        115.0766
          0.0000
          0.0000
          0.0000
          0.0000
          0.0000
          0.0000
          8.4578
          0.0000
          0.0000
          0.0000
          0.0000
          0.0000
         16.8330
         83.1618
        149.8412
         13.8759
         42.6592
         72.9021
          0.0000
          0.0000
          3.4293
         73.4674
        240.2133
          0.0000
          0.0000
          0.0000
          0.0000
          0.0000
         -0.4308
         38.5366
        409.4659
        288.5104
          0.0000
          0.0000
          0.0000
          0.0000
          0.0000
          0.0000
         66.7609
        190.0665
         43.3365
         11.3289
         37.6825
        165.1461
        310.4195
        341.1818
          0.0000
          0.0000
          0.0000
          0.0000
          0.0000
          0.0000
          0.0000
          0.0000
          0.0000
          0.0000
          0.0000
          0.0000
          0.0000
          0.0000
          0.0000
          0.0000
          0.0000
          0.0000
         45.7803
         20.1875
          3.0267
          6.8302
          2.5591
          0.0000
          0.0000
          0.0000
          0.0000
          0.0000
          0.0000
          0.0000
          0.0000
          0.0000
          0.0000
          1.2254
         12.1759
          4.7997
          7.4464
         16.1993
         10.1765
        102.8651
        211.3991
          0.0000
          0.0000
          0.0000
          0.0000
          0.0000
          0.0000
          0.0000
          0.0000
          0.0000
          0.0000
          0.0000
          0.0000
          0.0000
          0.0000
          0.0000
         56.1743
         82.4489
          0.0000
          0.0000
          0.0000
          0.0000
          9.7459
         24.2829
          0.0000
          0.0000
          0.0000
          0.0000
          0.0000
          0.0000
          0.0000
          0.0000
          0.0000
          0.0000
          0.0000
          0.0000
          0.0000
          0.0000
          0.0000
          0.0000
          0.0000
          0.0000
          0.0000
          0.0000
          0.0000
          0.0000
          0.0000
          0.0000
          0.0000
          0.0000
          0.0000
          0.0000
          0.0000
          0.0000
          0.0000
          0.0000
          0.0000
          0.0000
          0.0000
         27.0299
         31.4937
          0.0000
          0.0000
          0.0000
         35.7087
        285.5733
        346.7671
        375.8062
        245.3704
         40.0476
          0.0000
          0.0000
          0.0000
         17.5764
          0.0000
          5.5497
         26.5447
          0.0000
          0.0000
          0.0000
         38.7284
          0.0000
         10.9969
          0.0000
          0.0000
          0.0000
          0.0000
          0.0000
          0.0000
          0.0000
          0.0000
          0.0000
          0.0000
          0.0000
          0.0000
          0.0000
          0.0000
          0.0000
          0.0000
         25.9830
         33.6363
          0.0000
          0.0000
          0.0000
          0.0000
          0.0000
          0.0000
          0.0000
          0.0000
          0.0000
          2.0623
         35.1819
        133.0056
          0.0000
          0.0000
         24.3029
        198.3819
        270.5246
        334.7180
         81.1973
          0.0000
          0.0000
         53.0949
        155.0524
          0.0000
          0.0000
         17.2944
          0.0000
          0.0000
          0.0000
          0.0000
          0.0000
          7.5281
         11.5178
         23.6848
          5.9656
          0.0000
          0.0000
          0.0000
          0.0000
          0.0000
          0.0000
          0.0000
          0.0000
          0.0000
          0.0000
          0.0000
          0.0000
          0.0000
          0.0000
          0.0000
          0.0000
          0.0000
          0.0000
          0.0000
          0.0000
          0.0000
          0.0000
          0.0000
          0.0000
          0.0000
          0.0000
          0.0000
          0.0000
          0.0000
          0.0000
          2.8832
          0.0000
          0.0000
          0.0000
          0.0000
          0.0000
          0.0000
          0.0000
          7.6788
        171.5334
          0.0000
          0.0000
          0.0000
          0.0000
          0.0000
          5.2385
         63.3318
          0.0000
          0.0000
          0.0000
          0.0000
         65.2384
         85.7604
          0.0000
          0.0000
          0.0000
          0.0000
          0.0000
          0.0000
          8.5698
         13.2283
          0.0000
         19.0359
        157.2160
          0.0000
          0.0000
          0.0000
          0.0000
          0.0000
          0.0000
          0.0000
          0.0000
          0.0000
          0.0000
          0.0000
          0.0000
          3.9168
          0.0000
          0.0000
          0.0000
          0.0000
          0.0000
          0.0000
          0.0000
          0.0000
          0.0000
          0.0000
          0.0000
         -1.4404
          0.0000
          0.0000
          0.0000
          0.0000
          0.0000
          0.0000
          0.0000
          0.0000
          0.0000
          0.0000
          0.0000
          0.0000
          4.1292
         80.4927
        131.9199
          0.0000
          0.0000
          0.0000
          0.0000
          5.9767
         17.2280
          7.6823
          0.0000
          0.0000
          0.0000
          0.0000
         12.5840
         13.5260
         31.7292
         10.4527
          0.0000
          0.0000
          0.0000
          0.0000
          0.0000
          0.0000
          0.0000
          0.0000
          0.0000
          0.0000
          0.0000
          0.0000
          0.0000
          0.1887
         18.0490
         31.5290
          3.8419
        151.9331
          0.0000
         31.9203
          0.0000
          0.0000
          0.0000
          0.0000
          0.0000
          8.3125
          0.0000
          0.0000
          0.0000
          8.8975
          1.6809
          0.0000
          0.0000
          0.0000
          0.0000
          0.0000
          0.0000
          0.0000
          0.0000
          0.0000
          0.0000
          0.0000
          0.0000
          0.0000
          0.0000
          0.0000
          0.0000
          0.0000
          0.0000
          0.0000
          0.0000
          0.0000
          0.0000
          9.4294
          5.3955
          0.0000
          0.0000
          0.0000
          0.0000
          0.0000
          0.0000
         44.0708
         65.1485
         44.6646
         40.9624
          0.0000
          0.0000
          0.0000
          0.0000
          0.0000
         38.8061
         47.0822
          0.0000
          0.0000
          0.0000
          0.0000
          0.0000
          0.0000
          0.0000
          0.0000
          0.0000
         61.8427
          0.0000
          0.0000
          0.0000
          0.0000
          0.0000
          0.0000
          0.0000
          0.0000
          0.0000
          0.0000
          1.8218
          0.0000
         51.3977
        107.4551
        158.3350
         86.7105
          1.2300
          0.0000
          0.0000
          0.0000
          0.0000
          0.0000
          0.0000
          0.0000
          0.0000
          0.0000
          0.0000
          0.0000
          0.0000
          0.0000
          0.0000
          0.0000
          0.0000
          0.0000
          8.0572
         10.2301
          0.0000
          0.0000
          0.0000
          0.0000
          0.0000
          0.0000
          0.0000
          2.5145
        144.7663
        134.0055
          0.0000
          0.0000
          0.0000
          0.0000
          0.0000
          0.0000
         84.6355
         55.9635
          0.0000
          0.0000
          0.0000
          0.0000
          0.0000
          6.3824
          9.0995
         17.9871
         13.0315
          0.0000
          0.0000
