          0.0000
          0.0000
          0.0000
          0.0000
          0.0000
          0.0000
         -0.8744
          0.0000
          0.0000
          0.0000
          0.0000
          0.0000
          0.0000
          0.0000
         -0.2251
          0.0000
          7.0935
          0.0000
          0.0000
          7.7957
         12.0092
          0.0000
          0.0000
          3.5260
         10.2910
          4.7170
          0.0000
          0.0000
          1.5219
          0.0000
         -2.0476
          0.0000
         17.3821
         25.6529
         14.1249
         20.0082
         13.1897
         29.1201
        135.3727
          0.5515
          0.0000
         19.0580
         20.5923
         16.2534
        -21.5596
         -8.8504
         60.1387
         39.1773
         17.3590
         18.1368
         12.7217
         -5.8396
         18.9303
        108.0365
        157.0094
         57.5395
         11.8769
         23.6255
          0.0000
         11.3312
         50.7706
         56.5162
        114.1266
        121.6946
         50.5063
         32.0520
         14.6502
          0.0000
         -2.7853
         -8.6666
         18.2261
         31.5119
        -25.0330
        -31.2029
          4.6776
         74.8109
         35.8568
        -17.2693
         53.4411
        170.6528
        201.8604
        140.8443
         83.6420
         12.5191
          0.0000
          0.0000
          0.0000
          0.0000
          0.0000
          0.0000
          0.0000
          0.0000
          0.0000
          9.8031
        105.9842
        105.5546
         38.7450
        102.6295
        176.8065
        202.5872
         79.4873
          0.0000
          0.0000
          0.0000
          0.0000
          0.0000
          0.0000
          0.0000
          0.0000
          0.0000
         56.9399
         61.3496
         47.8886
          2.0379
        -10.2442
        -15.1357
        -17.4440
        -17.1403
         64.4677
         65.0466
         11.7884
          0.8593
          0.0000
         12.9250
         -0.9165
          3.1096
          3.9735
          0.0000
          0.0000
          0.1528
        -24.6641
        -32.5280
        -36.7115
        106.8665
         85.5639
         -6.3501
        -18.1686
        -15.5131
        -17.6351
        -19.1636
         -6.8746
        226.5160
         45.5103
          0.0000
          0.0000
         26.7551
         -1.9796
         12.7473
         59.8114
        147.2376
         49.6996
         -8.1989
         22.3620
         66.7305
         73.8460
          0.0000
          0.0000
          0.0000
          0.0000
          0.0000
          0.0000
         33.5514
          0.0000
          0.0000
          0.0000
          0.0000
          0.0000
          0.0000
          0.0000
          0.0000
          0.0000
          0.0000
          3.3635
        -17.3899
         -4.8697
        -24.6194
        -23.7834
          0.0000
          0.0000
          5.8884
        -11.6994
          0.5427
          9.5776
          0.0000
          0.0000
          0.0000
          5.7243
         17.9366
         -0.1255
         -2.1361
          0.0000
          1.9989
         13.3713
         14.3151
         35.2302
         10.0853
        -13.9551
         -9.5473
         64.8642
         56.9481
         96.3096
        131.7369
        106.9082
         85.3376
        -56.7458
        -41.5681
         53.9055
        103.9487
         22.7190
          2.0605
          7.4914
         -6.6354
         -7.5924
         -3.5233
        139.1624
        141.5796
         25.4836
         24.7429
         42.9831
         33.4716
         14.6374
         -3.6593
         82.5815
        111.0081
         16.1242
         36.8026
          8.1257
          0.0000
          0.0000
          0.0000
          0.0000
          0.0000
          0.0000
          0.0000
          0.0000
          0.0000
          0.0000
          0.0000
          0.0000
          0.0000
          0.0000
          0.0000
          6.1704
          1.2577
          8.2083
         16.5665
        102.0943
         47.0386
        -17.9128
         -9.4998
        -17.1620
        -10.5872
         -7.7482
         -3.7160
         86.4657
          0.0000
          0.0000
          0.0000
          0.0000
         12.4617
         55.1635
          0.6992
          3.8515
         -9.4987
         -5.1764
          0.7222
          0.0000
         -6.6124
        -17.9622
         -8.5233
         12.1836
         80.4107
        154.3183
        125.5820
         51.5775
          4.7227
          0.0000
        -15.4198
         23.4147
        123.1426
          9.8948
        -13.0815
        -19.2766
         -8.7339
        -34.6501
        -14.0411
          0.0000
        246.8631
         25.9538
         59.1511
         27.7860
          0.0000
          0.0000
          0.0000
        121.1426
         66.1443
          4.1626
        -14.3621
         -3.6623
          3.5371
         -3.0521
        265.1180
        309.3969
        132.4761
          0.0000
          0.0000
          0.0000
          2.7164
          9.4834
         -2.3184
         -2.9719
         10.2541
          0.0000
        -10.1543
        -22.4761
         -4.3735
          0.0000
         -4.5686
         18.5553
          5.6859
         -1.7996
         25.9715
         26.9133
         46.2174
         32.4952
         34.1000
        154.0436
        110.2834
         51.0826
         11.7405
          0.0225
        143.5386
        231.1436
        117.9714
         -1.3423
          0.0000
          0.0000
          0.0000
          0.0000
         83.1895
         84.8061
          9.1410
         19.3536
         31.0086
         34.7462
          4.4985
        -13.5385
        -10.1883
        -32.3436
        -46.2011
          9.1954
         33.5550
        -24.1828
         21.3040
        139.9507
        135.2630
         28.5183
         63.0451
         12.6984
         51.0824
         37.4389
         22.4112
         10.5856
         12.7177
         16.6560
         21.9877
        137.0862
         77.7332
         -2.8128
          0.0000
          0.0000
          0.0000
          0.0000
          0.0000
         68.8668
         90.8818
         42.7593
        -10.7697
         10.5284
          5.2643
         -4.4219
        -22.4706
        111.3457
        178.8339
         21.9723
         -0.7352
          0.0000
          0.0000
         32.6804
          0.1028
         86.9742
         68.9979
         -8.5454
          0.0000
          0.0000
          6.1369
          0.0000
          0.0000
          1.0001
          8.3127
          1.9929
          0.0000
         -5.7157
         21.9810
         31.3601
          0.9948
          0.0000
          2.7859
          4.4139
         25.0153
        119.6375
        267.0905
        102.7711
          0.0000
          0.0000
          0.0000
          0.0000
          0.0000
          0.0000
         10.3258
         20.3534
        107.4143
         87.1185
        -13.3248
         -2.5561
         19.7223
          2.5465
         19.3546
         35.1784
        130.0822
          0.0000
          0.0000
          0.0000
          3.8153
          3.5866
          3.8072
          9.4310
        122.4812
         41.5568
         11.1310
         -4.6984
          2.2564
        -13.7464
        -13.7134
        -21.8940
        -11.8783
        204.2352
         22.6966
         -7.2573
         24.4755
         59.5469
         45.2095
        117.9629
        265.5078
        171.3424
         71.5556
          0.0000
          0.0000
          0.0000
          0.0000
          0.0000
          0.0000
         43.4715
         47.1977
         18.3497
          0.0000
         -4.5709
         -0.9674
          2.6084
        -14.2498
         54.8579
         78.4317
         -7.0164
         -4.5702
         30.3030
         62.2082
         -5.1225
        -13.3569
        104.8503
         86.9111
        221.9063
        309.2649
        254.4083
        136.5984
         79.1112
         31.3372
         23.3492
          0.0000
          0.0000
          0.0000
          0.0000
          0.0000
          0.0000
          0.0000
         19.4016
         29.6932
         13.0970
         16.4991
          9.6274
          6.6099
         60.0322
         74.9105
         65.5086
         84.3200
          3.9050
         11.1298
         38.8996
         87.8289
         -9.0929
          0.0000
        104.0039
         78.2540
          0.0000
          0.0000
          0.0000
          0.0000
         -8.7399
         -9.7488
          9.4879
         14.8151
          0.0000
          0.0000
          0.0000
          0.0000
          0.0000
         -2.3187
        120.6432
        191.9089
        210.6108
        235.5766
        222.2994
        265.9683
        255.8615
         24.8355
          0.0000
          0.0000
          0.0000
          0.0000
          0.0000
          0.0000
          0.0000
          0.0000
          0.0000
          0.0000
          0.0000
          0.0000
         -0.2222
         -5.0944
          0.3044
          0.0000
         30.1609
         66.1840
          8.0947
        -33.9195
        -27.6711
         -7.6177
        -24.5510
        127.5630
        238.8374
        149.2896
        163.7322
        173.2184
        212.7636
        198.3046
        152.5899
         98.6151
          0.0000
          0.0000
          0.0000
          0.0000
          0.0000
          0.0000
          0.0000
         -9.6247
         93.4764
         51.2240
        -16.8745
        -24.4954
        -17.3227
        -16.2960
         -3.9029
        111.9057
        114.9174
         30.3505
        -14.2153
        -32.1790
          0.0000
         -2.4410
        -25.9303
        -23.9531
         -8.8442
          0.0000
          0.0000
          0.0000
          0.0000
          0.0000
          0.0000
          0.0000
          0.0000
          0.0000
          0.0000
          1.8918
          0.0000
          3.5070
        -13.1738
          0.0000
          0.0000
          0.0000
          0.0000
         33.5363
        -12.9169
         20.7725
          0.0000
          0.0000
          0.0000
          0.0000
          0.0000
         55.8266
         51.5616
        132.1327
        193.5297
        135.8041
          0.0000
          3.1506
         -3.7740
         13.2124
         31.2541
        139.2115
        182.8617
          0.0000
          0.0000
          0.0000
          0.0000
          7.1392
         20.3708
        150.4176
        132.1830
         -0.4961
          2.3326
          3.8228
          6.0652
         21.2853
         24.1919
         33.1451
        -10.2768
         66.7157
         58.7574
         56.8315
         44.9218
         24.7135
         45.7522
         98.1027
         42.0735
         -2.9471
         63.4609
        129.8804
         42.5008
          7.2116
         11.2259
         45.2981
        134.5131
         56.5843
         22.8332
          2.4344
          0.0000
          0.0000
          0.0000
          0.0000
          0.0000
          0.0000
         18.4810
          0.0000
          0.0000
          0.0000
          0.0000
          0.0000
          7.7283
          1.5800
         95.6287
        112.2083
         13.9774
         17.6300
         15.4757
         54.4076
        159.8741
        123.2912
         32.8535
        110.9615
        139.4512
        208.9083
         61.6842
          0.0000
          0.0000
          0.0000
          0.0000
          0.0000
          0.0000
          0.0000
          0.0000
          0.0000
          0.0000
        -10.7057
         31.9085
         24.5091
        -12.3665
        -11.4129
        -29.5561
        -49.7811
        -49.6865
        -34.1326
        -16.1767
        -24.6147
        -37.9661
         63.2254
        124.1258
         23.9898
        -19.2119
         60.4583
        106.8747
         10.9094
         16.7281
         16.1943
         21.3500
         67.7864
        132.2874
        326.6954
         93.8340
          0.0000
          0.0000
          0.0000
          0.0000
          0.0000
          0.0000
          0.0000
        161.3249
        126.2609
          0.0000
          0.0000
          0.0000
          0.0000
          0.0000
          0.0000
         12.9548
        -15.5288
        -24.3960
        -15.0737
        -31.5580
        -31.8397
        -42.2208
        -32.1023
         71.9595
          9.6477
        -36.6054
        -32.3907
        -19.5297
        -18.4408
        -23.7547
        -23.0558
         71.0319
         96.8214
         61.7368
        -33.9630
        -35.7611
        -43.5686
        -28.4171
         -3.9379
         32.3337
         15.9037
         -2.6281
        -22.5278
        -19.6769
         13.0348
        -12.4152
        -16.4678
         32.7575
         15.5838
         18.7078
         51.7046
        -11.9864
        -19.9551
         -3.8375
         -6.8657
         19.7196
         26.3338
         17.3828
          6.5736
         12.1902
         23.4980
         24.3069
         97.6574
         39.6950
         32.7178
         38.7161
        115.5483
         54.9470
         -5.8193
         -2.8672
         16.8597
         81.7643
          7.3324
         -4.1919
          0.0000
          0.0000
          0.0000
          0.0000
          0.0000
          0.0000
          3.2640
          7.3095
          5.7848
        -15.9275
        -11.9174
          2.3574
         11.9189
         58.5622
         53.7815
         25.7137
        160.6553
        206.8473
         70.6394
        -21.2087
          0.0000
         55.8565
         39.2463
          5.2805
         -6.7376
        161.6838
        131.8359
         38.6521
        116.5222
        311.7592
        185.7714
         -6.4288
          0.0000
          0.0000
          0.0000
          0.0000
          0.0000
         24.2032
          9.2001
          8.3600
         27.6018
         21.9913
          4.7358
          0.0000
          0.0000
         29.3666
          0.0000
          0.0000
          8.3919
         12.6616
          3.4522
         55.8621
        235.7108
        162.8331
          0.0000
          0.0000
          0.0000
          0.0000
          0.0000
          0.0000
          0.0000
          8.3035
          0.0000
          0.0000
          1.0441
         12.0772
         10.3947
         49.0670
        -20.3379
         67.9985
         34.5172
        -27.1230
        -14.9217
         -1.9200
        -13.4488
        -20.3516
         70.0258
          0.0000
          0.0000
          0.0000
         76.6198
        139.9875
        127.7284
          8.8511
          0.0000
         55.1429
          0.0000
          0.0000
          0.0000
          0.0000
          0.0000
          2.5518
         24.9569
         75.6730
         33.1701
         31.0882
         77.3464
         29.1149
          0.3930
          6.2165
         55.9588
        191.4968
         52.7880
          0.2774
          0.0000
          0.0000
          0.0000
          8.3051
          0.9614
         81.1315
         52.4886
          2.9308
         51.4969
         62.4139
         20.6555
         10.4117
         21.5801
        188.3102
        167.3628
          4.0882
         30.0396
          9.7888
          7.9993
         -6.2010
         31.3059
        110.3250
         59.5213
         -6.1501
        -10.4597
        -18.7517
        -24.7052
        -44.9173
         98.2539
        181.2373
          7.6535
          0.0000
          0.0000
          0.0000
          0.0000
          0.0000
          0.0000
         60.0495
         16.7483
        -12.2671
          2.9493
          0.0000
          0.0000
         -1.1028
          0.0000
          3.3544
          7.8295
          4.6120
          7.0395
         15.6589
         29.5533
         19.6157
         12.9818
         42.9834
        134.3635
         96.6376
         34.2107
         31.8244
         77.5535
         58.6411
         42.4617
         37.7423
         12.5053
         -6.1191
          3.2618
          2.8809
          0.0000
          0.0000
         -5.7609
         19.2753
         -0.8810
        -12.9166
          8.8169
         21.0109
         11.0901
         -6.3070
          0.0000
          0.0000
         90.1798
         14.2907
         39.1829
        178.4919
        195.1966
        152.6267
        223.9493
         95.5225
          0.0000
          0.0000
          0.0000
          0.0000
          0.0000
          0.0000
          0.0000
         81.6282
         64.3792
         81.5273
         59.6733
          4.6669
          0.0000
          0.0000
          0.0000
         32.8015
          6.0614
        -22.5443
          0.0000
          0.0000
          0.0000
          0.0000
          0.0000
          0.0000
         19.1791
         12.4187
         11.5091
          4.5225
         -8.4153
        -26.7995
        -17.1761
         77.4619
         39.9884
         11.4757
         24.7831
         49.9228
        107.0825
        183.7049
        243.7944
        203.4046
        111.1690
          0.0000
          0.0000
          0.0000
          0.0000
          0.0000
          0.0000
         42.0459
         40.7804
         10.7521
         27.0453
         32.4424
         79.1084
         84.4357
         64.5618
        140.4145
         87.4766
          0.0000
          0.0000
          0.0000
          0.0000
          0.0000
          0.0000
         24.6035
         19.8487
          3.1079
        -27.1693
        -13.8041
        -10.1316
        -13.4306
         22.5924
         87.1042
         73.3964
         26.4953
        -20.3072
        -23.8268
        -20.6727
        -26.5293
          0.0000
          0.0000
          6.0044
          4.0238
          0.0000
          0.0000
         12.4217
        -13.5071
         -5.9308
         11.6669
         29.9124
         13.7304
         30.0264
         37.2005
         10.2201
        -12.0014
        214.1235
        213.3636
          0.0000
          0.0000
          0.0000
          0.0000
          1.0242
          2.3703
          0.0000
         30.3336
         29.7542
          0.0000
          0.0000
          0.0000
          0.0000
          0.0000
          0.0000
          0.0000
          0.0000
          0.0000
          0.0000
         10.8923
          9.1109
         25.2336
         52.8749
         64.6141
         32.8199
         -6.4556
         -7.6407
         -6.2764
        -13.1762
         -6.4749
          0.0000
         50.6265
          0.0000
          3.6596
         14.8522
         13.6937
          0.3309
         -1.0653
         -1.2197
        150.3320
         98.1905
        -17.7770
        -27.8032
        -10.3213
         -6.2322
          2.3212
          0.0000
         74.2831
         36.8064
          5.7719
        -17.8635
        -25.2703
        -17.4720
        -14.3992
          0.0000
          0.0000
          0.0000
          0.0000
          0.0000
          1.6396
        102.7793
         63.2341
         66.9892
        139.8635
         27.8319
         -6.4282
        -11.0671
          0.0000
          0.0000
          0.0000
          0.0000
          0.0000
         18.9635
        -14.1309
          1.5438
         27.7027
         29.7455
          8.2342
         12.6558
         69.8919
        171.2107
         69.4089
         36.0392
         41.5696
         21.3335
         -0.5013
          0.0000
          0.0000
          0.0000
          0.0000
          0.0000
          0.0000
          0.0000
          6.0091
          4.9708
         27.9565
         19.3478
         29.1514
         27.6913
         24.4126
         12.3424
         21.3567
         31.2931
        138.1214
         47.3809
        -13.2243
          6.2416
          0.0000
          0.0000
         55.0850
        117.8886
         -2.4372
          0.0000
          0.0000
          0.0000
          0.0000
          0.0000
          0.7651
          0.0000
         31.3665
         53.2388
         -6.9346
         -4.6103
        -15.0892
        -15.9775
         -8.0900
        -13.4474
        -15.1129
         -4.1106
          0.0000
         17.8215
         13.6210
          0.4243
          2.2970
          0.0000
          0.0000
          0.0000
          0.0000
         11.9420
         10.5040
          3.6452
          3.7446
          0.0000
          0.0000
          0.0000
         33.8604
         55.0154
         46.0932
         12.5774
          4.1569
         -5.9263
         -6.2764
          0.0000
          2.2196
         29.4613
         20.0017
         16.2037
         -5.3216
        -12.0408
          4.0432
          0.0000
          0.0000
          7.9002
          7.8312
         12.2513
         -9.0000
         29.1606
        151.0820
        112.0000
          9.6478
         16.2674
          3.3238
        -13.4403
         -6.9356
          0.0000
          0.0000
          0.0000
          0.0000
          0.0000
          0.0000
          0.0000
          0.0000
          0.0000
          0.0000
          0.0000
          0.0000
          0.0000
          0.0000
          0.0000
          0.0000
          0.0000
         16.9107
         26.1974
         11.6069
          7.8274
         -2.0593
          0.0000
          0.0000
          0.0000
          0.0000
          0.0000
         15.7172
         35.9173
         -2.0543
         -7.9180
         88.1076
        117.7469
        250.9027
        269.0799
          6.4919
          0.0000
          0.0000
          0.0000
          0.0000
          0.0000
          0.0000
          4.6315
          0.0000
          0.0000
          0.0000
          0.0000
          0.0000
          0.0000
          0.0000
          0.0000
          0.0000
          0.0000
          0.0000
          0.0000
          0.0000
          0.0000
          0.0000
          0.0000
          0.0000
          0.0000
          0.0000
          0.0000
          0.0000
          0.0000
         -2.6213
          0.0000
          0.0000
          6.6310
          7.1905
          0.0000
          0.0000
         21.0713
         25.0727
          0.0000
          0.0000
          0.0000
          0.0000
          3.6394
         13.4697
          0.0000
         42.1065
         66.8149
         13.2398
         22.7631
         63.2279
          0.9180
          0.0000
         15.9204
        259.2026
        120.7752
         13.1232
          9.1003
         11.2011
         20.2018
        127.8352
        241.2897
         59.3918
          0.0000
          0.0000
          0.0000
          8.8278
          6.8044
          6.6014
          1.3466
         52.3842
         74.4394
        175.4813
        107.4546
          8.7209
         -0.3432
          0.0000
        -15.8812
          8.0153
         68.1806
         61.4282
          2.1724
          7.8232
         -9.6130
         -6.1206
          0.0000
          0.0000
         21.2984
          9.6146
          2.8858
         19.8686
          0.0000
          0.0000
          0.0000
          0.0000
          0.0000
          0.0000
          0.0000
          0.8246
          0.0000
          0.8002
          8.3258
         15.9346
         -0.4434
          0.0000
         17.9193
          8.1848
          7.4025
         11.9886
         15.5568
          5.3834
          0.3329
         10.6575
         10.0341
          8.8840
         18.4531
         75.7523
         76.5108
        125.5069
          5.5328
          0.1157
          1.4701
          0.0000
          0.0000
          0.0000
          0.0000
          5.0747
         14.7372
         19.1134
         33.1959
         16.2498
         12.2151
          5.6693
        -18.0928
         13.8525
        132.5436
          8.2650
         50.5536
         29.9612
         71.5013
         80.9616
         56.6624
        -10.3316
         -2.9565
          0.0000
          0.0000
          4.8182
         52.9395
          3.9793
          0.0000
          1.9072
          0.0000
          0.8877
          0.0000
          0.0000
          0.0000
          0.0000
          2.6479
          0.0000
          0.0000
          0.0000
          0.0000
          0.0000
          0.0000
          0.0000
          0.0000
          0.4036
         28.8910
         10.8778
          9.1010
         44.2806
        154.2298
        112.7463
         -4.9428
         21.4028
          0.0193
         13.0176
         25.0139
         15.0565
          2.4452
         -6.1363
          5.2981
         42.1066
          0.1315
         -6.1836
         -9.2744
        -13.0727
          0.0000
          0.0000
          0.0000
          3.8145
          8.3515
          0.0000
          0.0000
          0.0000
          4.0121
          1.2897
          0.0000
          0.0000
          0.0000
          3.8923
         21.1009
         -6.9737
        -12.7112
          3.6100
          0.0000
          0.0000
          2.8460
          9.8625
          7.7587
          4.1226
          7.4274
          4.0224
         -8.9443
        -13.3823
          1.1932
         17.4814
         25.1620
         11.8227
          9.4617
         26.5017
         67.4429
        107.8590
         23.5315
          3.3108
         21.6183
         14.8165
         32.9072
         45.3573
         44.9431
         19.7457
        -13.0482
         -4.8580
         21.7823
          8.3316
        -11.8684
          0.0000
         83.0238
        127.0319
          1.6904
         16.5607
         30.0530
         39.5669
         39.0365
          7.2866
         16.4508
        141.4806
          6.4329
          0.4738
         19.1912
         13.2759
          2.4198
         11.9738
         -1.0219
          3.0039
        100.2519
         18.4146
          0.0000
          4.2785
          0.0000
         -8.2067
        -15.4917
         -7.2593
         16.7911
          5.0561
         40.9125
         22.6013
          0.9270
         27.0845
          0.0000
          0.0000
          0.0000
          0.0000
         50.6481
         17.1073
         -2.0265
          1.6108
          0.0000
          0.0000
          0.0000
          0.0000
         15.3578
          6.3643
          8.1635
          4.7465
          0.0000
          0.0000
         27.7161
          9.8255
         23.5896
          8.7355
         -3.8353
         -0.6426
         -1.4188
          2.0180
          6.5403
          4.2882
          9.9267
         28.8591
          8.4977
         -3.3699
         -2.6333
         -3.1822
         -1.6084
         11.8611
         19.1764
          5.7911
          0.0900
         -0.7770
         -7.6224
          0.0000
          0.0000
         18.6609
         25.9854
         44.9914
         44.9451
         23.7177
         -6.5316
         12.3649
          6.2717
         24.4325
         97.6664
         17.4699
        -14.1097
         -0.6169
          0.0000
         14.1045
          0.0000
          0.0000
          0.0000
          0.0000
          0.0000
          0.0000
          0.0000
          0.0000
          0.0000
          0.0000
          0.0000
          0.0000
          0.0000
          0.0000
          0.0000
          5.8133
          0.1662
         25.5780
         29.0824
          3.4388
         14.2261
         15.6852
          4.8627
          0.0000
          0.0000
          0.0000
          0.0000
          0.0000
          0.0000
         11.6516
          0.0000
          0.0000
          0.0000
          0.0000
          0.0000
         18.7836
          7.2477
          5.9652
         20.3414
         19.1421
          9.9310
         12.4240
          0.0000
          0.0000
          0.0000
          0.0000
         41.6883
         14.9433
          0.0000
          0.0000
          0.0000
          0.0000
          0.0000
          0.0000
          0.0000
         75.0911
          0.0000
          0.0000
          0.0000
          0.0000
          0.0000
          0.0000
          3.8636
          3.6439
         13.5933
         11.6934
         17.0195
         13.4057
         -4.6951
         -2.2844
         29.9673
         81.6150
         30.6929
         -6.7380
         -2.1640
         -0.1983
         -6.0625
          0.0000
          0.0000
          0.0000
          0.0000
          0.0000
          0.0000
          0.0000
          0.0000
          0.0000
          0.0000
          0.0000
          0.0000
          0.0000
          0.0000
          0.0000
          0.0000
          0.0000
          0.0000
          8.2420
          2.0285
         14.0502
         20.5081
         11.3793
          4.5485
         12.8724
         14.3884
        122.7148
        117.5084
         15.8697
         15.3294
          4.3341
         -8.0189
        -20.9546
         -9.7400
          0.0000
        122.3192
         88.4900
         41.9053
         42.9289
         57.0734
         52.4952
        -22.0591
        -14.7257
          2.7097
         29.6386
         13.9499
          3.5320
         -3.0887
        -19.9824
         92.1997
        100.4522
          3.8546
         11.8242
         11.2404
         -3.6991
         -3.4668
         -8.0133
        -19.0258
          0.0000
         34.0066
          1.9427
          1.8427
         13.0094
          6.8165
         10.6262
         13.7213
        113.1456
         50.2496
         -8.3315
         -3.2254
         13.1069
         -5.1896
         15.6608
         68.3681
        169.1491
         85.1644
        -23.2784
        -20.3244
        -29.9411
        -37.9131
        -31.6704
         -2.2064
         59.0090
          0.0000
          0.0000
          0.0000
          0.0000
          0.0000
          0.0000
         -2.9628
         -3.5160
          0.0000
          0.0000
          0.1180
         15.2456
          9.6263
         -5.3875
         -9.1898
          5.7322
         -7.5706
          2.8919
         12.3181
          7.6816
          0.4687
        -18.7762
        -27.4679
          6.8577
        -10.3393
        -16.2850
          0.3876
         10.5347
         -0.9783
         -0.8585
          5.2234
        142.9370
         34.7186
         35.4976
         86.4207
          3.2166
         -2.1479
        189.0637
        191.6538
        -14.1001
          0.0000
          0.0000
          0.0000
          0.0000
          0.0000
          0.0000
          9.5878
         -5.8160
        -16.2349
         -3.3630
          0.0000
          0.0000
          0.0000
          0.0000
          0.0000
          0.0000
          0.0000
          0.0000
          0.0000
          0.0000
          0.0000
          0.0000
          0.0000
          0.0000
          0.0000
          0.0000
          0.0000
          0.0000
          0.0000
          0.0000
          0.0000
          0.0000
          0.0000
          0.0000
          0.0000
          0.0000
          0.0000
          0.0000
          0.0000
          0.0000
          0.0000
          0.0000
          0.0000
          0.0000
          0.0000
          3.3101
          0.0000
         10.2119
         45.1081
         22.5366
         29.2660
         10.3039
         -5.8596
          0.0000
          0.0000
          0.0000
          0.0000
          0.0000
          0.0000
          4.3812
         -0.2110
          4.9318
          0.0000
          0.0000
          0.0000
          6.3787
          2.5610
         -8.3024
          0.0000
          1.0076
         -3.7363
         -3.4855
          0.0000
          0.0000
          0.0000
          0.0000
          0.0000
         22.5474
         13.6048
          3.7182
         -4.0448
         -6.5705
         -4.0356
         -7.8462
          0.0000
         -7.1793
          0.0000
          0.0000
        161.7111
         13.4240
         14.1848
         23.9910
          1.3123
        -11.7798
        -30.1524
        -28.0626
        -12.8594
         -0.6371
          2.6588
         -1.9311
          2.2902
          4.4874
          5.2720
         -6.5711
          0.0000
          4.1786
          5.9729
          1.2306
          7.5688
          7.0708
          1.3967
          0.0000
          1.8380
          1.6831
          0.0000
          0.0000
         29.9630
        110.2811
          0.0000
          0.0000
          0.0000
          0.0000
          0.0000
          0.0000
          0.0000
          0.0000
        -10.5418
         23.2009
         77.6764
        -27.4099
        -26.5708
        -15.9657
          0.0000
          0.0000
          0.0000
         -3.9927
          0.0000
          1.8118
          0.0000
         -3.5896
          0.0000
          0.0000
          0.0000
          0.0000
          0.0000
          0.0000
          0.0000
          0.0000
          0.0000
          0.0000
          0.0000
          0.0000
          0.0000
          0.0000
          0.0000
          0.0000
          0.0000
          0.0000
          0.0000
          0.0000
          0.0000
          0.0000
          0.0000
          0.0000
          0.0000
          0.0000
          0.0000
         47.8959
         20.3442
         69.4579
         96.4869
         -0.9451
        -12.5548
          8.4108
        -12.5474
        178.4452
         96.5605
         -5.9202
         -2.2489
          3.1283
         -0.9481
         -7.4254
          4.6062
        242.6180
        161.6548
          0.0000
          0.0000
          7.9745
         -0.6645
         -6.2318
          0.0000
          0.0000
          0.0000
          4.7919
         31.0375
         23.8694
          0.0000
         10.6398
          3.6405
          0.0000
          0.0000
          0.0000
          0.0000
         -4.7034
          7.4750
          7.4781
          0.0000
          0.0000
          0.0000
         21.0275
         17.4685
         10.3973
          5.0009
        -18.8726
         69.2216
         55.9654
          0.0000
          0.0000
          0.0000
          0.4432
         10.3846
         13.3722
         -6.3707
         27.2433
         56.7174
          4.2534
         -8.1780
         -5.3662
         -1.9666
          0.0000
          0.0000
          0.0000
          0.0000
          0.0000
          0.0000
          0.0000
          0.0000
          0.0000
          0.0000
          0.0000
          0.0000
          8.3589
          0.0000
        -11.0499
          1.9233
          7.3261
          0.0000
          0.0000
          0.0000
          9.8761
         10.9246
         11.9740
          3.5678
         -1.4636
         59.7053
        152.8340
          0.0000
          0.0000
         17.8409
         41.8606
         80.3642
         -5.2081
        -26.1477
         61.0372
         47.2214
         -4.2832
          0.9992
          3.1897
         -3.1422
         11.6815
         13.1621
        -21.2304
        -10.8700
          0.0000
          0.0000
          0.0000
          0.0000
          0.0000
          0.0000
          3.8617
          0.0000
          0.0000
          0.0000
          0.0000
          0.0000
          0.0000
          0.0000
          0.0000
          0.0000
          0.0000
          4.1399
         -4.6657
         -4.4900
          1.5958
          0.0000
          0.0000
          0.0000
          2.0891
          2.5147
         14.6812
         13.6538
          1.8297
         -3.2362
          0.0000
         -1.3835
          9.1898
          0.0000
          6.7890
          3.2054
         18.1974
          0.0000
          0.0000
          0.0000
          0.0000
          0.0000
          0.0000
          0.0000
          3.6433
         -3.8711
         96.5890
         23.4987
          1.1783
         -8.0951
          0.0000
          0.0000
          0.0000
          0.0000
          0.0000
          0.0000
          0.0000
          0.0000
          0.0000
          0.0000
          0.0000
          0.0000
          0.0000
          0.0000
          0.0000
          0.0000
         -1.8007
         -1.4614
          0.0000
          0.0000
          0.0000
          0.0000
          0.0000
          0.0000
         -2.4202
          0.0000
          0.0000
          0.0000
          0.0000
          0.0000
          0.0000
          0.0000
          0.0000
          0.0000
          0.0000
          0.0000
          0.0000
          4.2375
          0.0000
         22.8251
         -0.9119
        -16.7832
        -14.6189
          0.0000
          1.3714
         -8.8819
         10.6067
         45.0855
         18.5310
         59.0853
         39.3429
         28.2849
          0.0000
          0.0000
          0.0000
          0.0000
          5.5037
          6.3605
         -1.7478
          0.0000
        100.6364
        107.9255
          0.0000
         31.7566
         85.8959
         39.4986
        107.6867
         95.8038
          0.0000
          0.0000
          0.0000
          0.0000
          0.0000
          0.0000
          0.0000
          0.0000
          0.0000
          0.0000
          0.0000
          0.0000
          0.8250
         13.2613
          1.0944
         35.6703
        185.1845
         22.4212
          0.0000
         46.6418
         33.8759
          2.4184
        -18.3879
        -17.1134
         -9.4639
          0.1778
          3.1570
         13.4495
          5.5904
         -2.6935
        -10.9729
          0.0000
          0.0000
          0.0000
         12.4460
         21.2553
          4.7203
         -2.9675
         -2.0474
         -2.3665
          0.0000
          0.0000
          0.0000
          0.0000
          0.0000
          4.8482
        246.5911
         17.8231
          0.0000
          0.0000
         13.1927
         28.2866
          4.0128
         -8.1740
        -10.7865
         -8.0068
         10.9693
          0.0000
         13.3019
        165.7958
        270.5949
        150.8197
          3.1975
         24.4511
         34.5179
         -7.2006
        -10.3585
          0.0000
         11.0673
        208.8608
        226.5599
        282.7900
         47.5323
          0.0000
          0.0000
          0.0000
          0.0000
          0.0000
          0.0000
          0.0000
        156.6635
         39.6312
         10.3866
         22.2710
          0.0000
        183.0940
          0.0000
          0.0000
          0.0000
          0.0000
          0.0000
          0.0000
         13.0799
          0.0170
         -6.4449
        125.4322
          0.0000
          0.0000
          0.0000
          0.0000
          0.0000
          0.0000
          9.1020
          9.3017
         35.2997
          0.0000
          0.0000
         32.6078
         12.8415
         -8.9448
         59.1715
        161.1012
         37.8662
          0.0000
          4.3974
         25.2471
          0.0000
        -16.5437
        -21.4391
        -19.1627
         18.0247
         -5.4307
          9.4454
         14.0477
          2.3011
          2.2106
         13.8224
         -9.9454
         18.3598
         -0.4758
          0.0000
         47.7802
         19.5881
         -9.2100
         -3.9415
         13.5703
        248.6540
         84.9069
          3.3910
         19.5993
          1.4719
        -23.3952
        -32.3378
        -30.2908
        108.0905
         40.8735
         -5.4172
         -5.6500
        -13.6708
         -2.4546
          9.5949
         84.7178
         83.8153
          0.0000
          0.0000
          0.0000
          0.0000
          0.0000
          1.5373
          7.0490
        117.4402
         90.6291
          5.4239
         -3.6114
          4.8121
          0.1116
        -18.8257
          8.3805
        161.8785
        104.9366
         38.3433
          0.0000
          0.0000
          0.0000
          0.0000
          0.0000
        -10.4113
         -0.8053
          0.0000
          0.0000
          0.0000
          0.0000
          4.7823
          0.0000
          0.0000
          0.0000
          0.0000
          0.0000
          0.0000
          0.0000
         11.5966
          6.2918
          3.8083
        -27.1703
        -24.5857
         -7.8995
        -22.0862
        -21.8450
        -14.0813
         -3.3474
          9.2023
        -27.4999
        -24.8349
          1.4686
          2.4344
        -17.3269
        -22.2290
        -35.6831
        -22.1551
        -50.5790
        -24.5136
         -4.4812
         -9.6551
         -4.6426
         -0.1615
          6.6335
          8.6396
          0.0000
          0.0000
          0.0000
          0.0000
          0.0000
          0.0000
          0.0000
          0.0000
          0.0000
          0.0000
          0.0000
          0.0000
          0.0000
          0.1848
         -7.3661
         -3.2566
         -2.0585
          8.6959
         11.0821
         -4.4502
        -12.9563
        -23.5146
        -14.3354
          9.4097
          0.0000
          0.0000
         12.6722
         -6.7413
          8.7202
         -0.1001
         64.2670
        224.1717
        104.1005
         20.0372
         13.1045
          0.0000
         -6.4493
         -8.7659
          0.4350
        166.4646
         12.3295
          0.0000
          8.3221
        -23.0761
        -11.2185
         -2.0159
        -34.2583
         23.9308
         39.9044
        -20.3159
        -15.6592
          0.0000
          0.0000
          0.0000
         12.2614
         -3.3866
         -0.8657
          0.0000
          0.0000
          0.0000
          0.0000
          0.0000
          0.0000
         -1.1049
          0.0000
          8.4398
         28.0226
          5.6617
        -14.5551
        330.8206
        372.5004
        400.0895
          0.0000
          0.0000
          0.0000
          0.0000
          0.0000
          0.0000
         25.2991
         -0.6483
        -30.1112
          3.0396
          2.0239
        -10.2318
        -14.1061
         -0.2280
          5.2214
         17.7526
          5.8371
        -24.4242
        -31.5735
        -15.8048
          0.7024
        -18.3692
         38.5703
        161.8162
         33.0265
        -15.1014
         91.3500
        112.3463
         26.7054
        182.3655
        266.5281
        172.9172
          0.0000
          0.0000
         10.4969
         35.1824
          9.3004
         -4.1980
        -33.8807
        -41.6784
        -49.2500
        -22.1066
         18.3343
         -3.9027
         29.2570
        111.8400
        250.7723
        212.9698
          0.0000
          0.0000
          0.0000
          0.0000
          0.0000
          0.0000
          0.0000
          0.0000
          0.0000
          0.0000
          0.0000
          0.0000
          5.1520
        -28.9236
        -13.9375
         41.0992
        151.2936
         72.1721
         32.3823
          0.0000
          0.0000
          0.0000
          0.0000
         43.5468
         23.6649
        -15.1158
        -14.7769
        -26.3419
        -37.0217
        -22.3898
         39.2599
        165.7487
        171.2546
         32.4080
          1.2514
          2.9682
        108.9687
        143.6657
        158.4716
        137.9256
         41.7990
          0.0000
          0.0000
          0.0000
         -2.7779
         -7.0808
         -0.4815
          9.9188
         12.2161
         13.9443
        140.7018
        205.2204
         90.6399
         55.7291
         66.7974
          0.0000
          0.0000
          0.0000
          0.0000
          0.0000
          0.0000
          0.5316
        -14.9189
        -15.9729
        -18.4086
        -39.6879
        -26.7625
        -32.6697
        -42.1930
        -35.0776
        -53.1006
        -29.3481
        -25.5226
          0.0000
          0.0000
          0.0000
          0.0000
          0.0000
         -6.2077
          8.4076
        -22.7946
        -18.7175
         -0.8664
        -15.1598
        -18.3469
         -9.8866
        -15.4594
         -6.1077
        -14.0024
         12.7476
         12.0443
         11.4293
         43.6503
        124.7427
        189.2135
        147.2441
         51.6402
          0.0000
          0.0000
          0.0000
          0.0000
          0.0000
          0.0000
          0.0000
          0.0000
          0.0000
          0.0000
          0.0000
          0.0000
          0.0000
          0.0000
          0.0000
          0.0000
          0.0000
          0.0000
          0.0000
          0.0000
          0.0000
          0.0000
          4.6479
          0.0000
          0.0000
          0.6363
         -0.9668
        -12.2533
          7.2062
          2.1426
        -17.9655
        -37.1944
         18.0127
         28.2245
          5.8494
          0.5412
         31.4738
         67.9736
         97.2591
          0.6147
          0.0000
          0.0000
          0.0000
          0.9833
         20.3109
          5.5814
         18.5350
         -5.7099
          7.1962
         11.2876
        -11.2546
        -24.0884
          7.9595
         29.7817
         28.6813
         15.4118
         17.2481
         10.8245
          1.3128
         13.4225
         14.1931
         28.6124
        196.2181
         52.8468
         -6.1593
         -1.2902
         -6.5530
        -18.8049
         -4.8668
         53.0427
         66.7340
         39.6007
         -0.9588
         -8.1182
          2.2753
         -6.9222
        -32.1146
        108.5751
        129.2499
        -12.1146
        -17.6180
          4.3216
          0.0000
         36.4012
         27.7078
          0.0000
          0.0000
          0.0000
          0.0000
         11.8951
         -1.7221
        -15.2780
        -20.3921
        -11.9432
         -4.9247
        -25.9466
         -3.8869
         26.2725
         -7.8414
        -32.8043
         60.8813
        285.2301
         88.1161
          0.0000
          4.3704
         42.7148
         33.2014
        132.6012
        167.6042
        165.0768
         51.9402
          0.0000
          0.0000
          0.0000
          0.0000
          0.0000
          0.0000
          8.8768
         36.8504
         21.2308
        -29.1850
        -23.3299
        -44.5666
        -46.2671
        -22.1194
        -33.5119
         -5.2934
         16.8387
         11.0852
         20.7836
         -7.7280
        -36.8549
        -27.2435
        221.4366
        234.7462
          1.9421
          0.0000
          0.0000
          0.0000
          0.0000
          2.2745
        -15.1793
         -0.4955
          2.8075
         43.1670
        107.3157
         44.7670
          0.0000
          0.0000
          3.8917
         -0.5775
          0.0000
          0.0000
          0.0000
          0.0000
          0.0000
          0.0000
         22.4123
         41.3387
         -3.6427
        -38.7620
        -19.3035
        -15.5292
         -8.8700
        -12.2054
        162.5355
        130.3003
         19.3373
          0.0000
          0.2765
         12.0905
         20.1560
         10.2723
         10.2948
         63.8543
         85.1440
          3.1844
         30.2843
         99.9014
         26.2007
          0.0000
          0.0000
          0.0000
          0.0000
          0.0000
          0.0000
          0.0000
          0.0000
          1.9701
         10.5890
         15.9702
         -2.1491
        -17.7722
          1.5375
         -3.1727
         -7.1934
        -21.6887
        -71.0164
        -38.7027
        -39.0001
        -14.0790
        -12.6588
        -14.0458
         -0.8241
         -5.0983
         15.4376
        155.9136
         65.9443
          1.4526
        -16.3915
        -15.4809
         15.4606
         35.6987
         89.1934
        164.4542
          9.5776
         -3.3799
        -12.0069
        -14.3855
         -4.3037
        -14.0785
        122.0921
        185.7144
         46.0440
          0.0000
          7.2667
         -9.9161
        -14.9854
        -15.6818
        -14.7186
         -4.7179
        -12.6401
         -7.0743
         -3.3281
          0.0000
          2.7382
          8.9965
          6.7160
          4.7470
         -2.7928
          2.9154
         -2.1970
         -5.7343
          1.0958
          7.5515
         -1.3839
          0.0000
          0.0000
          5.9795
         32.1912
          3.1038
          3.1626
         71.3038
        180.2813
         34.0416
         12.2098
         26.4719
         28.4224
          5.9384
         -4.2895
         10.2270
         -0.4228
         -3.8453
          0.0000
          0.0000
         11.0144
          4.3647
          0.2242
         -1.2255
         56.1564
         55.8492
         55.8492
         12.1844
         12.1844
         -6.9996
        -13.4960
          3.2350
          5.7507
         21.2098
         57.8922
          0.0000
          0.2123
          0.0000
          0.0000
         11.9311
         49.3868
        100.7556
         -2.6887
         42.5653
         22.9331
         -4.1283
          8.8878
         10.7084
          0.9391
          0.2516
          0.0000
          6.1030
         29.9333
         13.7843
         -6.5176
          1.5800
         85.0044
         91.3289
          7.1992
          0.6082
         -6.4407
        -12.9850
          9.3374
         70.6483
        131.0779
          0.0000
          0.0000
          0.0000
          0.0000
          8.5317
          1.3316
          9.7314
         13.2384
         64.4903
         25.2677
          0.2076
        -10.6915
        -17.6587
         -6.1491
          6.4597
          1.2896
         -1.9389
          5.0141
         23.4530
         21.6420
         15.0020
         22.3172
         26.7015
         34.8218
         37.8210
          8.4405
         28.4852
         69.9627
         14.9018
         97.7655
         36.6534
         82.6468
          0.0000
          0.0000
          0.0000
         32.0162
         14.9977
          1.6391
         67.9046
        120.6766
          0.0000
          0.0000
          0.0000
          0.9555
         -6.7406
         -9.8592
         80.7212
        171.6012
         16.4606
          0.0000
          0.0000
          0.0000
          0.0000
          0.0000
          0.0000
          0.0000
         21.4321
         30.8550
          0.0000
          0.0000
          0.0000
          0.0000
          0.0000
         21.7636
         51.3834
         75.4800
         26.3854
          4.6803
          0.0000
         -1.2746
        -15.0577
         74.8253
        132.8821
         51.7579
          0.0000
          0.0000
          0.0000
         15.3874
         28.0818
          1.4295
          3.4386
        -12.3858
         -1.9621
          1.5131
        -20.2073
        -24.5723
        -21.3716
          3.9789
        103.3211
        102.1182
         13.2153
          0.0000
          0.0000
          0.0000
          0.0000
          0.0000
         22.0093
         64.3110
          0.0000
          0.0000
          0.0000
          0.0000
          0.0000
          0.0000
          0.0000
         99.0424
        113.3583
         77.6543
         11.4354
         -0.6989
         -2.7913
          8.4573
        160.5236
        153.9138
         32.0149
          0.0000
          0.5242
          0.0000
          0.0000
          0.0000
         57.5655
        114.5126
         15.5881
          4.9770
         -0.1336
         -7.1445
        -12.6449
        -11.6946
         13.1804
         81.4460
         12.5711
          3.9852
        -14.8862
        -20.9398
        -22.7769
        -32.7454
         47.2737
        109.0109
        102.1080
         74.0474
         17.4024
        -19.8331
          4.3170
        180.3198
         71.4953
          0.0000
          0.0000
          0.0000
          9.8107
          9.9225
         34.6818
         73.2319
         95.8884
          0.0000
          0.0000
          0.0000
          0.0000
          0.0000
         10.2348
          0.0000
        -11.8011
          3.6558
          0.0000
          0.0000
          0.0000
          0.0000
          9.3390
         16.5730
          5.6010
          0.0000
          0.0000
          0.0000
          0.0000
          0.0000
          0.0000
          0.0000
          0.0000
          0.0000
          0.0000
          5.1416
          2.7204
        -11.4450
         -9.0640
         -0.4089
         35.8490
         63.1404
          1.0549
         -9.3110
        -25.2591
        -29.6054
        -17.2265
         -7.8766
        140.4133
        146.0554
         20.7710
        -20.3830
        -17.4649
         -3.1796
        -22.2269
        -33.3724
         54.6604
        146.4534
         26.9739
          4.6523
         15.0534
         29.2052
        -65.9296
        110.9951
         56.0811
         33.7375
         -8.3167
        -10.8084
         -1.0340
         -9.2184
         46.0023
        195.0083
         44.8956
          0.0000
          0.0000
          0.0000
          0.0000
          8.1310
         -0.5846
         17.7342
          8.4711
          0.0000
          0.0000
          0.0000
          0.0000
          0.0000
          0.0000
          0.0000
          0.0000
          0.0000
          0.0000
          0.0000
          0.0000
          0.0000
         -0.4360
          1.5080
         17.6328
         32.5650
        -24.7680
        -11.8598
          0.8929
          0.0000
          0.0000
          0.0000
          0.0000
          0.0000
          0.0000
          0.0000
          0.0000
          0.0000
          0.0000
          0.0000
          0.0000
          0.0000
          0.0000
          0.0000
          0.0000
          0.0000
          0.0000
          0.0000
          0.0000
          0.0000
          0.0000
          0.0000
          0.0000
          0.0000
          0.0000
         -3.1265
         57.5898
         55.4950
          1.2545
         -7.1034
         -7.2568
         -8.8646
         20.2857
         13.5158
         28.1132
         84.5999
         93.5846
         96.1552
          0.0000
          0.0000
          0.0000
          0.0000
          0.0000
          0.0000
          0.0000
          1.9106
        -12.2227
        -13.0744
         -7.6356
         27.1748
         63.2235
         40.2959
         -3.8594
         16.7411
        -12.5304
        -18.4611
        -28.0724
         -1.7745
        120.9953
         36.5423
          0.0000
          0.0000
          0.0000
          0.0000
          0.0000
        -33.1947
        -26.5761
        -11.8844
        -15.8242
          3.7803
         -1.9342
         -0.0872
          6.1740
         -0.7250
         45.5773
        -24.9506
        -18.8681
         -2.2945
         -3.5552
         -9.5213
         -3.3371
         58.4708
         70.8023
        -11.0013
        -18.3426
         20.4147
          8.7165
        -16.7323
        -15.3489
        -10.0506
         53.7016
          0.0000
          8.0185
         31.4425
          3.7831
        -11.2266
         38.6798
        162.5132
         40.9755
          0.0000
          0.0000
          0.0000
          0.0000
          0.0000
         12.1026
        119.2509
          0.0000
          0.0000
          0.0000
          0.0000
          0.0000
          0.0000
          0.0000
          0.0000
          6.0004
         -3.1943
         -9.6882
          0.0000
          0.0000
          0.0000
          0.0000
          0.0000
          8.7066
         -1.4934
        -28.4779
         -5.4243
          0.0000
          0.0000
        -10.3072
        -17.7478
         89.9385
        105.1088
         13.3043
          9.9127
         11.9657
          3.6053
        -21.8367
         58.2457
        171.1472
        204.7685
        133.3553
          0.0000
          0.0000
          0.0000
          0.0000
          0.0000
         33.3227
         11.0935
        -20.8098
        -21.1053
        -15.8339
          7.6533
        -21.0325
         49.1942
        144.0406
         75.8904
        -13.4113
        -23.6283
        -34.1283
        -34.4496
        -28.4537
        -58.2983
         62.1358
         35.3309
        -18.8545
          7.6646
         17.4070
        -29.8621
        -12.9133
         19.1141
        105.4949
         76.4433
          3.2238
         14.0052
          0.0000
         32.4648
         33.5056
        -19.5944
          0.0000
          0.0000
          0.0000
          3.9405
          5.5602
        -11.1817
        -24.7382
        -52.6624
        -47.0925
         -8.7468
         76.3966
        240.5914
         85.3480
         17.3485
         40.3360
         62.4240
        375.5191
        322.1205
        146.2744
         22.6754
         -4.1129
         -8.5088
         -0.5149
        -18.1126
        102.4759
        104.0282
          5.6048
        -18.8600
        -20.1296
        -18.5442
        -18.5715
        -19.6212
        109.3774
         89.9253
         -3.8729
        -13.1250
         -2.4866
        -21.7674
        -12.0613
        174.5701
         37.3675
          0.0000
          0.0000
         22.5818
         16.7582
         -8.5010
         -5.5252
         32.0233
         41.6436
          0.0000
          0.0000
          3.6127
          8.9095
         11.4370
          8.3558
        112.9589
         43.7424
          0.0000
          0.0000
          0.0000
          0.0000
          0.0000
          0.0000
          0.0000
         73.6510
         12.5817
        -28.5383
        -33.4282
        -58.7359
        -21.9092
        -28.1624
        -59.9190
         48.1843
         74.5550
         21.6725
        -12.2918
          5.3037
         10.6611
        -24.3206
        -25.8626
        170.6489
         14.9806
         -9.8011
         -4.3910
        -30.6709
        -29.0777
        -10.8759
         12.2744
        143.5951
         19.9443
         -7.1862
         -8.5220
         17.4529
         41.6669
         86.4499
          0.0000
          0.0000
          0.0000
          0.0000
          0.0000
          0.0000
          0.0000
          0.0000
          0.0000
          5.8363
          9.1596
         -0.3019
         -6.4225
         15.1424
         40.3112
         17.7336
         10.0051
         64.2265
         45.2088
        -19.5636
        -17.8690
          9.1122
         52.4323
         -5.9457
        -13.7871
         70.4980
        152.1945
         10.9605
          2.4755
          0.0000
          3.3249
          6.3223
         37.5861
         94.5212
          5.2697
         -8.3212
          1.1414
         15.2942
         13.3895
        -25.9771
         81.8544
         95.9300
        147.0825
          0.0000
         38.2366
          0.0000
          0.0000
         10.5642
          6.0127
         19.8965
         60.1492
         68.7842
         41.4692
         11.6734
         10.3762
          0.0000
        -14.2547
          3.9818
         23.3818
         -3.1583
          5.0148
          3.4727
        -28.1262
        -51.1507
         13.8933
         28.3284
          0.0000
          0.0000
          0.0000
          0.0000
          0.0000
         34.0978
        108.4258
         32.7617
          0.0000
          0.0000
          0.0000
          0.0000
          0.0000
          0.0000
          0.0000
         28.6091
         44.6851
         19.4715
         72.1108
         13.0142
        -19.1404
        -45.8028
          2.5147
        113.6422
        111.2657
        116.2701
         88.9535
        101.9498
         24.4537
        -33.0066
         -9.9794
        166.9858
        207.9778
        211.1448
        263.8602
        199.3963
        131.7639
         22.7331
         25.0535
         33.0147
        -18.3909
          0.0000
          0.0000
          0.0000
          0.0000
          0.0000
          0.0000
         18.6581
         -4.5753
          0.0000
          8.7596
         -3.5664
         -8.3271
        -38.1247
        -20.9486
         20.9100
         16.5554
         -6.4248
        -15.3348
        -30.1523
         -0.1472
          0.0000
        -14.5501
         32.4954
         68.3512
        -15.4555
         -5.1709
         25.0447
        109.2211
        144.4563
        251.3083
        118.7965
          0.0000
          0.0000
          0.0000
          0.0000
          6.0239
          0.6704
        158.4897
         28.3869
          0.0000
          0.0000
          0.4113
         -5.7677
          0.0000
          6.8482
         53.2524
        103.3514
         41.3416
          9.6758
        -13.7534
         -3.0946
         45.1919
        123.0209
        143.9453
        130.9863
        126.2882
          0.0000
          0.0000
          0.0000
          0.0000
          0.0000
         -1.2673
         59.7586
         19.6350
          0.0000
          0.0000
          0.0000
          0.0000
          0.0000
         -7.2643
         28.9776
          4.0306
        -28.8463
        -39.0756
        -26.8339
        -35.0274
        -22.1815
        -36.6488
         -1.7175
        -22.3456
         -7.7695
          3.1039
          9.4578
         -8.5109
          0.0000
          0.0000
          0.0000
          0.0000
          0.0000
          0.0000
          0.0000
          0.0000
          0.0000
          0.0000
          0.0000
          0.0000
          0.3727
         21.3118
          7.0230
         -0.3048
         -6.7666
         -5.5054
          0.0000
          0.0000
         11.7175
         34.2700
          3.6614
        -30.7687
        -35.4379
          9.8533
         59.5996
         66.0531
          7.9690
         -9.7031
        -12.9136
        -20.4957
          2.4780
         -7.9218
         46.0942
         51.7231
         72.7663
        115.4298
         -4.7478
         59.6261
         17.7738
         71.6105
        128.0352
         19.1217
          7.4688
          3.4804
         -3.2907
        -13.1782
         -9.7424
         78.2977
          0.0000
          0.0000
          0.0000
          5.8607
          7.7833
          0.0000
          0.9918
          0.0936
         44.1101
         46.6746
         -9.1257
          1.1701
          4.0121
        108.9634
        118.9831
          8.6958
         20.3942
         12.5897
        -18.5028
        -20.5627
        -14.0624
         69.2360
        171.7226
         83.9441
          0.0000
          0.0000
          0.0000
          0.0000
          0.0000
          0.0000
          0.0000
          0.0000
         52.4757
         76.3595
        -20.2093
        -11.3561
         -3.9923
         -0.3591
         -6.2082
          0.0000
         55.9180
          2.1199
         -3.7445
          7.5478
          7.5722
          4.1964
         19.9910
        168.4882
         21.8594
          3.5471
         -1.2100
          0.0000
         27.1470
          1.9748
          0.0000
        102.5875
        116.5292
          0.0000
          0.0000
         10.6034
         15.9501
         -7.1369
          1.5117
        111.1745
        133.8689
          0.0000
          0.0000
         17.5538
          4.3544
         16.5973
         -8.2801
        -15.1368
         19.5167
          6.7176
        -34.9489
        -40.5395
        -32.6660
        -24.4497
        -30.4503
        -12.0549
         84.8098
         64.5047
        -16.3618
        -17.0276
          0.0000
         -4.0160
        -20.5586
         -2.7858
        150.1534
         12.5424
        -21.2634
         -0.9401
          0.0000
          0.0000
         12.8939
         10.9492
         16.2743
         37.0808
          0.8085
          6.6863
          3.8915
         -1.1626
         23.7607
         53.0643
         63.8735
        -11.7176
         11.9973
         41.5644
         20.1191
        -21.0109
         26.4020
         59.8755
          8.3770
          0.0000
          0.0000
         33.0033
          7.2613
         -7.7787
         15.5659
        200.2644
         15.7986
          0.0000
          0.0000
          7.7525
         -9.9405
        -26.5978
        -12.9190
        -20.0684
        134.7405
          4.9013
         -4.7581
          0.6541
        -13.2910
          0.8647
         10.4129
         -7.1989
         30.4712
         15.4945
         30.8005
         86.9909
         29.9851
        -15.4619
         10.5475
         96.8500
         68.1407
        115.6260
          7.3080
        -10.6217
         13.7189
         36.2302
        101.6439
         26.9394
         18.4839
         28.9638
          0.0000
          0.0000
          0.0000
         25.6660
          6.1609
          6.4619
         16.7084
         51.7366
         34.2650
         62.2474
         39.4195
         77.3767
        152.7411
         71.9883
          0.0000
          0.0000
          0.0000
          0.0000
          0.0000
          0.0000
          3.7179
         10.8338
        119.1871
        192.6027
        125.3649
          0.0000
          0.0000
          0.0000
          0.0000
        -28.5249
        -65.3311
        -14.1441
          0.0000
          0.0000
          0.0000
          0.0000
          0.0000
          4.2664
         15.9891
        -10.6226
         -5.3876
         16.5040
          0.0000
         -2.2823
        -16.9613
         67.0504
         27.7334
          0.0000
          0.0000
         40.0808
         57.6787
        101.2690
        207.6470
        308.9641
         20.0026
          0.0000
          0.0000
          0.0000
          0.0000
          0.0000
          0.0000
          0.0000
          0.0000
          0.0000
          0.0000
          0.0000
          0.0000
          0.0000
          8.9798
         42.7191
        100.2185
         -5.7039
         -5.8058
          8.5861
         -3.1720
         19.3335
          7.4433
        -15.7814
         30.4717
         14.6061
         -0.1412
          0.7793
          3.4659
         36.8676
         45.5908
        155.0398
         58.1089
          0.0000
          0.0000
          0.0000
          0.0000
          0.0000
          7.3011
         90.0224
         68.8070
        -11.6634
         -4.8576
          3.3380
         -0.6339
         -6.2663
         -6.0223
        -11.2211
        -11.4607
          0.2819
          2.1719
         10.1751
         12.2038
         12.0640
         10.4054
         -1.6367
         -0.4643
          9.6137
         26.4111
         40.4500
         46.3143
         20.7532
         18.0695
         19.6488
         13.5497
          0.0000
          0.0000
          0.0000
          0.0000
          0.0000
          6.2087
         13.1437
         37.0027
         -6.3731
         12.2761
          0.0000
          0.0000
         16.5105
         58.9301
         45.4814
          0.0000
         35.8656
         91.7752
         20.6001
          5.6099
          0.0000
          3.9602
         -1.2149
         49.9170
         86.3184
         25.2548
         -0.6901
         -1.8345
         28.7742
        -16.4916
        -29.9467
         65.4748
         37.1434
         23.9907
        139.4892
        186.1925
        224.1894
        210.4004
        231.8870
          0.0000
          0.0000
          0.0000
          0.0000
          0.0000
          0.0000
          0.0000
          0.0000
         42.5364
         -2.7536
          1.6755
        -17.9200
        -21.2449
        -27.2127
        -10.4321
         17.8285
        111.1358
         91.3291
         15.0176
        -13.1750
          0.0000
          0.0000
          0.0000
         78.1895
        149.7310
         32.5251
          0.0000
          0.0000
          0.0000
          0.0000
          1.6473
         11.2515
        156.9404
         37.4857
         -5.5540
         -2.3638
          1.9569
          2.5899
         21.2533
         41.7039
         68.3383
         63.1021
         10.1794
         24.3091
         -8.7858
        -10.0337
         -0.0197
         10.1370
         51.2843
         37.0099
         29.8441
         57.4708
        128.7461
         34.8099
         12.7822
         41.1124
        109.9160
          7.6514
          0.0000
          9.5111
         10.8996
          2.1963
          1.6114
        -22.9326
         27.4358
         76.6185
         13.7776
         41.2413
        -20.4370
        -19.1344
        -29.7022
        -48.2660
        -20.3016
          0.0000
          0.0000
         11.0482
         19.3449
          0.8569
         -1.1887
          9.9827
         78.7496
         -2.0514
          5.9764
          8.7391
          0.0000
          6.4630
         -9.1160
          7.8755
         37.1005
         32.3058
          6.3716
         -3.6051
         -3.5839
         -4.0392
         22.9050
         29.2142
         52.4777
        -11.9039
        -10.8626
          2.5133
         -4.5722
        -12.4749
         -5.2884
         29.0083
         35.7115
         42.4950
          1.4797
         -4.3685
        -18.7034
        -22.2667
         -5.5284
         13.0871
        176.9040
         -1.0351
          0.0000
         13.2971
          1.3227
          0.1476
         -1.8010
        -20.3052
        -15.4300
         -1.9645
          0.0000
         10.6150
          9.6566
          0.0000
          4.9480
         -7.3133
         24.3218
          4.2599
        -10.1593
         -7.6781
         -2.3830
         -7.0506
         -8.4309
         -9.9329
         -6.0337
         18.0257
         20.3374
         23.2302
         28.7676
         37.5774
         39.1591
         51.5518
          0.0000
          0.0000
          1.9840
          3.1169
          7.8042
         -4.6067
        -21.4530
         43.2089
         62.2439
         18.5403
         33.1064
          0.0000
          0.0000
          0.0000
          0.0000
          0.0000
         -5.0768
          0.0000
          9.8398
         17.1662
          9.7751
         13.4801
          5.2892
         68.6078
        118.7063
          0.0000
          1.2214
         22.0988
          2.0018
        -16.9825
        -28.2034
          0.3535
         77.8345
         -2.4546
        -21.2701
         12.5817
         19.1938
         35.8211
          0.0000
          0.0000
         31.1559
          0.0000
          0.0000
          0.0000
         -1.6167
          0.0000
          0.0000
          0.0000
          0.0000
          0.0000
          0.0000
         24.6774
         17.0179
         33.4405
         59.0973
         37.1242
         44.4808
         -2.5252
          5.0018
          0.0000
          0.0000
          7.8125
         13.6577
         22.2104
         98.2962
        -11.6908
         -7.0574
          3.0610
         -6.0316
        -15.1490
        -26.8494
         -2.7324
         50.7427
          0.1020
        -15.8525
         -1.4416
        -16.0597
         -8.7664
          0.0000
         -1.9908
         -1.9201
          6.3270
          9.1695
          0.0000
          0.0000
          0.0000
          0.0000
          7.2369
         19.9750
         19.1691
         10.2854
         10.2292
         12.7998
          1.9465
         30.0945
        129.1108
        222.1566
         36.2269
         24.3907
         22.2711
          4.6375
         -0.9926
         -1.5161
        -22.8865
         14.7729
         16.4408
          8.4221
         32.8058
         23.6148
         20.2010
         42.8052
         28.2990
          4.3190
         -6.0914
         21.6327
         58.0616
         35.3892
         23.6103
        171.8626
        229.1769
          0.0000
          0.0000
          0.0000
          0.0000
          0.0000
          0.0000
          3.8624
         -9.4702
         13.6448
         24.6693
          3.5532
         -0.3750
         10.7759
         25.0292
         83.1265
        166.1017
        104.9635
         11.2403
          0.0000
          0.0000
          0.0000
          0.0000
          0.0000
          2.2636
        -15.5295
          0.0000
          0.0000
          0.9613
          4.0741
          1.3246
          2.1725
         -2.1271
         -0.9317
          0.0000
          0.0000
          0.0000
          0.0000
          0.0000
          0.0000
         11.8125
         22.8792
         -2.5834
         26.6696
         25.4620
         21.4603
         37.2515
        144.5003
        222.2757
         -1.9945
          9.1488
         14.3587
         15.0458
         -4.6271
          0.0000
          5.1691
          6.4551
         50.8185
         -2.8058
          3.6132
         -3.5807
        -16.9255
          0.1960
         18.8073
         10.6703
          8.0360
          0.0013
         -1.4971
          9.0389
          0.0000
          0.0000
          0.0000
        -19.1248
         -3.2286
          8.0402
         -4.3734
        -12.3954
         -5.9907
          0.0000
          0.0000
          0.0000
         -4.3853
          0.0000
          0.0000
          0.0000
          0.0000
          0.0000
          0.0000
         19.5184
         22.2994
         19.1871
         14.7171
         34.8371
          7.2772
        -27.9696
         -6.8248
         -4.7306
         78.1488
         95.5556
         -3.7859
         15.9629
         -0.1995
         -5.1452
          0.0000
        -16.8569
          5.9159
         13.7686
         21.9080
         39.5399
          5.4449
        -10.6029
         14.9086
         18.8276
         23.3480
         14.5847
         20.9023
         28.3544
         59.4353
         10.9241
          7.6302
          1.3050
         28.1441
        151.9814
         52.1516
         29.9635
         14.8879
         15.9718
         -0.8745
         -7.2375
          7.1521
          2.0231
          6.6593
          0.0000
         -0.3329
          7.6606
          1.4929
        -13.0782
         30.3430
         26.7986
         37.7442
         31.0564
          0.0562
         -7.5039
         -2.2186
        -13.3219
         26.3477
          9.7693
         26.0093
         35.2612
         -2.0228
         -3.9021
          0.0000
        -10.1082
        -32.2921
         -6.5410
          0.0000
          0.0000
          2.0647
          0.0000
          0.0000
          0.0000
         -3.4701
          0.0000
          0.0000
          0.0000
          0.0000
          0.0000
          0.0000
          0.0000
         -4.3002
          3.5295
          0.5796
          0.0000
          0.0000
          0.0000
          9.1489
          6.7685
          8.9574
         11.2769
          1.0263
         -2.5327
         -7.1050
         -2.2655
         19.3426
         20.6769
         20.7746
         85.9989
         15.3932
          0.0000
          0.0000
          0.0000
          0.0000
          0.0000
          5.9896
          6.1917
         10.4309
         17.9971
         40.3367
         79.6607
        106.2091
         36.9499
          0.0000
          0.0000
          0.0000
          0.0000
          5.0746
         -2.6460
         -1.4584
          7.5231
          0.1008
         -1.1562
          1.3111
          4.9320
          1.8587
          6.5310
         -1.6819
         -8.9795
         -7.8065
          7.6470
         13.1782
         -4.8518
          0.0000
          1.2989
          4.5995
         -1.4070
         80.5454
        122.6835
          0.1325
          0.0000
          0.0000
          0.0000
          0.0000
         61.2783
        113.9131
         91.5282
          6.0527
        -30.3062
         29.3513
         88.8643
        -20.3833
        -29.1149
         26.7898
         29.3804
         39.4950
         30.3001
         26.3590
        105.3548
         86.8784
        105.2072
        197.3422
         66.6468
         12.5839
         -1.3370
         41.5580
         69.7556
          6.3021
         -8.3526
         75.2163
          8.4651
        -12.4348
         28.6183
        127.2082
        117.0509
          4.7998
          2.3388
        -13.4538
        -21.7431
        -14.1724
          9.2594
         11.8367
          0.0000
          0.0000
        184.6158
        209.0364
          0.0000
          0.0000
          0.0000
          0.0000
          0.0000
          0.0000
        -12.2436
        134.8080
        156.0137
         -9.3284
        -10.4080
          0.0000
          0.0000
          5.9587
         13.8672
         43.2767
         31.5080
         27.1232
         15.7186
         -3.5612
        -10.4052
         -1.8610
         -5.0369
         -3.3098
          0.0000
          7.5180
         13.1396
          4.5133
          0.0000
         16.9673
         18.2250
          8.8153
          0.2951
          0.0000
          0.0000
          0.0000
          0.0000
          0.0000
          0.0000
        212.8200
        102.1874
          0.0000
          0.0000
          0.0000
          0.0000
          3.6451
          5.7543
         76.2455
         23.5551
          0.4008
          0.0000
          0.0000
          0.0000
          0.0000
         -2.5275
         33.5092
         -0.1075
          1.4909
         14.1167
         -1.5724
          0.0000
          0.0000
         -1.2685
         65.9837
         61.2219
         -4.2748
         -9.2914
          4.7156
          7.7773
          0.2962
         14.9281
         46.7208
         15.7674
         -1.7878
          0.0000
          0.0000
          0.0000
          0.0000
          0.0000
          0.0000
          0.0000
          0.0000
          0.0000
         10.4911
          4.2618
          3.7761
         -0.0175
        114.5944
         70.1642
        -15.5168
         -0.3783
        -32.6546
        -22.7734
          0.0000
         -3.3315
        -19.0289
          0.0000
          0.0000
          0.0000
          0.0000
          0.0000
          0.0000
          0.0000
          0.0000
          0.0000
          0.0000
          0.0000
          0.0000
          0.0000
          0.0000
          0.0000
          0.0000
          0.0000
          0.0000
          0.0000
          0.0000
          0.0000
          4.5305
          1.8321
         12.0284
         16.0726
         -7.1322
          0.0000
          0.0000
          0.0000
          0.0000
          0.0000
          0.0000
          0.0000
          0.0000
          0.0000
          0.0000
          0.0000
          0.0000
          0.1916
        -15.5857
          0.0000
          0.0000
          0.0000
          0.0000
          0.0000
          2.1895
         21.8474
        116.2876
         65.3761
          2.6628
          7.2574
          4.1533
          8.2450
          9.3989
          9.3471
        121.3968
         43.4726
         -3.5056
        -20.2112
         -0.8274
          0.0000
          0.0000
         -2.7739
         -5.3718
         -3.5178
          0.0000
          3.8211
         -4.2522
          0.0000
          0.0000
          0.0000
          0.0000
          0.0000
          0.0000
          0.0000
          0.0000
          0.0000
          5.2158
         -0.0590
         -6.5734
          0.0000
          0.0000
          0.0000
          0.0000
          0.0000
         31.8067
         22.0349
         32.6797
          0.0000
          0.0000
          0.0000
          0.0000
          2.2899
         26.8999
         57.7790
        187.1160
         57.1183
          0.0000
          0.0000
          8.6219
          0.0000
          0.0000
         -3.1919
        -12.0366
         13.1193
         -2.0356
          0.0000
          0.0000
          0.0000
         18.6706
         47.0161
         51.6141
          0.0000
          0.0000
          0.0000
          0.0000
          0.0000
         13.9987
         11.1442
         31.6481
          6.6700
          0.0000
          0.0000
          0.0000
          0.0000
          0.0000
          0.0000
          0.0000
          0.0000
          0.0000
          0.0000
          0.0000
          0.0000
          0.0000
          0.0000
          0.0000
          0.0000
          0.0000
          0.0000
         12.2584
          0.0000
          0.0000
         -3.1882
         16.3847
         -6.3829
          7.9063
         21.6208
         85.1436
          2.2754
         -8.6233
         -7.4199
        161.4924
         51.4642
        116.1519
         59.0338
         -1.6216
        -17.5316
         25.2348
         24.0657
         47.3289
         78.3858
        -11.4860
          5.9993
          0.0000
          0.0000
          0.0000
          0.0000
         -9.8756
          0.0000
          0.0000
          0.0000
          0.0000
          0.0000
         -0.8843
         -3.8058
         -6.5832
          7.6712
          9.4176
         16.9103
         32.5051
        109.3306
        118.9285
          4.3186
         -4.9464
         37.5299
        -25.0767
        -14.4385
          2.1979
         26.0638
         35.9511
        219.8543
        131.6300
         -5.0668
          0.0000
         18.3345
         15.0833
          0.6587
          8.4219
         11.2132
          0.7377
         -5.0000
          7.9035
         11.1634
          4.8232
         -4.1009
         -2.3797
          0.0000
          0.0000
          0.0000
          0.0000
          0.0000
          5.6488
         -1.0523
          4.5284
          1.6447
         68.5350
         32.2935
          7.3561
          6.2388
         13.3091
          5.3950
         12.3201
         22.2426
        149.6124
         -8.5934
         16.9221
         33.6163
          9.2442
         -9.1068
        -18.2597
        -11.1786
        105.4245
         19.4862
          0.0000
          0.0000
          0.0000
          5.3967
          5.3665
         -2.5499
        -17.6286
         -1.3989
          0.0000
          0.2012
         11.2135
         15.8454
         -1.7467
        -15.5237
        -15.4342
         -5.3240
         -2.4939
         -7.2531
          0.0000
          0.0000
          0.0000
          0.0000
          0.0000
          0.0000
          0.0000
          0.0000
          0.0000
          0.0000
          0.0000
          0.0000
          0.0000
          0.0000
          0.0000
          0.0000
          0.0000
          0.0000
          0.0000
          0.0000
          0.0000
          0.0000
          0.0000
          0.0000
          0.0000
          0.0000
          0.0000
          0.0000
          0.0000
          0.0000
          0.0000
          0.0000
          0.0000
          0.0000
          0.0000
          0.0000
          0.0000
          0.0000
          0.0000
          0.0000
          0.0000
          0.0000
          0.0000
          0.0000
          5.3160
          0.0000
          0.0000
          0.0000
          0.0000
          0.0000
         -8.7488
         -0.9603
          0.0000
         34.8813
          2.1764
         36.9776
         31.4009
         10.4488
          0.0000
          0.0000
          0.8835
        -16.6352
         22.2882
         21.6939
          8.3737
          0.4494
          5.9650
         71.8746
         50.4080
         10.8380
         44.8261
         18.4806
          1.2048
          0.0000
          7.3504
          3.6327
          7.8830
          5.0790
         54.9240
         -8.3290
         -7.4766
          0.0000
         -3.1627
          3.0356
         -0.4792
          0.0000
          0.0000
          0.0000
          0.0000
          0.0000
         14.7832
          6.6394
          7.8913
         -0.6420
          0.0000
          0.0000
          0.0000
          0.0000
          0.0000
          0.0000
          0.0000
          0.0000
          0.0000
          0.0000
          0.0000
          0.0000
          3.8420
         41.9557
          7.5722
          0.0000
         -0.8316
          0.0000
          0.0000
          0.0000
          0.0000
          0.0000
          0.0000
          0.0000
          0.0000
          0.0000
          0.0000
          0.0000
          0.0000
          0.1419
          6.9530
          0.0000
          0.0000
          0.0000
          0.0000
          0.0000
          0.0000
          0.0000
          0.0000
          0.0000
          0.0000
          0.0000
          0.0000
          0.0000
          0.0000
         21.5520
         30.4557
         10.7129
         -0.7281
        -10.7218
          0.0000
          0.0000
          0.0000
          3.7550
          3.7513
          0.0000
          0.0000
          6.8915
          0.0000
          0.0000
         -3.3313
         -4.2063
          0.0000
          0.0000
          0.0000
          0.0000
          0.0000
          0.0000
          0.0000
          0.0000
          0.0000
          0.0000
          0.0000
         23.6561
          7.0822
          0.0000
          4.4956
         17.4987
         17.0315
          0.0000
         13.5321
          4.5919
          0.0000
          0.0000
          0.0000
          0.0000
          0.0000
          0.0000
          0.0000
          0.0000
          0.0000
          0.0000
          0.0000
          3.6773
         23.1521
          0.0000
          0.0000
         19.9365
         10.8518
          1.5203
         -3.5331
         11.8851
         82.4416
          0.0000
          0.0000
          0.0000
          0.0000
          0.0000
          0.2842
         -5.8443
          0.0000
          0.0000
          0.0000
          0.0000
          0.0000
          0.0000
          0.0000
          0.0000
          0.0000
          0.0000
          0.0000
          0.0000
          0.0000
          0.0000
          0.0000
          0.0000
          0.0000
          0.0000
          0.0000
          0.0000
          0.0000
          0.0000
          0.0000
          0.0000
          5.9555
          0.0000
          4.1208
         13.2660
         -9.5498
          2.7354
        189.8133
         55.3635
        -11.8418
         -3.7405
         15.4082
         50.6762
         20.9366
         50.3343
         26.0302
         -1.5392
          0.0000
          0.0000
          0.0000
          0.0000
          0.0000
          0.0000
          0.0000
          0.0000
          0.0000
          0.0000
          0.0000
          0.0000
          0.0000
          0.0000
          0.0000
          1.3639
          4.8564
        -37.1798
         -9.0166
          7.8407
         -3.1384
        -12.3079
        -30.9841
        -47.6092
         -4.6803
         -7.9444
          6.5855
         21.2836
          6.9649
         -1.1764
         -3.3224
         -9.4904
          0.8407
         -1.3021
          0.0000
          0.0000
          5.1848
         -4.7397
          1.1004
        223.0425
        192.8111
          0.0000
          0.0000
          0.0000
         34.3383
         41.2581
         12.3292
         68.2018
        187.2230
          0.0000
          0.0000
         12.7086
          0.0000
         -2.7695
         -0.7050
        -12.7722
          0.4718
         -0.2512
          0.0000
          0.0000
          0.0000
          0.0000
          0.0000
         10.1797
         23.9812
         20.0270
          2.5552
          0.0000
          0.0000
          0.0000
          0.0000
         15.1212
         18.4821
          6.5337
          6.8511
          8.4718
         -3.1889
          0.0000
          0.0000
          0.3326
          4.6393
          0.0000
          0.0000
         44.6950
         11.1990
          0.0000
        -10.4171
        -29.0832
        -11.4355
         -4.6029
          0.0000
          5.8285
         19.8044
        186.4900
        157.3938
        125.1726
          1.9760
         -6.7856
         -2.5835
          0.0000
          0.0000
          0.0000
          0.0000
         35.6866
         40.8794
        -31.0321
        -35.0163
          0.0000
          0.0000
          4.8386
         14.6924
         36.2149
        145.3936
         22.2962
          7.1358
         28.2168
          7.3064
        -14.7898
          3.7880
         25.5762
         23.0206
          0.0000
          0.0000
         25.5470
         12.8190
         -9.5818
         -3.0943
         12.3316
         43.4793
          7.6184
         26.8513
         37.5065
         16.9043
        217.2035
         20.2728
         23.0594
         38.4112
        -26.8984
        -15.6924
          2.0515
         32.2425
        100.0934
        287.5232
         -8.4484
        -16.2762
         56.3914
         13.2088
          0.0000
          0.0000
          0.0000
         11.5872
          0.0000
          0.0000
          0.0000
          0.0000
          0.0000
          0.0000
          0.0000
          4.0327
          0.5021
          0.0000
          1.6208
         10.5650
         19.9860
         21.7214
          2.8137
         13.1929
        207.4772
        346.4437
        171.0048
          0.0000
          0.0000
         16.4261
         83.3455
        214.0336
        174.3622
         14.9644
          0.0000
          0.0000
          0.0000
          0.0000
          0.0000
          0.0000
          0.0000
          0.0000
          0.0000
          0.0000
          0.0000
          0.0000
          0.0000
         17.7944
         21.8419
         86.5079
        201.3220
         76.3331
          8.8262
         -5.9835
        -18.5788
        -18.8650
         -9.7569
         54.0183
        -62.2902
        -39.5533
         -5.8327
         -9.4704
        -25.3910
        -12.1425
         99.2628
        197.3450
         87.6925
        107.3256
        163.0334
         39.8928
         -5.1307
         -7.6995
        100.1388
        279.6835
         40.9455
        -13.6934
         23.5411
         -4.8838
        -27.7561
        -32.2558
        135.3465
        657.8360
        452.8386
         41.9944
         20.7048
          0.0000
          0.0000
        -12.0801
        -16.4623
        156.6212
        291.3256
        115.8219
         46.2380
         66.4931
        257.7381
        480.9779
        520.0679
          0.0000
          0.0000
          0.0000
          0.0000
          0.0000
          0.0000
          0.0000
          0.0000
          0.0000
          0.0000
          0.0000
          0.0000
          0.0000
          0.0000
          0.0000
         23.7986
         23.0499
         37.0160
         99.9846
         45.3126
         -9.3676
        -15.8844
        -21.3027
         31.4049
          0.0000
          0.0000
          0.0000
          3.8088
         25.8358
          4.7012
         -5.0175
        -21.6644
         -8.1079
         48.6659
         63.1495
         24.6405
          7.6780
         20.7440
         28.0480
        174.5936
        325.1919
         45.1501
          0.0000
          0.0000
          0.0000
          0.0000
          0.0000
         -1.3123
         26.7506
         -0.7265
          0.0000
          0.0000
          0.0000
          0.0000
          2.5232
         22.3404
        209.4582
        256.5848
          1.4326
          0.0000
          0.0000
          0.0000
         56.6457
         90.5619
         50.9461
          0.0000
          0.0000
         17.8490
          2.7998
          1.1739
          2.6354
         -0.8859
          0.0000
          0.0000
          0.0000
          0.0000
          0.0000
          0.0000
          0.0000
          0.0000
          0.0000
          0.0000
          0.0000
          0.0000
          0.0000
          0.0000
          0.0000
          0.0000
          0.0000
          0.0000
          0.0000
          0.0000
          0.0000
          0.0000
          0.0000
         13.3185
         20.8835
         10.6855
         21.7853
         43.0096
         35.2025
         -9.9005
         -4.2815
         28.3562
        118.4384
        373.9458
        463.3486
        551.3629
        383.5968
        100.0888
         -6.2338
         -7.0679
         61.4143
        101.9157
         -8.5933
         42.0930
         40.6268
        -22.8893
        -34.6294
        -38.1219
         75.0509
         19.1157
          3.7182
        -34.4074
        -32.1844
        -34.2453
        -31.6682
         43.9830
         -3.4072
         -6.0714
          0.0000
         17.2864
        -14.0855
        -20.9808
          2.4352
          0.0000
          0.0000
          0.0000
          0.0000
         65.0100
         97.3418
          0.0000
          0.0000
          0.0000
          0.0000
          0.0000
          0.0000
         -1.5242
         -7.4939
         -7.1720
         -6.9840
        132.0238
        259.5583
          5.9965
         10.2529
         64.0752
        266.0357
        395.8361
        503.8184
        171.1951
         27.2755
          8.3862
         85.1169
        244.0107
          0.0000
          0.0000
         54.6447
         12.3387
        -11.8538
         37.1992
          7.7882
         13.1038
          0.3844
          7.3802
         10.9640
          9.3649
         -7.9806
          0.0000
          0.0000
          0.0000
          0.0000
          0.0000
          0.0000
          0.0000
         -1.3582
          0.0000
          0.0000
          0.0000
          0.0000
          0.0000
          0.0000
          0.0000
         -4.0764
          0.0000
          0.0000
          0.0000
          0.0000
          0.0000
          0.0000
          0.0000
          0.0000
          0.0000
          0.0000
          0.0000
          0.0000
         13.6712
         -9.8150
        -22.5800
         -0.2590
          1.7008
          1.8935
          0.0000
          0.0000
          9.9584
         26.8033
        292.3418
         36.7009
         -1.9547
          1.5280
          5.1816
          0.0000
         48.2899
        140.2252
          0.0000
        -18.6309
          0.0000
          0.0000
        106.7789
        137.7767
         -2.7611
         -0.7007
          6.3694
         57.6892
          0.0000
          1.1349
         32.3401
         -2.8002
          6.1540
         53.7314
        297.0754
         11.3402
          0.0000
          0.0000
          0.0000
          0.0000
          0.0000
          0.0000
          0.0000
         11.9935
          0.0000
          0.0000
          0.0000
          5.9853
          0.0000
          3.6394
          0.0000
          0.0000
          0.0000
          0.0000
          0.0000
          0.0000
          0.0000
          0.0000
          0.0000
         -7.0524
          0.0000
          0.0000
          0.0000
          0.0000
          0.0000
         19.7295
         44.5080
         43.5893
         51.7928
         15.3032
         19.7067
          9.3410
         19.9486
        162.3388
        246.0061
         30.4815
          0.0000
          0.0000
          4.3113
         28.2772
         27.4419
         -2.3827
          0.0000
          0.0000
         10.6307
         13.3574
         31.9859
         16.2583
         97.5839
         59.7341
          0.0000
          0.0000
          0.0000
          0.0000
         17.8156
          0.0000
          0.0000
          2.8123
          0.0000
          0.0000
          0.0000
          4.7159
         10.8569
         -1.7616
         14.0817
         19.7326
         56.7299
        260.2794
         73.0827
        136.7795
         37.9528
          2.8428
         -7.4744
         -3.3830
         50.1147
        104.3751
          0.0000
          0.0000
         36.2550
         20.0086
         15.7192
        -15.5820
          0.0000
          0.0000
          0.0000
          0.0000
          0.0000
          0.0000
         12.9894
          0.0000
          0.0000
          0.0000
          0.0000
          0.0000
          0.0000
          0.0000
          0.0000
          0.0000
          0.0000
          0.0000
          0.0000
          0.0000
         19.6867
         26.5894
         22.0862
         11.9441
         19.0071
         57.0276
         12.6985
         11.2654
         40.5957
         94.5520
         85.1930
         59.4755
         67.9644
         39.8081
          0.0000
          0.0000
          0.0000
          0.0000
         82.1084
        107.1943
         10.8284
          0.0000
          0.0000
          0.0000
          0.0000
          0.0000
          0.0000
          5.7578
         21.5339
        155.1528
         25.6552
          0.0000
          0.0000
          0.0000
          0.0000
         28.9237
          0.0000
          0.0000
         29.5563
         15.7026
         54.9519
         34.3432
         94.9591
        157.6085
        242.5679
        164.7100
         75.3229
          0.0000
          0.0000
          0.0000
          0.0000
          0.5329
          0.0000
          0.0000
          0.0000
          0.0000
         13.8289
          0.0000
          0.0000
         17.7290
          0.0000
          0.0000
          0.0000
          0.0000
         32.8375
          3.6963
          3.1937
          7.3334
          0.0000
          0.0000
          0.0000
          0.0000
         14.8205
          4.1977
        215.4820
        213.8847
         62.2085
          0.0000
          0.0000
          0.0000
          0.0000
          0.0000
        153.7850
        102.5217
          0.0000
          0.0000
          0.0000
          0.0000
          4.1922
          5.8814
         12.4913
         25.5896
         26.2353
         60.2903
         60.2903
