          0.0000
          0.0000
          0.0000
          0.0000
          0.0000
          0.0000
          2.6231
          0.0000
          0.0000
          0.0000
          0.0000
          0.0000
          0.0000
          0.0000
          0.6754
          0.0000
          0.0000
          0.0000
          0.0000
          0.0000
          0.0000
          0.0000
          0.0000
          0.0000
         14.8227
          0.0000
          0.0000
          0.0000
         52.2857
          0.0000
          6.1429
          0.0000
          0.4874
          0.4334
          5.8132
         35.7424
         98.7321
         60.9487
         77.1963
         34.5789
          0.0000
         22.1392
         22.6186
         91.3566
        152.2881
         86.3176
         53.3247
          5.6999
          0.0000
         53.1387
        102.8703
        159.3470
        210.4592
        192.5652
        200.4849
        145.7160
        109.7186
          0.0000
          0.0000
          0.0000
         10.7905
          0.0000
          0.0000
          0.0000
         22.8524
          7.1381
          0.0000
          0.0000
          8.3558
         25.9998
        125.1042
        170.5683
        212.8216
        172.2810
        132.0783
        128.2472
        123.1846
        118.1385
         76.2056
         89.1445
         97.0102
          0.0000
          0.0000
          0.0000
          0.0000
          0.0000
          0.0000
          0.0000
          0.0000
          0.0000
          0.0000
          0.0000
          0.0000
          0.0000
         29.2017
        107.5076
        172.6769
         57.8358
          0.0000
          0.0000
         30.3236
          0.0000
          0.0000
          0.0000
          0.0000
          0.0000
          0.0000
          0.0000
          0.0000
          0.0000
          0.0000
          0.0402
        109.0385
        125.9920
        179.7438
        100.7233
         95.5955
        153.0301
        244.8344
        105.1994
         51.9982
          0.0000
          0.0000
          0.0000
         61.6500
          0.0000
          0.0000
          0.0000
          0.0000
          0.0000
        116.6439
        106.1625
        125.3815
        139.9923
        159.0008
        207.0684
        250.9961
        233.7231
        228.7557
        239.5559
        237.8805
         68.3236
          0.0000
          0.0000
          0.0000
          0.0000
         69.9442
         57.9884
         59.0364
         70.4786
         56.9559
         26.5465
          0.5515
          0.0000
          0.0000
          0.0000
          0.0000
          0.0000
          0.0000
          0.0000
          0.0000
          0.0000
          0.0000
          0.0000
          0.0000
          0.0000
          0.0000
          0.0000
          0.0000
          0.0000
          0.0000
          0.0000
          0.0000
         52.1696
        154.5860
        127.2685
         82.8524
          0.0000
          0.0000
          7.2907
         72.7931
          0.0000
          0.0000
          0.0000
          0.0000
          0.0000
          0.0000
         29.0371
        100.9806
          6.4084
          0.0000
          0.0000
         56.0161
         61.4541
         34.3316
         63.9845
         93.2189
        191.9962
        272.4648
        267.8247
        252.9862
        358.7888
        452.1833
        335.8079
        225.9349
        124.7043
          0.0000
         24.1254
         48.4305
         37.2559
         40.7206
         40.4108
         29.0175
         10.5698
         37.4651
        106.7564
        171.1832
        118.7580
         98.2908
         56.4072
         50.1778
         69.6407
        103.1243
        121.6088
        134.0090
         67.5883
          7.2028
          0.0000
          0.0000
          0.0000
          0.0000
          0.0000
          0.0000
          0.0000
          0.0000
          0.0000
          0.0000
          0.0000
          0.0000
          0.0000
          0.0000
          0.0000
          0.0000
          0.0000
         40.3399
         60.0040
        172.1702
        171.4955
        155.7963
        115.0999
         70.3485
         43.9342
         52.2328
         18.8234
         12.8787
          0.0000
          0.0000
          0.0000
          0.0000
         28.1488
         78.8048
         66.1643
         46.9497
         28.4962
         15.5291
          0.0000
          0.0000
         52.7824
        131.4049
        102.1819
         89.4595
        132.4182
        172.4547
         50.0360
          0.0000
          0.0000
          0.0000
         46.2594
        154.6694
        206.1806
        253.2493
        214.6563
        174.8933
        206.8969
        271.9495
         42.1232
          0.0000
          0.0000
         49.5733
          0.0000
          0.0000
          0.0000
          0.0000
          0.0000
         40.6800
        100.9584
        233.7004
        182.1440
        147.9480
         88.2071
         29.2891
         50.2040
         47.4672
          0.0000
          0.0000
          0.0000
          0.0000
          0.0000
          0.3802
         63.6187
        218.3768
         75.3078
          0.0000
         49.0428
        102.0184
         13.1205
          0.0000
         13.7057
        101.4029
         96.3815
         89.3672
          3.9912
          0.0000
         15.4443
         80.4947
         95.2363
        169.5161
        190.3454
        212.2130
        132.4900
         75.3591
        117.5362
        173.7144
          5.6603
          4.0269
          0.0000
          0.0000
          0.0000
          0.0000
          0.0000
          0.0000
          3.4582
        119.5309
        132.8949
        147.7002
        108.6049
         94.1933
        101.4281
        127.0698
        173.0514
        212.5473
        213.0351
        200.4571
        105.9446
         31.6223
         69.3646
        113.0847
         18.5020
          0.0000
          0.0000
          0.0000
          0.0000
          0.0000
          0.0000
          0.0000
          0.0000
          0.0000
          0.0000
         33.0997
          0.0000
          0.0000
          0.0000
          0.0000
          0.0000
          0.4235
         78.7509
        151.8819
         64.4793
         11.5113
         14.9612
         17.5103
         67.4119
        102.7729
        140.0508
        174.3839
          2.2055
          0.0000
          0.0000
          3.6348
          0.0000
          0.0858
         25.9447
         45.1020
          0.0000
          0.0000
          0.0000
          0.0000
          0.0000
          6.3178
         13.0509
          0.0000
          0.0000
         66.0876
         44.9375
         70.7966
         20.9929
          0.0000
         25.9715
         78.5512
         68.1294
         77.6420
          0.0000
          0.0000
          0.0000
          0.0000
          0.0000
          0.0000
          0.0000
          0.0000
          0.0000
         36.0770
         58.7184
        105.3420
         89.8418
         77.8627
          4.8229
          0.0000
          8.5285
         87.1977
          8.3297
          0.0000
          0.0000
          0.0000
          0.0000
          0.0000
         52.7656
         81.3882
         14.2423
         27.0740
        122.0797
        211.5773
        261.5817
        342.7892
        245.3851
        164.1015
        167.9486
        200.4254
        215.7075
        228.6846
         49.0553
          0.0000
          0.0000
         57.1927
          0.0000
         18.7278
          0.0000
          0.0000
          0.0000
          0.0000
          0.0000
          0.0000
          0.0000
         17.2431
          2.0214
          0.0000
          0.0000
         13.7126
          2.9022
         18.8499
         43.1252
         51.8766
         56.6991
         55.9719
         13.7105
          0.0000
         66.2817
        157.5633
        166.9733
        197.5504
        315.7429
        428.1659
        148.7202
         63.2146
         46.6658
         37.4911
         15.7570
          7.7544
          0.0000
          0.0000
          0.0000
          0.0000
          0.0000
          0.0000
          0.0000
          0.0000
          0.0000
          0.0000
         17.5018
         60.7543
         66.9149
         81.2465
         33.7042
          5.4942
          0.0000
          0.0000
          0.0000
          0.0000
          0.0000
         48.6250
          0.0000
          0.0000
          0.0000
          0.0000
          0.0000
          0.0000
          0.0000
         39.2425
         29.2464
         54.8448
          5.8737
          0.0000
          0.0000
          0.0000
          0.0000
          0.0000
         89.9045
        253.4938
        348.9679
        428.3894
        171.4625
         63.3809
         49.5541
         34.8784
          0.0000
          0.0000
          0.0000
          0.0000
          0.0000
          0.0000
          0.0000
          0.0000
          0.0000
          0.0000
          0.0000
          0.0000
          0.0000
          0.6667
         26.7783
         49.4366
          0.0000
         12.8394
        108.8432
        289.5720
        375.2830
        464.2974
        497.8878
        517.3004
        620.3757
        698.9005
        669.2010
        690.9622
        342.7202
         65.6174
          3.8138
          0.0000
          0.0000
          0.0000
          0.0000
          0.0000
          0.0000
          0.0000
          0.0000
          0.0000
        122.5079
        313.5521
        328.6314
        330.9600
        196.0912
         74.7376
        114.0654
        152.7692
        166.4449
        254.3557
        248.1990
        236.5219
         99.1426
          0.0000
         42.9296
         77.7910
         71.8592
         97.2350
          0.0000
          0.0000
          0.0000
          0.0000
          0.0000
          0.0000
          0.0000
          0.0000
          0.0000
          0.0000
          0.0000
          0.0000
         27.1128
        102.5541
          0.0000
          0.0000
          0.0000
          0.0000
          0.0000
         99.1050
          1.7876
          0.0000
          0.0000
          0.0000
          0.0000
          0.0000
         22.1454
        155.0857
        128.6874
        101.3218
          0.0000
          0.0000
          0.0000
         30.8797
         16.6475
         21.1468
          4.1602
          0.0000
          0.0000
          0.0000
          0.0000
          0.0000
          0.0000
         14.4786
         39.1906
         63.3142
          1.4884
          0.0000
          0.0000
          0.0000
         47.7000
        212.7851
        262.6478
        314.2390
        168.2545
         71.6406
        174.4211
        302.6872
        264.1859
        252.0045
        181.3281
        176.1297
          8.8412
          0.0000
          0.0000
         28.4182
          0.0000
          7.7382
         20.3140
         38.8414
          0.0000
          0.0000
          0.0000
          0.0000
          0.0000
          0.0000
          0.0000
          0.0000
          0.0000
          0.0000
          0.0000
          0.0000
          0.0000
          0.0000
          0.0000
          0.0000
          0.0000
          0.0000
         49.4803
        174.2837
        202.1460
        264.5850
        259.0033
        299.3545
        101.5456
          3.1013
         86.4090
        203.3919
         31.3069
          0.0000
          0.0000
          0.0000
          0.0000
          0.0000
          0.0000
          0.0000
          0.0000
          0.0000
          0.0000
          0.0000
         32.1172
        132.4633
        202.6485
        254.5480
        217.8443
        170.8251
        170.0102
        167.7535
        331.5281
        481.7336
        425.0899
        362.8130
        212.0184
         80.7627
        100.0641
        116.1455
         65.0768
         12.7531
         62.6228
        136.3263
        110.4127
         97.3566
        126.9185
        165.0267
         19.4123
          0.0000
          0.0000
          0.0000
          0.0000
          0.0000
          0.0000
          0.0000
          0.0000
          0.0000
          0.0000
          0.0000
          0.0000
          0.0000
          0.0000
          0.0000
          0.0000
         66.3734
         87.2821
        119.0371
        168.8619
        246.1150
        195.6005
        201.0546
        149.2880
        230.2622
        225.1297
        216.0514
        124.2532
         58.5890
         55.3223
         88.2968
        136.4186
        210.0634
        258.1449
        315.3328
        224.5253
        211.9033
        163.0050
        112.3649
         13.3355
         25.1263
         81.9914
        164.9640
        112.5276
         71.9597
         26.8836
         37.2456
         49.4035
         41.8062
         67.9090
         94.8725
        156.0055
        228.1041
        178.9480
        137.5806
         23.1447
          0.0000
          0.0000
         23.4301
         38.9473
         69.0351
        101.5388
        177.8080
        147.4493
        146.5627
        117.4062
         88.2369
         32.9725
          0.0000
         17.4580
         48.6459
         84.1383
        121.4198
         95.6925
         70.0035
          0.0000
          0.0000
          0.0000
          0.0000
          0.0000
          0.0000
         14.6920
         51.6887
         87.3601
        127.8091
         40.5732
         32.3094
         85.8830
        116.9833
        156.4733
        183.4712
        114.4904
         85.7348
         88.3438
         90.4686
          0.0000
          0.0000
         19.9500
        165.2889
        153.1361
        177.3031
        157.3573
        164.2481
        131.3718
         97.6614
         74.7347
         53.8215
          0.0000
          0.0000
          0.0000
          0.0000
          0.0000
         50.4307
         54.0131
         94.4952
         42.1310
          1.9632
          0.0000
          0.0000
          0.0000
          0.0000
          0.0000
          0.0000
          0.0000
         10.4707
          7.4101
         25.8089
          1.7228
          0.0000
          0.0000
          0.0000
          0.0000
          0.0000
          0.0000
          0.0000
          0.0000
          0.0000
          0.0000
          0.0000
          0.0000
          0.0000
         28.2245
         64.6640
        111.4023
        177.0184
        254.0762
        318.3354
        221.8964
        152.9798
        180.0677
        210.1936
         34.1849
          0.0000
          0.0000
          0.0000
          0.0000
          0.0000
          0.0000
          0.0000
          0.0000
          0.0000
          0.0000
          0.0000
          0.0000
          0.0000
          0.0000
          0.0000
         98.7815
        219.0627
        177.0628
        142.9640
          1.1731
          0.0000
          0.0000
         20.5705
         13.1665
         23.3616
         26.4843
         35.7785
          0.0000
          0.0000
          0.0000
          0.0000
          0.0000
          0.0000
         36.9459
         74.6968
          0.0000
          0.0000
          0.0000
          0.0000
          0.0000
          0.0000
          0.0000
          0.0000
          0.2781
         46.7423
         30.9865
         19.4131
         89.8236
        172.8268
        240.5622
        296.3339
        231.7479
        198.5445
        220.3344
        239.6168
        122.2996
          5.4831
          0.0000
          0.0000
          0.0000
          0.0000
          0.0000
          0.0000
          0.0000
          6.3263
         38.4397
         70.0107
         16.0604
          0.0000
          0.0000
          3.3084
          0.0000
          0.0000
          0.0000
          0.0000
          0.0000
          5.7060
         80.4960
        152.5467
         10.2410
          0.0000
          6.5197
        211.1459
         34.9478
          0.0000
          0.0000
          0.0000
          0.0000
         85.1909
         86.0843
        130.8532
         47.4683
          0.0000
          0.0000
          0.0000
         17.2826
         52.3336
         73.9127
         96.6945
         12.6612
         46.6104
         41.5825
         37.3519
          0.0000
          0.0000
          0.0000
         51.9056
         59.8844
         70.7357
         93.6916
        116.2004
          9.7268
          0.0000
          0.0000
          0.0000
          0.0000
          0.0000
          0.0000
          0.0000
          0.0000
         80.9022
        160.7416
        236.0148
        121.9892
         20.8486
          0.0000
          0.0000
          0.0000
          0.0000
         40.5733
         67.6330
          0.0000
          0.0000
          0.0000
          0.0000
          0.0000
          0.0000
          0.0000
         99.2813
        103.5068
        107.8493
        122.8336
        136.3365
         71.6801
          0.0000
         45.6612
        100.6032
         11.1514
         28.1251
         57.7185
         85.3302
          0.0000
          0.0000
          0.0000
          0.0000
          0.0000
          0.0000
          0.0000
          0.0000
          0.0000
         35.1569
        128.3564
        216.6430
        116.2001
        106.6315
         84.1857
         73.2661
          0.0000
          0.0000
          0.0000
          0.0000
          0.0000
          0.0000
          0.0000
          0.0000
          0.0000
         35.3427
         84.1763
        154.7396
        130.3364
        101.8203
        153.5549
        201.6946
        199.0090
        267.9138
        264.4620
        321.3265
        185.9100
         95.4663
         78.1377
         94.0060
          0.0000
          0.0000
          0.0000
         49.0415
          0.0000
          0.0000
          0.0000
         98.2906
         17.7923
          0.0000
         21.7678
        113.2486
         86.2120
         82.4998
        119.9143
        172.5289
         54.6770
          5.2109
          0.0000
          0.0000
          0.0000
          0.0000
          0.0000
          0.0000
          0.0000
          0.0000
          0.0000
          0.0000
          0.0000
          0.0000
          0.0000
          0.0000
          0.0000
          0.0000
          0.0000
          0.0000
          0.0000
          0.0000
         18.5576
         43.4522
         41.3811
         70.3012
         54.1698
         82.6846
         84.8315
         95.6736
         50.0375
         19.4248
          0.0000
          9.0286
          0.0000
          0.0000
          2.7185
         17.6954
         33.8749
         52.2045
         59.7426
         67.7646
        151.4678
        223.0643
        111.5672
         34.7568
         18.6965
          0.0000
          0.0000
          0.0000
          3.1379
         85.2480
         88.6501
         90.9439
         52.4161
         43.1975
          0.0000
          0.0000
          0.0000
          0.0000
          0.0000
          0.0000
          0.0000
         91.9778
         48.5623
         26.4559
         57.5071
        105.5622
         36.0164
          0.0000
          0.0000
          0.0000
          0.0000
          0.0000
          9.7160
         73.5565
          0.0000
          0.0000
          0.0000
          0.0000
         49.1697
        164.0879
        102.7829
         49.7755
          4.9985
         13.0642
         36.5507
         62.7945
          0.0000
          0.0000
          0.0000
          0.0000
          0.0000
          0.0000
          0.0000
          5.1744
         25.3694
         40.9596
         33.5363
         21.6094
         30.3776
         37.6615
         65.8822
         93.2979
         48.2481
          0.0000
         73.3073
        215.6596
         45.1915
          0.0000
          0.0000
         27.9862
         17.5812
          7.3117
          0.0000
          0.0000
          0.0000
          0.0000
          0.0000
          0.0000
          0.0000
         65.6526
         73.9034
        113.8604
         80.9083
         62.6017
         47.9325
         40.5557
         40.3421
         45.3386
         12.3318
          0.0000
          0.0000
         17.6891
          8.0347
         49.8018
          0.0000
          0.0000
          0.0000
          0.0000
          0.0000
         20.6851
          0.0000
         16.4515
          0.0000
          0.0000
          0.0000
          0.0000
         29.8164
         59.0579
         36.3539
         43.7736
         17.7788
         18.8291
          0.0000
          0.0000
         25.4021
         86.4296
         72.2547
        106.6520
         36.4921
          0.0000
          0.0000
          0.0000
          0.0000
          0.0000
         38.0701
         96.8945
         56.1268
         62.0722
         24.4916
          8.7264
         30.2521
         53.7682
         70.9619
         87.5504
          0.0000
          0.0000
          0.0000
          0.0000
          0.0000
          0.0000
          0.0000
          0.0000
          0.0000
          0.0000
          0.0000
          0.0000
          0.0000
          0.0000
          0.0000
          0.0000
          0.0000
          0.0000
          0.0000
         22.3611
         30.7248
         37.3770
          0.0000
          0.0000
          0.0000
          0.0000
          0.0000
          0.0000
         85.1106
        264.7371
        148.0666
         69.4505
         99.3763
        132.5828
         50.7012
          0.0000
          0.0000
          0.0000
          0.0000
          0.0000
          0.0000
          0.0000
          0.0000
          0.0000
          0.0000
          0.0000
          0.0000
          0.0000
          0.0000
          0.0000
          0.0000
          0.0000
          0.0000
          0.0000
          0.0000
          0.0000
          0.0000
          0.0000
          0.0000
          0.0000
          0.0000
          0.0000
          0.0000
          0.0000
          0.0000
          7.8639
          0.0000
          0.0000
          0.0000
          0.0000
          0.0000
          0.0000
          0.0000
          0.0000
          0.0000
          0.0000
          0.0000
          0.0000
          0.0000
         10.5452
          0.0000
         33.9895
        103.1396
        236.4497
         82.3957
          0.0000
          0.0000
          0.0000
         47.0525
        130.8511
        146.4038
        157.1871
         89.1236
         15.8349
         28.8218
         39.8210
         10.5490
          0.0000
          0.0000
          0.0000
          0.0000
          2.2945
          5.4446
         27.4524
         83.4877
        169.4652
        198.5790
        227.9008
         91.7466
         33.1695
          1.0297
          0.0000
         47.6437
        106.9232
        107.6958
        117.1102
         78.0318
         50.8117
         42.0605
         31.4851
          0.0000
          0.0000
          0.0000
         15.5330
          0.0000
          0.0000
          0.0000
          0.0000
          0.0000
          0.0000
          0.0000
          0.0000
          0.0000
          0.0000
          0.0000
          0.0000
         15.7034
         38.6384
          1.3303
          0.0000
          0.0000
          3.6521
          6.6941
         12.5353
          0.0000
          0.0000
          0.0000
         11.1461
         15.0641
         25.2906
         45.6364
         67.3380
         41.7968
         13.5920
          0.0000
          0.0000
          0.0000
          0.0000
          0.0000
          0.0000
          0.0000
          0.0000
          7.1995
         60.6896
         47.5929
         72.8453
         97.1113
        132.1798
         78.2203
         32.9842
         14.1944
         20.0772
          0.0000
          0.0000
         40.7768
         99.2116
         46.4198
         44.0515
          8.8696
          0.0000
          0.0000
          0.0000
          0.0000
          0.0000
          0.0000
          0.0000
          0.0000
          0.0000
          0.0000
          0.0000
          0.0000
          0.0000
          0.0000
          0.0000
          0.0000
          0.0000
          0.0000
          0.0000
          0.0000
          0.0000
          0.0000
          0.0000
         16.7326
         98.8412
        100.1334
        108.8809
         93.1424
         94.5004
         64.6332
         42.9269
         37.2922
         71.6830
        130.4978
        190.5576
        137.7892
         87.4728
         87.4847
         82.8415
         66.8637
         84.9182
         62.7387
         42.3945
          0.0000
          0.0000
          0.0000
          5.9409
          0.0000
          0.0000
          0.0000
          0.0000
         16.3208
         53.8463
          0.0000
          0.0000
          0.0000
          0.0000
         37.9786
         82.4539
         45.3490
         51.2789
          0.0000
          0.0000
          0.0000
         18.4486
         12.1112
          9.5550
         17.5931
         25.3710
         28.2684
         42.3143
         43.5875
         62.2137
         44.8013
         34.4576
         58.7883
         80.9010
         20.1531
          0.0000
          0.0000
          0.0000
          0.0000
         65.7384
         68.4216
         93.1748
         59.1713
         63.3140
         39.1446
         14.5739
         67.5115
        114.3142
         40.8117
          0.0000
          0.0000
         12.6436
          7.1405
          3.6090
        101.2280
        181.9469
        178.8872
        178.2227
         61.6184
          0.0000
          0.0000
          0.0000
          0.0000
          0.0000
         25.0618
         57.2689
          3.0656
          0.0000
          0.0000
          0.0000
          0.0000
          0.0000
          0.0000
         24.6200
         68.5912
        107.0856
        113.3682
        129.7816
        109.3191
         91.5267
         85.8750
         80.5587
          0.0000
          0.0000
          0.0000
          0.0000
         21.1940
        217.5221
        151.6425
         94.5895
          0.0000
          0.0000
          0.0000
          0.0000
          0.0000
          0.0000
          0.0000
          0.4597
          0.0000
          0.0000
          0.0000
         91.0718
        114.8275
        145.7074
         86.4061
         77.7516
         72.3292
        107.6997
         92.1997
         86.5247
         40.1785
         46.2630
         31.8953
         14.1541
         15.6482
          9.5467
          4.8252
         33.2706
         66.3602
        125.1522
         93.1227
         69.5365
         27.8365
          0.0000
          0.0000
         17.8031
         63.4324
        135.6298
        147.0546
        148.8446
         68.5261
         42.2507
         88.8578
        149.4589
        120.2722
         82.5761
         48.2412
         20.4041
          0.0000
          0.0000
          0.0000
          0.0000
          0.0000
          0.0000
          0.0000
          0.0000
          0.0000
          0.0000
          0.0000
          0.0000
          0.0000
          0.0000
          0.0000
          0.0000
          0.0000
         15.9270
          8.2281
         10.3741
         60.9279
        123.5580
        109.1782
         93.9776
          0.0000
          0.0000
          0.0000
          0.0000
          0.0000
          0.0000
          0.0000
          0.0000
          0.0000
          0.0000
          0.0000
          0.0000
          0.0000
          0.0000
          0.0000
         26.0544
         11.9322
          0.0000
          0.0000
          0.0000
          0.0000
          0.0000
          0.0000
          0.0000
          0.0000
          0.0000
          0.0000
          0.0000
          0.0000
          0.0000
          0.0000
          0.0000
          0.0000
          0.0000
          0.0000
          0.0000
          0.0000
          0.0000
          0.0000
          0.0000
          0.0000
         68.7650
         62.1330
         62.3605
         45.2695
        111.7535
        100.1758
         55.6000
        104.5347
        157.0552
        128.2036
         90.4611
         63.1028
         82.6407
         18.1874
          0.0000
          0.0000
          0.0000
          0.0000
          0.0000
          0.0000
          0.0000
          0.0000
          0.0000
          0.0000
          0.0000
          0.0000
          0.0000
          0.0000
          0.0000
          0.0000
          0.0000
          0.0000
         16.6477
         15.3645
         13.4469
         24.3756
         30.5222
         41.5552
         52.6714
          0.0000
          0.0000
          0.0000
         68.0341
        130.3409
        223.7780
        206.3262
        237.9421
         29.2201
          0.0000
          0.0000
         17.8572
        113.7699
        257.1146
        207.3422
        160.3008
         94.7831
         44.1772
         61.3343
        123.8517
        140.4732
        156.1878
        140.3366
        152.0741
         63.8395
          0.0000
          0.0000
          0.0000
         53.6456
        146.6987
        154.5096
        183.9430
         57.0774
          0.0000
          0.0000
          0.0000
          0.0000
          0.0000
          8.2999
          7.5930
         88.9003
        139.1542
        215.5874
        307.0668
        179.8091
         64.7780
         42.6358
         56.6220
         35.5788
         56.1715
        115.5681
        197.5350
        202.9133
        249.5556
        238.1027
        198.0027
         46.4724
         73.4382
          0.0000
          0.0000
          0.0000
          0.0000
          0.0000
          0.0000
          8.8885
         10.5479
          0.0000
          0.0000
          0.0000
          9.9501
         80.8037
        149.6586
         73.9766
         41.1231
         51.8391
         86.3320
        169.2702
        253.0875
        239.3236
        214.5553
        141.7943
        107.2922
         79.1887
         50.8293
         61.8004
         84.0415
         72.2041
         58.8863
         54.4396
         42.4930
         53.4037
         97.8234
        118.2176
        135.9770
         93.5367
         61.2586
         27.9087
         42.3003
          0.0000
          0.0000
          0.0000
          0.0000
          0.0000
          0.0000
         45.2779
        157.5749
         80.7252
         10.0889
          0.0000
          0.0000
          0.0000
          0.0000
          0.0000
          0.0000
          0.0000
          0.0000
          0.0000
          0.0000
          0.0000
          0.0000
          0.0000
          0.0000
          0.0000
          0.0000
          0.0000
          0.0000
          0.0000
          0.0000
          0.0000
          0.0000
          0.0000
          0.0000
          0.0000
          0.0000
          0.0000
          0.0000
          0.0000
          0.0000
          0.0000
          0.0000
          0.0000
          0.0000
          0.0000
          0.0000
          0.0000
         18.9398
         30.2081
         51.0123
         63.7538
         56.6990
         17.5789
          0.0000
          0.0000
          0.0000
          0.0000
          0.0000
          0.0000
          9.5970
          6.4866
         40.9582
          0.0000
          0.0000
          0.0000
          0.0000
          0.0000
         34.1124
          0.0000
         41.0994
         11.2088
         10.4566
          0.0000
          0.0000
          0.0000
          0.0000
          0.0000
         17.7769
         22.7602
         84.1436
         77.4855
         90.8207
         82.1243
         62.7042
          0.0000
         48.1843
          0.0000
          0.0000
          6.2712
        136.1020
        193.5889
        257.8430
        200.9690
        145.2376
        129.9600
        113.3830
         38.5783
         29.4339
         41.4159
         57.7079
         48.7651
         14.7253
          0.3727
         30.0600
          0.0000
          0.0000
          4.2307
         21.9453
         73.1490
        127.3667
         11.8589
          0.0000
          0.0000
          4.5352
          0.0000
          0.0000
          0.0000
         52.0797
          0.0000
          0.0000
          0.0000
          0.0000
          0.0000
          0.0000
          0.0000
          0.0000
         31.6254
        220.8156
        214.6716
        206.6807
        130.9277
         67.3909
          0.0000
          0.0000
          0.0000
         11.9781
          0.0000
          2.4926
          0.0000
         10.7689
          0.0000
          0.0000
          0.0000
          0.0000
          0.0000
          0.0000
          0.0000
          0.0000
          0.0000
          0.0000
          0.0000
          0.0000
          0.0000
          0.0000
          0.0000
          0.0000
          0.0000
          0.0000
          0.0000
          0.0000
          0.0000
          0.0000
          0.0000
          0.0000
          0.0000
          0.0000
          0.0000
          0.0000
         32.7045
         87.3869
        113.0437
        130.9473
        105.3665
        166.3001
         76.8101
          0.0000
         16.1333
         71.3695
         33.7286
         14.1477
         64.7167
        127.1534
          0.0000
          0.0000
          0.0000
          0.0000
          0.0000
         31.0529
         48.6950
        102.7274
          0.0000
          0.0000
          0.0000
          0.0000
          0.0000
          8.5839
          0.0000
          0.0000
          0.0000
          0.0000
          0.0000
          0.0000
          0.0000
         14.1103
         31.1869
         44.5053
          0.0000
          0.0000
          0.0000
          0.0000
         27.4584
         88.9834
         88.2862
         87.9681
          0.0000
          0.0000
          0.0000
          0.0000
          0.0000
          0.0000
          0.0000
         27.8943
         46.6484
         56.8791
         36.0535
         41.3420
         57.6533
         60.2974
         26.0879
          0.0000
          0.0000
          0.0000
          0.0000
          0.0000
          0.0000
          0.0000
          0.0000
          0.0000
          0.0000
          0.0000
          0.0000
          0.0000
          0.0000
         33.6237
          0.0000
         36.2783
          0.0000
          0.0000
          0.0000
          0.0000
         13.4188
         44.2903
         38.2646
         37.5385
          4.4958
         29.0644
          0.0000
          0.0000
          0.0000
          0.0000
         40.5747
        122.2196
         92.5024
         35.9441
         35.2135
         32.5411
          0.0000
         10.9169
          9.5010
         26.4434
         25.3001
         81.6491
         32.6101
          0.0000
          0.0000
          0.0000
          0.0000
          0.0000
          0.0000
         21.0487
          0.0000
          0.0000
          0.0000
          0.0000
          0.0000
          0.0000
          0.0000
          0.0000
          0.0000
          0.0000
         22.1621
        108.6859
         73.2389
         36.2158
          0.0000
          0.0000
          0.0000
          0.0000
         23.5759
         80.7333
         82.7505
         83.2321
          9.7087
          0.0000
          4.1504
         12.7202
          0.0000
         18.5548
          0.0000
          2.1102
          0.0000
          0.0000
          0.0000
          0.0000
          0.0000
          0.0000
          0.0000
          0.0000
        113.0974
        188.1114
        144.8567
         79.6639
         24.5268
          0.0000
          0.0000
          0.0000
          0.0000
          0.0000
          0.0000
          0.0000
          0.0000
          0.0000
          0.0000
          0.0000
          0.0000
          0.0000
          0.0000
          0.0000
          0.0000
         26.3507
          4.3843
          0.0000
          0.0000
          0.0000
          0.0000
          0.0000
          0.0000
          7.2607
          0.0000
          0.0000
          0.0000
          0.0000
          0.0000
          0.0000
          0.0000
          0.0000
          0.0000
          0.0000
          0.0000
          0.0000
          0.0000
          0.0000
         71.4788
        150.6740
         50.3495
         68.8455
          0.0000
         84.2533
        103.0144
        116.2936
        231.6441
        393.3166
        282.0202
        200.2646
         27.5044
          0.0000
          0.0000
          0.0000
          0.0000
          0.0000
         12.4195
         92.3286
          0.0000
          0.0000
          0.0000
          0.0000
          0.0000
         42.3255
         49.2505
         92.4835
          0.0000
          0.0000
          0.0000
          0.0000
          0.0000
          0.0000
          0.0000
          0.0000
          0.0000
          0.0000
          0.0000
          0.0000
          0.0000
          0.0000
          0.0000
         95.4920
          0.0000
          0.0000
          0.0000
          0.0000
          0.0000
        130.1468
        140.9442
        154.3791
         51.3401
         34.0179
         13.4793
          0.0000
          0.0000
          0.0000
         43.0272
        100.9642
          0.0000
          0.0000
          0.0000
          0.0000
          1.5670
         13.4031
         71.8428
        146.0805
          7.0996
          0.0000
          0.0000
          0.0000
          0.0000
          0.0000
          0.0000
          0.0000
          0.0000
          0.0000
          0.0000
          0.0000
         70.2719
        146.2113
         62.3081
         90.8622
         24.0204
         42.4775
          0.0000
          0.0000
         13.0289
        140.9593
        124.0754
        106.2681
         79.5658
        248.7007
        147.0334
         31.0755
          0.0000
          0.0000
          0.0000
         25.9860
         17.1007
         27.7410
          0.0000
          0.0000
          0.0000
          0.0000
          0.0000
          0.0000
          0.0000
          0.0000
          0.0000
          0.0000
          0.0000
          0.0000
          0.0000
          0.0000
          0.0000
          0.0000
          0.0000
          0.0000
          0.0000
         13.3586
          0.0000
         59.5235
         24.5219
          0.0000
          0.0000
          0.0000
          0.0000
          0.0000
          0.0000
          8.7746
         16.8707
          5.2073
          0.0000
          0.0000
         29.7899
        143.0924
        118.8231
         93.1649
         22.2194
          6.2981
          0.0000
          0.0000
          0.0000
          0.0000
         49.6310
        103.6277
        145.3400
        121.2178
         71.0876
         18.3486
         17.0114
         34.5455
         78.6168
        117.7723
        104.1380
         96.6700
          1.4275
          0.0000
         48.5201
        205.3216
        176.2441
        155.0849
        111.6331
         61.4848
         84.0617
        114.8983
        126.1372
        135.0549
        166.9156
        202.5495
        107.5081
          0.0000
         22.3421
         42.1854
        104.7528
        160.3831
         83.8338
         45.3006
          1.6973
          0.0000
          0.0000
          0.0000
          0.0000
          0.0000
          0.0000
         24.8528
          6.5463
          0.0000
          1.8028
         38.0562
         26.1376
         15.0530
         99.7447
        181.2929
         84.9718
          0.0000
          0.0000
          0.6637
          0.0000
          0.0000
          0.0000
          0.0000
          0.0000
        105.5290
          2.4159
          0.0000
          0.0000
          0.0000
          0.0000
         20.4416
          0.0000
          0.0000
          0.0000
          0.0000
          0.0000
          0.0000
          0.0000
         16.3565
        251.1485
        450.1952
        318.0636
        179.3202
        142.8694
        106.6301
         65.5349
         42.2440
        240.3642
        359.6742
        271.8969
        181.8308
        158.4498
        138.5180
        170.5105
        192.9258
        257.3887
        371.4598
        232.3328
         73.5407
         43.4211
         28.9653
         13.9277
          0.4844
         35.6577
         20.9730
          0.0000
          0.0000
          0.0000
          0.0000
          0.0000
          0.0000
          0.0000
          0.0000
          0.0000
          0.0000
          0.0000
          0.0000
          0.0000
         49.2887
         22.0984
         19.9603
          6.1756
          1.6835
         25.6446
         51.1735
         44.5399
        122.9466
         66.4726
          4.0211
          0.0000
          0.0000
        124.7952
        322.3663
        299.3414
        343.6618
        239.2808
        133.7093
        149.2641
        160.6387
         71.8053
          0.0000
         94.7158
        206.2617
        105.0163
          8.2836
          0.0000
          0.0000
         79.5049
        151.0857
         77.2021
         98.2301
        159.5533
        207.7163
        233.0884
        255.1500
         46.9776
          0.0000
          0.0000
          0.0000
         30.2174
         66.3695
          2.5970
          0.0000
          0.0000
          0.0000
          0.0000
          0.0000
          0.0000
          3.3146
          0.0000
          0.0000
         40.9899
         92.3815
        111.4954
        154.6307
         43.5260
          4.9262
          0.0000
          0.0000
          0.0000
          0.0000
          0.0000
          0.0000
         81.1642
        374.3082
        197.5385
         71.7517
         61.1184
         48.0354
         78.1133
        107.6065
         75.6063
        124.6725
         80.9271
         78.8175
        117.9000
        153.6943
        280.2407
        396.4811
        418.9475
        436.1203
        469.3778
        479.8455
        230.9194
         54.2475
        139.0939
        256.0024
         80.4570
          0.0000
          0.0000
          0.0000
          0.0000
         21.4443
         69.3242
        118.4215
        252.6761
        524.0292
        409.8986
        291.0737
        242.0595
        228.3632
        252.2065
        302.4481
        103.9765
         25.3515
          0.0000
          0.0000
          0.0000
          0.0000
          0.0000
          0.0000
          0.0000
          0.0000
          0.0000
          0.0000
          0.0000
          0.0000
         44.5624
        169.2333
         41.8125
          0.0000
          8.6083
        116.8320
          0.0000
          0.0000
          0.0000
          0.0000
          0.0000
        112.6688
         85.0417
         57.9093
         83.7463
        111.6718
        156.7219
        212.0764
        296.2391
        366.3862
        380.7635
        380.5277
        252.0105
        127.8988
        153.4837
        178.7585
         85.1310
         11.1658
          0.0000
          0.0000
          0.0000
          0.0000
         12.0013
         92.3753
        254.1526
        532.4005
        463.0212
        399.3066
        350.0598
        308.9362
        198.7706
        165.0738
          0.0000
          0.0000
          0.0000
          0.0000
          0.0000
          0.0000
          0.0000
          0.0000
         44.7566
        177.4105
        156.3973
        140.5468
        143.0453
        144.6508
        176.9138
        207.5292
        240.1041
        245.8277
        110.8015
          0.0000
          0.0000
          0.0000
          0.0000
          0.0000
         44.9105
        126.4613
        114.1433
         82.6092
         91.6637
         99.0108
         55.0408
         34.6671
         46.3783
         18.3231
         42.0071
         63.9916
         73.8312
         83.8129
        130.7896
        170.3845
         81.4606
          3.7576
          0.0000
          0.0000
          0.0000
          0.0000
          0.0000
          0.0000
          0.0000
          0.0000
          0.0000
          0.0000
          0.0000
          0.0000
          0.0000
          0.0000
          0.0000
          0.0000
          0.0000
          0.0000
          0.0000
          0.0000
          0.0000
          0.0000
          0.0000
         10.5787
          0.0000
          0.0000
          0.0000
          2.9003
        105.0248
        206.3510
        310.7303
        414.8716
        215.3437
         23.7500
         31.0605
         49.1107
         37.2464
         26.5122
         39.5751
         96.9357
         34.0201
          0.0000
          0.0000
          0.0000
         15.1979
         64.3154
        147.0918
        263.0755
        216.3728
        154.0926
        119.2428
        123.6706
        103.3159
         84.7076
         98.6338
        122.3652
        132.6255
        126.8744
         42.6145
          0.0000
         22.6232
         90.6821
         26.9563
         12.0576
         26.0381
        151.0120
        133.1226
        115.2840
        163.4434
        212.3382
        326.4839
        461.6115
        414.0075
        359.2779
        346.2719
        331.4656
        391.8660
        440.1462
        431.8133
        433.7980
        236.2493
         55.8420
          0.0000
          0.0000
          0.0000
          4.8372
          0.0000
          0.0000
          0.0000
          0.0000
          0.0000
          5.1663
         45.8340
         67.5636
        143.1843
        151.4090
        126.0830
         88.9600
        245.9940
        376.6348
        392.3185
        398.7690
        152.5512
          0.0000
          0.0000
          0.0000
         10.7662
        135.1817
        117.8868
         90.2531
          6.8003
          0.0000
          0.0000
          0.0000
          0.0000
          0.0000
          0.0000
          0.0000
          5.6338
         71.8781
         94.8758
        121.5685
        162.5208
        200.5855
        145.7936
        106.4951
        100.5357
        163.8175
        215.8480
        267.0343
        296.7282
        336.8598
        328.2081
        318.6207
        160.7455
         38.7861
          0.0000
          0.0000
          0.0000
          0.0000
          0.0000
          0.0000
        135.4231
        320.9381
        327.6973
        349.3048
         11.5344
         14.2732
          0.0000
          0.0000
          0.0000
          1.8388
          0.0000
          0.0000
          0.0000
          0.0000
          0.0000
          0.0000
         42.5964
        254.2330
        238.5353
        211.0731
        389.8055
        589.4892
        609.4291
        621.9085
        295.9702
         38.7927
         17.1235
          0.0000
         19.5047
         77.7996
         16.8480
         62.8042
         17.4418
          0.0000
         21.8047
         65.3626
         10.2105
         48.4943
          0.0000
          0.0000
          0.0000
          0.0000
          0.0000
          0.0000
          0.0000
          0.0000
          0.0000
          0.0000
          0.0000
         41.1221
         82.7629
        118.2462
        197.9252
        264.7611
        244.5539
        205.5300
        213.0493
        187.9794
        117.0003
         42.2371
        157.9762
        262.3503
        235.4893
        203.2545
        134.3539
         94.4876
        166.0068
        308.3236
        229.7572
        172.5701
         96.7678
         69.3469
        105.8662
        214.1471
        112.2459
         10.1397
         36.0208
         64.4080
        127.9162
        180.5436
         86.3965
          1.5084
          0.0000
          0.0000
          4.1968
        143.5163
         44.9562
         47.0454
        127.3790
        201.2257
        150.7049
         89.5364
          9.9843
          0.0000
         20.6912
         60.4703
         32.1042
         23.0694
         12.5804
         40.2528
         33.9227
         27.1779
         65.5722
        101.7794
          5.3846
          0.0000
          0.0000
          0.0000
         51.2513
        276.0102
        182.5844
        192.6949
         79.0643
         15.8312
         17.2316
         30.2259
         24.0617
         48.2496
         15.6125
         59.3437
         33.9633
         11.5360
          0.0000
          0.0000
          6.0673
         63.5707
         80.5297
         77.9525
        100.3252
        135.6548
        135.6548
         52.4621
         52.4621
        100.7352
        126.7724
        153.1833
        131.2756
         97.0035
          0.9030
          0.0000
          0.0000
          0.0000
          0.0000
          0.0000
          0.0000
         84.0150
        109.6781
        179.7931
         74.3431
        107.3631
          8.9220
          6.6640
         34.7328
         23.9719
          0.0000
          0.0000
         46.5441
        129.9809
        194.6840
        260.1028
        130.4711
         58.9496
         42.6069
         83.7325
        120.7235
        170.3617
        189.5745
        236.3377
         69.3397
          0.0000
          0.0000
          0.0000
          0.0000
         24.4305
         34.5835
         53.9940
        102.4048
        152.8045
         97.5421
         57.6213
         62.0298
         64.9199
         26.0433
         14.5704
         32.7165
         32.5662
         56.7127
         86.6292
         56.4303
         23.6143
         85.0160
        100.2290
        100.9018
        125.5504
        107.3611
        116.2722
        184.3827
        328.5428
        226.2197
        176.7194
         40.0791
          0.0000
          0.0000
          0.0000
          0.0000
         57.6049
         28.7970
          3.3778
          0.0000
          0.0000
          0.0000
          0.0000
          0.0000
         64.2996
         82.3832
         90.1759
          0.0000
          0.0000
          0.0000
          0.0000
          0.0000
          0.0000
          0.0000
          0.0000
          0.0000
         35.7681
          0.0000
          0.0000
          0.0000
          0.0000
          0.0000
          0.0000
          0.0000
        104.1994
         68.2488
          5.4439
          0.0000
          0.0000
          3.8237
         50.2469
          0.0000
          0.9450
          0.0000
          0.0000
          0.0000
          0.0000
          0.0000
          4.2919
         63.4979
         48.1403
         37.1573
         26.5497
        126.6788
        269.3150
        170.7533
        145.0998
         61.5750
          0.0000
          0.0000
          0.0000
          0.0000
          0.0000
          0.0000
          0.0000
          0.0000
          0.0000
          0.0000
          0.0000
          0.0000
          0.0000
          0.0000
          0.0000
          0.0000
          0.0000
          0.0000
          0.0000
          0.0000
          0.1740
          2.0966
          8.3740
         18.3715
         27.0086
          0.0000
          0.0000
          0.0000
          0.0000
          0.0000
          0.0000
          0.0000
          0.0000
          0.0000
          0.1932
         25.5283
          1.7760
         21.4335
         37.9348
         35.0838
         14.9266
          0.0000
          0.0000
         15.6761
         78.4089
         62.8194
         91.2072
        135.0504
        163.1089
        283.1602
        380.6257
        201.7147
         67.6386
         61.0927
         61.0801
          0.0000
          0.0000
          0.0000
          0.0000
          0.0000
          0.0000
          6.0722
         35.0351
          0.0000
          0.0000
          0.0000
          0.0000
          0.0000
          0.0000
          0.0000
          0.0000
          0.0000
        184.7030
         68.4676
          0.0000
          0.0000
          0.0000
          0.0000
          0.0000
          0.0000
          0.0000
          0.0000
          0.0000
          0.0000
          0.0000
          0.0000
          0.0000
          0.0000
          0.0000
          0.0000
          0.0000
          0.0000
         40.7680
         50.5096
         58.9634
         58.0475
         91.2662
        145.2306
        198.2160
        145.9599
         92.1814
         89.3239
        119.5401
        182.0445
        263.3487
        239.4156
        200.5457
        206.2654
        230.2057
        145.8498
        166.2534
        123.3209
         50.9791
        128.1399
        196.1597
        181.8475
        179.5210
        250.9937
        381.5454
        151.9956
          0.0000
          1.8567
         69.8504
        100.7690
        144.2026
        175.5428
        189.2854
          0.0000
          0.0000
          0.0000
          0.0000
          0.0000
          0.0000
          0.0000
         18.6583
          0.0000
          0.0000
          0.0000
          0.0000
          0.0000
          0.0000
          0.0000
          0.0000
          0.0000
          0.0000
          0.0000
          0.0000
          0.0000
          0.0000
          0.0000
          1.3763
         86.4182
        250.2727
        242.9213
        226.2639
         79.0797
          0.0000
          0.0000
          0.0000
          0.0000
          0.0000
          0.0000
          0.0000
          0.0000
          0.0000
          0.0000
          0.0000
          0.0000
          0.0000
          0.0000
          0.0000
          0.0000
          0.0000
          0.0000
          0.0000
          0.0000
          0.0000
          0.0000
          0.0000
          0.0000
          0.0000
          0.0000
          0.0000
          9.3795
         59.1355
        117.2121
        146.1809
        101.0574
         66.0095
         62.6658
         60.7721
         16.7463
          0.0000
          0.0000
         21.7146
          0.0000
          0.0000
          0.0000
          0.0000
          0.0000
          0.0000
          0.0000
          0.0000
          3.4833
        169.5942
        241.8120
        341.7824
        231.6032
        126.9293
         93.7272
         79.5981
        166.6277
        250.7878
        270.0549
        313.5080
        259.4751
        198.5915
         96.2414
          0.0000
          0.0000
          0.0000
          0.0000
          0.0000
        115.2117
        250.1040
        198.8237
        151.1854
        149.2568
        130.6080
        126.0212
        120.6232
        152.5604
        193.3028
        155.8823
        113.9625
         84.0953
         50.5049
         85.1764
        115.9591
         68.6718
        127.0195
        152.5326
        225.9639
        218.9513
        256.9079
        177.3396
        103.4403
         30.1517
          0.0000
          0.0000
          0.0000
          9.3375
         49.5505
         77.7693
        105.5562
          0.0000
          0.0000
          0.0000
          0.0000
          0.0000
          0.0000
          0.0000
          0.0000
          0.0000
          0.0000
          0.0000
          0.0000
          0.0000
          0.0000
          0.0000
          0.0000
          0.0000
         16.2109
         28.3119
         29.0646
          0.0000
          0.0000
          0.0000
          0.0000
          0.0000
         77.7790
        105.9133
         86.2395
         16.2730
          0.0000
          0.0000
         41.6962
        196.4616
        434.9255
        424.5973
        401.0638
        238.7544
         82.7239
        112.8172
        180.1438
          0.0000
          0.3207
          0.0000
          0.0000
          0.0000
          0.0000
          0.0000
          0.0000
          0.0000
          0.0000
          0.0000
         62.4294
        164.1916
        293.3779
        325.7213
        389.0246
        321.4198
        279.4710
        244.5565
        271.1207
        151.7373
        121.8810
        103.3487
         85.3611
        174.8948
        299.6051
        347.7633
        423.9765
        321.8608
        235.7504
        148.0486
         87.0889
        102.8224
        137.0848
         80.2343
         21.3411
          0.0000
          0.0000
         12.5775
         43.3728
         58.7831
          0.0000
          0.0000
          0.0000
          0.0000
         41.9735
        150.6248
        221.0937
        418.3971
        620.2657
        488.5602
        345.7685
        282.8817
        218.0687
        266.9232
        307.7533
        264.8055
        220.2906
        182.1527
        140.0641
         66.8038
         20.3265
         59.8802
         95.3464
        184.2763
        298.6658
        264.5696
        225.7685
        165.9464
        105.0570
        129.9734
        157.4772
        133.0653
        165.6073
        134.4550
        102.7179
         73.5315
         50.5640
        102.0863
        128.2087
         60.0400
         18.3746
          0.0000
          0.0000
          0.0000
         34.6026
         25.5029
         16.5757
          0.0000
          0.0000
          0.0000
          0.0000
          0.0000
          9.0128
         10.5722
          4.0666
          0.0000
          0.0000
          0.0000
          0.0000
          0.0000
          0.0000
          0.0000
          0.0000
          0.0000
        287.0055
        313.9600
        368.7575
        322.9039
        312.0647
        259.6836
        240.3501
        244.2255
        272.0912
        327.2495
        377.1461
        253.4061
        130.6921
        145.9915
        160.4106
         77.5878
         25.2497
         14.6397
         29.4033
        121.3369
        209.2872
        151.7848
        118.1207
        161.9477
        215.2960
        215.0568
        212.9180
        124.8747
         36.5637
          0.0000
          0.0000
          0.0000
          0.0000
          0.0000
          0.0000
          0.0000
          0.0000
          0.0000
          0.0000
          0.0000
         34.4706
         76.1017
        131.3309
        124.5501
        103.2422
        104.5226
        103.5323
         78.3723
         41.0160
         85.0058
        119.4936
         53.6071
         13.7322
         18.0570
         20.0857
         41.3613
         55.3670
         52.5131
         31.7956
          0.0000
          0.0000
          0.0000
         31.3416
         53.3381
        135.8788
        128.2758
        121.4453
         41.3467
         16.5079
         43.4922
         77.9313
         91.3389
        131.7673
         52.6608
          0.0000
          0.0000
          0.0000
          0.0000
          0.0000
         88.8897
        167.1287
        119.6928
         46.9049
          0.0000
          0.0000
          0.0000
          0.0000
         99.2058
        234.5509
        264.7285
        297.8604
        311.4124
        318.7331
        346.4821
        364.5787
        159.9553
          0.0000
          0.0000
          0.0000
          0.0000
          0.0000
          0.0000
          0.0000
          0.0000
          0.0000
          0.0000
          0.0000
          0.0000
          0.0000
          0.0000
          0.0000
          0.0000
         26.6481
         31.6221
         34.9238
         20.3280
          4.2713
         70.9559
        152.4864
        145.8878
        150.6766
        169.2484
        164.4286
        109.8705
         57.3127
         99.8039
         99.0197
         29.9382
         56.7931
        185.5789
        326.4276
         68.5420
          0.0000
          0.0000
          0.0000
         68.8134
        126.1261
         63.1971
          0.0000
          0.0000
          0.0000
          0.0000
          0.0000
          0.0000
         60.6868
         13.7258
          0.0000
         23.5212
         88.7540
        143.4324
        222.2576
         62.8459
         59.5120
         92.7352
        135.6821
         97.3303
        101.4257
          0.4415
          0.0000
         86.5702
        354.6759
        372.0494
        381.6370
        357.7811
        339.3705
        289.5143
        288.7102
         48.8600
          0.0000
          0.0000
          0.0000
          0.0000
          0.0000
          0.0000
         58.8149
          0.0000
          0.0000
          0.0000
          0.0000
          0.0000
         17.3030
          0.0000
         17.1366
         42.3600
         76.5141
        130.5531
        178.3221
         65.4332
          9.2839
         51.3662
         94.9375
         78.5341
         74.4445
         24.5781
          0.0000
          0.0000
          0.0000
          0.0000
          0.0000
          3.8019
         37.2749
          0.0000
          0.0000
          0.0000
          0.0000
          0.0000
          0.0000
         21.7928
        177.2786
        214.1987
        219.1235
        216.0864
        203.3709
        173.4244
        149.2636
        308.8466
        437.0559
        282.0282
        120.0760
         78.7810
         61.3814
         25.5326
          0.0000
          0.0000
          0.0000
          0.0000
          0.0000
          0.0000
          0.0000
          0.0000
          0.0000
          0.0000
          0.0000
          0.0000
          0.0000
          0.0000
         44.0207
         55.1411
         69.2225
         16.5163
          0.0000
          0.0000
          0.0000
        106.5888
        272.7347
        268.2291
        262.7287
        193.2163
        103.0984
        175.8799
        235.4020
        160.7170
         87.9289
         67.3701
         47.4024
         85.9677
        109.0853
        222.1591
        320.8138
        207.8856
         96.9090
         84.8893
         93.9670
         58.8308
         36.8974
         14.4199
          0.0000
         22.8669
         50.9874
         61.2016
         89.0552
         10.2619
          0.0000
          0.0000
          0.0000
          0.0000
          0.0000
          0.0000
          0.0000
         19.9085
        128.5586
        193.0874
        255.6860
        222.1791
        209.7608
        143.9917
         94.1534
         38.4945
          0.0000
         45.4494
         94.8397
        101.3212
        106.5224
         73.4628
         63.5837
          0.0000
          0.0000
          0.0000
          0.0000
          0.0000
          0.0000
          0.0000
          0.0000
          0.0000
         44.8582
        120.1958
        182.1760
         97.1787
         11.9770
          1.0772
         18.6245
          0.0000
          0.0000
          0.0000
         11.2336
         55.0104
         91.8272
        114.8452
        135.7661
         34.2038
          0.0000
          0.0000
          8.4559
          0.0000
          0.0000
          0.0000
          0.0000
          0.0000
          0.0000
          0.0000
          0.0000
          0.0000
          0.0000
         87.0063
        161.0728
         66.1281
         13.1997
          0.0000
          0.0000
          0.0000
         53.7321
        109.0736
        149.4641
        271.8489
        452.7332
        347.0678
        245.9398
        171.8178
         97.9981
        127.8307
        155.1720
        142.4082
        101.8785
        160.8363
        202.0592
         66.2184
          0.0000
         12.0481
         82.1444
         63.4114
         28.8927
         80.2697
        126.1855
          2.8202
          0.0000
          0.0000
         21.5613
         18.6179
         10.7025
         21.8324
         39.2131
         65.5478
         96.4481
         60.3394
         32.8934
         96.5067
        228.0397
        108.6131
          0.0000
        142.7608
        315.5551
        155.0329
         45.9013
          0.0000
          0.0000
          0.0000
          0.0000
          6.2415
         48.8796
         23.3361
         13.9992
          0.0000
          0.0000
          0.0000
          0.0000
          0.0000
         95.7090
         79.7934
         63.9761
         64.5115
         62.2078
         66.1190
         71.6999
         51.8971
         56.7290
         20.6717
          0.0000
         21.5967
         66.2217
        126.9386
        183.4627
        181.9043
        177.2779
        132.3565
        108.9003
         97.9573
         78.7953
        101.9486
        123.9437
         62.4930
          4.9596
          3.4679
          4.5175
         12.6541
         13.6959
          0.0000
          0.0000
          0.0000
          0.0000
          0.0000
          0.0000
          0.0000
         57.6272
        149.2196
        233.9283
        188.2099
        144.0795
        109.2201
         80.9754
          1.6669
          0.0000
          0.0000
          0.0000
          0.0000
          0.0000
          0.0000
         15.4791
         72.9331
        211.6748
        182.6045
        116.5635
          0.0000
          0.0000
          0.0000
          0.0000
         85.5747
        239.2799
         42.4324
          0.0000
          0.0000
          0.0000
          0.0000
          0.0000
          0.0000
         46.8922
         33.4981
         17.3520
          0.0000
          0.0000
          6.8468
         50.8839
          0.0000
          0.0000
          0.0000
          0.0000
          1.1024
        103.6383
         88.5121
         69.8046
          0.0000
          0.0000
          0.0000
          0.0000
          0.0000
          0.0000
          0.0000
          0.0000
          0.0000
          0.0000
          0.0000
          0.0000
          0.0000
          0.0000
          0.0000
          0.0000
         78.4833
        319.7148
        199.6696
         88.0611
        144.6058
        199.5960
        109.5261
         83.5871
         47.3441
         88.1721
         56.3126
         35.8231
         71.2529
        107.4855
        135.9619
        161.9237
         55.2801
          0.0000
          0.0000
          0.0000
          0.0000
          0.0000
          0.0000
          0.0000
         61.1661
        245.8309
        123.4758
         53.4101
         38.5855
         27.2887
         18.7988
         18.0668
         33.6633
         34.3821
          0.2555
          0.0000
          0.0000
          0.0000
          0.5070
          5.5190
         35.7611
         63.0516
         58.8619
         73.2655
         46.8925
         87.8760
         65.7333
         46.0764
          0.0000
          0.0000
          0.0000
          0.0000
          0.0000
          0.0000
          0.0000
         13.9176
         63.8005
        114.9961
         45.2677
          0.0000
          0.0000
          0.0000
         17.8439
         94.6651
         10.8478
          0.0000
          0.8788
         96.1159
          0.5617
          0.0000
          0.0000
         19.7020
         62.2817
        178.9742
        306.5925
        419.5340
        319.0002
        217.3485
        180.7379
        149.7485
        162.7390
        154.8768
        258.1478
        374.5610
        322.7203
        261.9392
        195.8685
        130.6827
         29.2695
          0.0000
          0.0000
          0.0000
          0.0000
          0.0000
          0.0000
          0.0000
          0.0000
         21.3215
         27.5553
         31.0926
         65.2089
        102.7661
        130.3697
        156.1570
        275.5990
        383.3299
        467.0428
        531.2631
        147.1519
          0.0000
          0.0000
          0.0000
          0.0000
         20.1485
          0.0000
          0.0000
          0.0000
          0.0000
          0.0000
          0.0000
          0.0000
          0.0000
         22.0467
         45.7927
          7.0915
          0.0000
          0.0000
         10.1147
         91.4815
        300.0313
        301.1602
        294.1685
        206.6107
        175.2737
        135.1989
        115.5360
         66.6163
         57.5850
         56.1284
         61.6150
         87.7363
        114.6979
        108.7888
         98.2361
         33.4675
          0.0000
          0.0000
          0.0000
          0.0000
          0.0000
          5.0559
         23.0118
        107.1928
        221.8445
        290.0632
        341.9477
        318.6586
        284.6529
        206.7011
        128.4837
        144.9203
         86.3305
          0.0000
          0.0000
          0.0000
          0.0000
          0.0000
          3.5662
         14.9664
         18.5270
          6.1542
          0.0000
          0.0000
          0.0000
         43.6396
        115.4094
        187.7559
        290.1681
        198.2276
        133.9068
         72.4873
         19.6932
         28.5279
         31.9634
        113.5921
        192.0460
        151.1250
         98.9123
        110.8074
        120.0961
         75.8546
         42.3652
         89.9216
        126.6990
        120.6451
        108.0632
         96.5582
        113.4098
         95.8213
         66.8716
        103.4668
        189.7709
         72.4410
          0.0000
          0.0000
          8.4417
         34.1432
         65.6275
         60.9156
         47.6418
          7.1547
          0.0000
          0.0000
          0.0000
          0.0000
          9.2819
         33.1523
         61.9748
         81.1550
         91.2829
         73.7935
         65.7945
         60.3195
         56.0831
         68.0256
         75.5684
         71.0421
         77.0567
         48.1176
         36.0709
         38.2103
         30.7367
          0.0000
          0.0000
          0.0000
         49.6135
         83.1351
        112.5159
        113.0890
        116.8666
         14.8306
          0.0000
          0.0000
         42.6706
          0.0000
          0.0000
          0.0000
          0.0000
          0.0000
         15.2305
          0.0000
          0.0000
          0.0000
         21.5410
         42.8623
         64.4739
         41.4271
         27.8447
          0.0000
          0.0000
         70.9014
        161.3703
        190.8544
        233.9044
        174.3900
        110.9261
        113.3906
        114.6641
         60.3262
         78.6866
         12.3096
          0.0000
          0.0000
          0.0000
          0.0000
          0.0000
          0.0000
          4.8502
          0.0000
          0.0000
          0.0000
          0.0000
          0.0000
          0.0000
          0.0000
         34.8234
         70.4337
        122.4435
        139.1876
        147.6447
         73.4339
          3.9509
          0.0000
          0.0000
         17.2821
         42.2471
         60.6228
        101.7857
         99.9851
         96.5230
         89.7945
         81.9966
         77.9078
         86.1448
        164.1230
        276.0984
        273.0461
        266.1053
        155.7562
         76.8932
         26.2993
          0.0000
          5.9724
          5.7602
          0.0000
          2.0068
          0.0000
          0.0000
          0.0000
          0.0000
          0.0000
          6.4458
         34.3690
         74.4879
         65.2220
         53.9034
         93.5420
        138.6924
        147.5689
        153.3835
        122.5806
         92.7170
         65.7669
         29.4326
         59.4863
         90.6267
         99.3708
         99.9196
        116.6007
        142.6096
         83.2904
         71.8460
         27.7511
          4.6383
          0.0000
         67.1835
         18.2741
          0.0000
         34.2020
        104.2314
         80.7260
         56.9298
          0.0000
          0.0000
          0.0000
          0.0000
          0.0000
          0.0000
          0.0000
         17.6318
         51.4003
         73.5544
         92.9017
        120.4187
         91.8014
         96.4920
         94.2485
         83.5633
         59.2809
         34.0649
          0.0000
          0.0000
          0.0000
          0.0000
          0.0000
          0.0000
         24.7411
         61.2513
          0.0000
          0.0000
          0.0000
          0.0000
          2.1593
          6.9450
          7.3428
         11.4200
          0.0000
          0.0000
          0.0000
          0.0000
          0.0000
          0.0000
          0.0000
         41.6542
         40.3212
         29.6481
         91.4081
        196.5882
        120.2251
         82.3087
         51.7846
          5.9834
          0.0000
          6.2936
         21.1806
         31.7315
          0.0000
          0.0000
         25.2709
         88.0816
         18.3153
          0.0000
         16.6329
         57.4226
         41.6200
         48.4232
         75.7479
         71.0390
         53.8409
         38.3766
          7.9700
          0.0000
          0.0000
          0.0000
         69.6583
        124.5888
         77.5122
         80.9689
         51.9144
         17.9720
          0.0000
          0.0000
          0.0000
         13.1558
          0.0000
          0.0000
          0.0000
          0.0000
          0.0000
          0.0000
          0.0000
         39.8881
         69.8999
         83.8827
        148.4974
        211.7161
        157.4750
        104.0499
        137.7834
        169.9216
        134.0272
         91.6593
         89.7331
         89.2771
         30.4189
          0.0000
         50.5708
        122.5250
        134.9148
        146.1893
        216.8870
        297.9976
        180.0344
         95.7168
         52.0991
         48.6991
         71.0113
        105.8918
        111.8669
        132.2869
         36.3445
          0.0000
         43.7321
         79.6454
         47.8895
          7.7250
         18.4845
         29.4598
         20.6974
         10.8218
         35.9558
         49.3228
          0.7031
          0.0000
          0.0000
         26.5954
         32.2002
         37.7588
         99.5650
        140.6317
        107.9244
         85.4494
         58.6936
         35.0617
         22.5118
         19.2118
         52.5319
         48.3630
         32.7423
          1.8543
         25.8641
         63.3967
         11.7063
          0.0000
         64.3635
        171.7138
         23.6953
          0.0000
          0.0000
          0.0000
          0.0000
          0.0000
          0.0000
         10.4103
          0.0000
          0.0000
          0.0000
          0.0000
          0.0000
          0.0000
          0.0000
         12.9007
          1.2155
          0.0000
          0.0000
          0.0000
          0.0000
          0.0000
         16.4628
         41.8450
         49.7252
         56.6886
         22.0028
         27.2553
          6.7964
         19.5733
         26.7863
         31.5183
         22.9984
         15.6803
          0.0000
          0.0000
          0.0000
          0.0000
          0.0000
         15.2212
         22.7921
         56.2512
        124.3605
        195.1063
        164.0737
        143.1920
         50.6736
          0.0000
          0.0000
          0.0000
          0.0000
          0.0000
          7.9380
         15.7928
         49.0227
         56.8162
         16.5353
          0.0000
         11.0748
         43.7234
         56.0477
         68.4592
         57.1771
         43.2303
         50.8635
         60.4093
         21.8187
          0.0000
          0.0000
          0.0000
         15.5734
         23.1844
         41.9351
         57.4430
          0.0000
          0.0000
          0.0000
          0.0000
         21.5741
        210.6418
        308.9977
        410.4090
        193.6065
        106.5873
        108.1052
        162.8640
        192.1285
        182.9186
        141.3513
         86.8287
         73.8614
        100.6144
         68.7127
         72.0395
         73.5922
         63.8624
         84.7903
        108.3879
         46.0074
          0.0000
          0.0000
          0.0000
         25.0579
        107.3491
         93.4087
         97.6997
        118.5023
        233.4093
        131.4870
         60.5359
        115.6278
        153.0063
        120.0148
         85.0474
         52.6033
         15.5511
          0.0000
          0.0000
          0.0000
          0.0000
          0.0000
          0.0000
          0.0000
          0.0000
          0.0000
          0.0000
         62.5655
        167.0332
        129.0896
         98.5420
         45.8380
          0.0000
          0.0000
          0.0000
          0.0000
         19.7327
         58.5012
        105.8936
        115.7567
        179.2702
        116.5739
         96.1420
         41.5987
         10.5096
          0.0000
          0.0000
          0.0000
          2.5875
          0.0000
          2.5157
         20.4111
         22.5033
          2.6684
          0.0000
          0.0000
          0.0000
          0.0000
          0.0000
          0.0000
          0.0000
          0.0000
          0.0000
          0.0000
          0.0000
          0.0000
          0.0000
         34.5891
         74.4227
         49.7831
         25.2993
          0.0000
          0.0000
          0.0000
          0.0000
          7.5826
          5.7015
         23.2463
         38.2583
         27.1189
         22.8183
          0.0000
          0.0000
         17.0980
         55.9153
         57.7424
         72.4591
         27.8743
          0.9946
         32.3014
         62.8837
         56.0989
         58.7697
         36.3920
          5.3634
          0.0000
          0.0000
          0.0000
          0.0000
          0.0000
          0.0000
          0.0000
          0.0000
          0.0000
         15.6020
          9.5269
          2.0860
         26.4073
        101.2462
        163.6708
        195.0107
        195.4759
        208.9957
         68.3201
          0.0000
          9.9944
         75.1964
          0.0000
          0.0000
          0.0000
          0.0000
          0.0000
          0.0000
          0.0000
          0.0000
          0.0000
          0.0000
          0.0000
          0.0000
          0.0000
          0.0000
          0.0000
          0.0000
          0.0000
          0.0000
          0.0000
          0.0000
          0.0000
          0.0000
         13.9193
         22.2780
         32.8812
         36.4461
          0.0000
          0.0000
          0.0000
          0.0000
          0.0000
          0.0000
          0.0000
          0.0000
          0.0000
          0.0000
          0.0000
          0.0000
         12.3865
         55.0392
          0.0000
          0.0000
          0.0000
          0.0000
          0.0000
          0.0000
          4.1205
         18.1383
          0.0000
          0.0000
          0.0000
          0.0000
          1.4981
         44.8959
         83.7581
        119.8176
        174.5828
        224.3167
         80.3154
          2.4821
          0.0000
          0.0000
         33.9006
         61.1090
         10.5534
          0.0000
          0.0000
         12.7566
          0.0000
          0.0000
          0.0000
          0.0000
          0.0000
          0.0000
          0.0000
          0.0000
          0.0000
          0.0000
          0.1770
         19.7201
          0.0000
          0.0000
          0.0000
          0.0000
          0.0000
          0.0000
         24.0354
         70.7605
          0.0000
          0.0000
          0.0000
          0.0000
          0.0000
         19.9913
         16.7093
         70.7711
         13.8239
          0.0000
          0.0000
          0.0000
          0.0000
          0.0000
          9.5757
         51.9885
         35.4849
         17.3580
          0.0000
          0.0000
          0.0000
          0.0000
          8.2776
         21.1627
          0.0000
          0.0000
          0.0000
          0.0000
          0.0000
         19.0894
         11.7977
          0.0000
          0.0000
          0.0000
          0.0000
          0.0000
          0.0000
          0.0000
          0.0000
          0.0000
          0.0000
          0.0000
          0.0000
          0.0000
          0.0000
          0.0000
          0.0000
          0.0000
          0.0000
          0.0000
          0.0000
          0.0000
          0.0000
          0.0000
         17.6572
         76.3050
         67.7821
         53.6570
         36.2944
         94.6997
         71.2910
        124.9493
         71.1627
         33.5427
        124.4317
        216.0833
        143.6562
        137.3238
         52.5949
         22.4736
         38.1254
        280.2123
        292.9792
        292.4702
         25.6130
          0.0000
          0.0000
          0.0000
          0.0000
         29.6269
          0.0000
          0.0000
          0.0000
          0.0000
          0.0000
          2.6528
         18.8344
         20.8637
         40.7144
         48.2560
         57.8616
         82.7480
        111.5089
        159.7827
        176.9081
        337.4205
        348.1810
        352.6531
        223.2428
        103.2108
        121.3008
        140.3099
         85.4542
        123.3156
         15.2004
          0.0000
          0.0000
         34.2902
         35.0076
         58.9757
         90.9497
        129.4499
        124.0941
        120.1872
         58.9538
         14.3961
         12.7486
         10.0201
          0.0000
          0.0000
          0.0000
          0.0000
          0.0000
          0.0000
          3.1570
         39.1978
         82.6923
        107.8151
         92.3957
         74.8852
         50.4974
         19.8683
         84.0576
        149.1945
        104.3217
         83.0632
         41.9414
         12.2805
         79.7429
        162.1681
        112.0003
        122.2413
         33.5357
          0.0000
          0.0000
          0.0000
          0.0000
          0.0000
          0.0000
          5.1170
         34.5372
         61.0669
          4.1966
          0.0000
          0.0000
         14.7844
         40.4369
         65.6390
         68.7302
         72.6896
         80.1111
         95.2209
         28.6189
          0.0000
          0.0000
          0.0000
          0.0000
          0.0000
          0.0000
          0.0000
          0.0000
          0.0000
          0.0000
          0.0000
          0.0000
          0.0000
          0.0000
          0.0000
          0.0000
          0.0000
          0.0000
          0.0000
          0.0000
          0.0000
          0.0000
          0.0000
          0.0000
          0.0000
          0.0000
          0.0000
          0.0000
          0.0000
          0.0000
          0.0000
          0.0000
          0.0000
          0.0000
          0.0000
          0.0000
          0.0000
          0.0000
          0.0000
          0.0000
          0.0000
          0.0000
          0.0000
          0.0000
          0.0000
          0.0000
          0.0000
          0.0000
          0.0000
          0.0000
         26.2465
          2.8810
          0.0000
          0.0000
          0.0000
         13.3426
         68.7027
         67.0732
          0.0000
          0.0000
         90.1457
         63.3039
         72.0476
         50.8323
         34.8713
          5.4172
         22.4288
          0.0000
          0.0000
          0.0000
          0.0000
          0.0000
          0.0000
          0.0000
         40.6943
         51.2515
         78.6092
         80.2123
        102.4416
         49.9043
         22.4297
          0.0000
         28.4316
         43.5921
         32.4603
          0.0000
          0.0000
          0.0000
          0.0000
          0.0000
          0.7532
         55.3563
         80.1252
          1.9260
          0.0000
          0.0000
          0.0000
          0.0000
          0.0000
          0.0000
          0.0000
          0.0000
          0.0000
          0.0000
          0.0000
          0.0000
          0.0000
          0.0000
         78.7851
          0.0000
          2.4949
          0.0000
          0.0000
          0.0000
          0.0000
          0.0000
          0.0000
          0.0000
          0.0000
          0.0000
          0.0000
          0.0000
          0.0000
          0.0000
         17.7384
          0.0000
          0.0000
          0.0000
          0.0000
          0.0000
          0.0000
          0.0000
          0.0000
          0.0000
          0.0000
          0.0000
          0.0000
          0.0000
          0.0000
          0.0000
         16.2729
         52.2209
         54.6393
         32.1653
          0.0000
          0.0000
          0.0000
          0.0000
         28.7636
          0.0000
          0.0000
          0.0000
          0.0000
          0.0000
         28.8393
         12.6189
          0.0000
          0.0000
          0.0000
          0.0000
          0.0000
          0.0000
          0.0000
          0.0000
          0.0000
          0.0000
          0.0000
          0.0000
         49.7785
          0.0000
          0.0000
          1.0807
          0.0000
          0.0000
          1.5302
          0.0000
          0.0000
          0.0000
          0.0000
          0.0000
          0.0000
          0.0000
          0.0000
          0.0000
          0.0000
          0.0000
          0.0000
          0.0000
         12.8599
          0.0000
          0.0000
          3.1892
         31.2296
         67.1796
        103.3822
         13.1131
          0.0000
          0.0000
          0.0000
          0.0000
          0.0000
          0.0000
         26.1827
         17.5328
          0.0000
          0.0000
          0.0000
          0.0000
          0.0000
          0.0000
          0.0000
          0.0000
          0.0000
          0.0000
          0.0000
          0.0000
          0.0000
          0.0000
          0.0000
          0.0000
          0.0000
          0.0000
          0.0000
          0.0000
          0.0000
          0.0000
          0.0000
          0.0000
         28.8129
          0.0000
         10.3654
         36.3598
        130.6057
        136.4086
        159.9668
         96.4883
         45.0434
         11.2214
          0.0000
         37.9394
         74.3786
         52.7368
         38.7283
          4.6175
          0.0000
          0.0000
          0.0000
          0.0000
          0.0000
          0.0000
          0.0000
          0.0000
          0.0000
          0.0000
          0.0000
          0.0000
          0.0000
          0.0000
          0.0000
          8.3938
        200.2672
        111.5395
        114.0983
        116.7368
        130.2087
        195.8711
        259.9935
        147.0316
         14.0408
         23.8332
         29.1164
         93.4181
        168.2296
        117.5760
        102.9766
         28.4713
         72.6060
          3.9062
          0.0000
          0.0000
          0.1381
         89.7904
        199.6528
         78.0010
          0.0000
          0.0000
          0.0000
          0.0000
         16.3994
          1.9134
          0.0000
          0.0000
          0.0000
          0.0000
          0.0000
          0.0000
          0.0000
          8.3085
         34.2085
         48.8318
         28.4969
          6.6541
          0.0000
          0.0000
          0.0000
          0.0000
          0.0000
          0.0000
         33.2126
         16.6058
          0.0000
          0.0000
          0.0000
          0.0000
          0.0000
          0.0000
          2.0715
         14.9716
         25.4115
          0.0000
         42.3965
          0.0000
          0.0000
         24.1760
         43.5527
          0.0000
          0.0000
          0.0000
          0.0000
          0.0000
         37.3965
        118.6467
        112.3138
         13.8086
          0.0000
          0.0000
          0.0000
        118.6716
        199.4319
        133.8066
         31.6777
         20.3567
          7.7504
          0.0000
          0.0000
          0.0000
          0.0000
          3.0987
        225.6856
        165.0903
        160.1023
          0.0000
          0.0000
         11.7407
        103.5244
         90.5420
         84.3857
          0.0000
          0.0000
          4.5111
         73.1304
         44.4339
         77.6295
        104.9094
         83.2751
          0.0000
          0.0000
          0.0000
          0.0000
         32.3022
        115.9896
        279.5491
        319.4962
        204.3874
        138.7706
        170.5351
        174.6765
        185.2512
        215.6547
        264.4812
        282.4480
        240.3909
        182.2563
        152.7570
        257.9218
        228.6254
        326.3310
        201.4142
         64.6786
         12.0029
          0.0000
          0.0000
          0.0000
          0.0000
         10.8755
          0.0000
          0.0000
          0.0000
          0.0000
          0.0000
          0.0000
          0.0000
         49.0059
         16.8707
          0.0000
          0.0000
          0.0000
          0.0000
         55.7769
         79.9158
         40.8492
         21.6146
          0.0000
          0.0000
          0.0000
          0.0000
          0.0000
          0.0000
         30.6179
         15.3303
          0.0000
          0.0000
          0.0000
          0.0000
          0.0000
          0.0000
          0.0000
          0.0000
          0.0000
          0.0000
          0.0000
          0.0000
          0.0000
          0.0000
         17.1949
         82.8690
        176.9565
        251.7532
        228.2400
        110.2626
         23.5088
         55.7364
         87.6049
        151.1900
        401.0386
        261.0956
        140.3617
        168.5477
        199.4083
        241.9202
        324.8728
        344.3360
        364.5515
        264.5229
        164.5568
         91.1362
         44.0461
         80.0322
        111.3765
        202.4451
        283.2379
        209.8898
        118.4298
        130.6697
        139.0649
        242.2736
        348.2270
        175.7885
          0.0000
          0.0000
          0.0000
          0.0000
          0.0000
          0.0000
         86.8434
         87.6436
         82.4569
         73.8867
         60.9200
         39.1974
         70.6626
         50.3603
         95.7437
          0.0000
          0.0000
          0.0000
          0.0000
          0.0000
          0.0000
          0.0000
          0.0000
          0.0000
          0.0000
          0.0000
          0.0000
          0.0000
          0.0000
          0.0000
          0.0000
          0.0000
        307.7626
        226.1254
        160.6776
        224.3183
        285.2427
        216.9029
        184.4905
         34.3423
          0.0000
          0.0000
          0.0000
          0.0000
          0.0000
         12.4771
         60.2204
        132.8718
        241.4912
        244.7472
        241.8638
         82.4660
         90.0475
         73.4160
         30.1414
         12.5405
          0.0000
          0.0000
          0.0000
          0.0000
          0.0000
          0.0000
          0.0000
          7.9176
         40.0684
          2.1794
          0.0000
          0.0000
          0.0000
          0.0000
         30.4309
         30.0561
          3.9550
          7.2358
          0.0000
          0.0000
          0.0000
          0.0000
         34.7661
         11.2513
          0.0000
          0.0000
          0.0000
          0.0000
          5.5906
          7.2190
         14.5215
          2.6578
          0.0000
          0.0000
          0.0000
          0.0000
          0.0000
          0.0000
          0.0000
          0.0000
          0.0000
          0.0000
          0.0000
          0.0000
          0.0000
          0.0000
          0.0000
          0.0000
          0.0000
          0.0000
          0.0000
          0.0000
          0.0000
          0.0000
          0.0000
          0.0000
          8.1051
         47.8141
         77.1735
        119.6570
        157.1124
        144.7618
        134.7196
         34.7910
        101.0812
        146.7858
        253.2686
        172.9384
        116.3251
         64.5378
         18.7015
        107.0172
        229.0752
        160.0895
        124.9882
        128.9476
        168.4333
        108.0528
        175.6769
        197.5884
        345.7322
        337.5890
        305.2884
        209.2936
        134.9913
        189.0168
        240.6403
        119.5880
        101.3256
         18.2141
          0.0000
         32.7449
        119.2023
         64.7846
         41.8902
          0.0000
          0.0000
          0.0000
          0.0000
          0.0000
          0.0000
          0.0000
          0.0000
          0.0000
          0.0000
          0.0000
          0.0000
          4.5725
         30.3749
        110.1586
        183.8435
        160.6078
        133.4042
         74.5724
         14.5755
         22.9243
         97.6078
         18.0036
         65.4314
         16.2694
          0.0000
         25.2563
         84.8400
          0.0000
          0.0000
          0.0000
          0.0000
         22.7907
         96.1676
          0.0000
          0.0000
         98.7737
        251.4166
        265.6750
        280.7307
        177.4111
         23.9418
          0.0000
          0.0000
          0.0000
          0.0000
          0.0000
          0.0000
          0.0000
          4.4938
          0.0000
          0.0000
          0.0000
          0.0000
          0.0000
          0.0000
          0.0000
         12.2293
          0.0000
          0.0000
          0.0000
          0.0000
          0.0000
          0.0000
          0.0000
          0.0000
          0.0000
          0.0000
          0.0000
          0.0000
          7.9426
        145.2979
         73.6193
          0.7770
         16.2049
         29.0637
          0.0000
          0.0000
          0.4212
         32.7849
         34.6293
         36.3926
         23.0934
         54.5905
          0.0000
          0.0000
          0.0000
          0.0000
          0.0000
         55.8927
          0.0000
          0.0000
          0.0000
          0.0000
          9.8194
         27.9877
          0.0000
         11.4008
          0.0000
          0.0000
          8.5150
         85.5269
         15.2192
         62.1829
          5.8642
          0.0000
          0.0000
          0.0000
          0.0000
          0.0000
          0.0000
          0.0000
          0.0000
          0.0000
          0.0000
          0.0000
          0.0000
          8.0362
          0.0000
          0.0000
          0.0000
          0.0000
          0.0000
          0.0000
          0.0000
          0.0000
          0.0000
          0.0000
          0.0000
         27.7109
          0.0000
          0.0000
          0.0000
          0.0000
          0.0000
          8.5833
          0.0000
         52.0041
         53.6646
         53.0787
         24.7984
          0.0000
         81.4420
        156.4361
         36.0307
         52.8666
          0.0000
          0.0000
          0.0000
         13.3498
         21.3662
         58.1570
          0.0000
          0.0000
          0.0000
          0.0000
          0.0000
         48.1268
          0.0000
          9.4154
          0.0000
          0.0000
          0.0000
          0.0000
          0.0000
          0.0000
          0.0000
         35.3538
          0.0000
          0.0000
          0.0000
          0.0000
          9.5745
        109.9706
        138.3950
        138.6169
         76.1858
          6.4029
         18.3586
         23.5036
          9.6301
         77.9749
         76.1155
         51.9668
          0.0000
          0.0000
          0.0000
          0.0000
          0.0000
        171.6360
        165.6611
        179.8801
          0.0000
          0.0000
          0.0000
          0.0000
          0.0000
          0.0000
          0.0000
          0.0000
          0.0000
          0.0000
          0.0000
          0.0000
          0.0000
          0.0000
          0.0000
          0.0000
          0.0000
          0.0000
          0.0000
          0.0000
          0.0000
         30.4302
         38.0482
         40.1723
         35.0487
         11.8191
         10.9467
         19.1364
         28.0101
         43.1012
         96.5170
        155.7113
         52.6994
          0.0000
          0.0000
          0.0000
          0.0000
          0.0000
          0.0000
          0.0000
          0.0000
          0.0000
          0.0000
          0.0000
          0.0000
          0.0000
          0.0000
          0.0000
          0.0000
         10.8353
          0.0000
          0.0000
          0.0000
          0.0000
          0.0000
          0.0000
          0.0000
          0.0000
          0.0000
          0.0000
          0.0000
         29.0603
         96.3957
        168.2369
         81.7802
         29.1282
          0.0000
          0.0000
          0.0000
          0.0000
          0.0000
          0.0000
          0.0000
          0.0000
          0.0000
          0.0000
          0.0000
          0.0000
          0.0000
          0.0000
          0.0000
          0.0000
          0.0000
          0.0000
          0.0000
        150.0499
        129.8870
        105.8132
          0.0000
          0.0000
          0.0000
          0.0000
          0.0000
        103.3885
          0.0000
          6.1467
          0.0000
          0.0000
          0.0000
          0.0000
          0.0000
          0.0000
          0.0000
          0.0000
          0.0000
          0.0000
          0.0000
          0.0000
          0.0000
         25.5572
         16.8505
         14.5953
          0.0000
          0.0000
          0.0000
