        -52.4862
        -52.4862
        -56.5340
        -35.1811
        -48.3793
        -16.6847
         18.7918
          1.6609
        -19.3079
          7.8642
        -55.7188
         -4.4644
        -22.9109
        -24.9924
         11.6576
         19.1554
         10.9901
         14.4842
        -25.7638
        -18.3361
        -56.8601
        -24.9340
         37.1216
         18.5286
        -46.3846
        -43.4780
        -81.7585
        -74.7879
        -75.2857
        -86.9228
       -100.7980
        -33.5881
        -35.4768
         23.9009
         28.1010
         -1.4210
        -33.9560
         37.6071
        165.0500
         17.7054
        -46.0751
         -2.9678
        -10.1887
        -40.0078
        -94.6514
        -32.1351
        113.1702
         87.8977
         13.4190
          8.4861
         -2.5509
        -42.8956
         -9.7831
        121.7803
        228.4726
         92.6338
         29.0061
         44.9305
         50.1985
         33.9647
         60.4245
         82.2614
        197.4780
        170.6972
         28.9538
         23.6883
          8.8442
        -46.9008
        -57.3309
          5.0810
         42.4553
         17.1856
        -76.5952
        -77.7390
        -13.5382
         95.3404
         25.5710
        -37.4211
         65.9332
        311.3042
        409.4009
        267.5505
        142.6423
         26.4989
        -44.3512
        -38.4329
         22.3410
         -4.6379
        -59.6442
         -2.2829
        -34.0193
        -54.5566
        -70.0871
         -1.5401
        143.5360
        133.1866
         44.3010
        144.8330
        284.9883
        387.2448
        112.7858
        -81.5670
       -100.8702
        -27.5417
         -8.6823
         -2.0815
         -8.5333
        -25.1899
        -53.6911
         -7.4133
        106.4817
         78.2791
         78.1270
          3.4349
        -24.7135
        -82.0603
       -137.5483
        -80.6301
         52.4688
         36.3750
       -127.6693
       -102.0413
        -68.1296
        -39.1803
        -64.3276
        -21.7008
         61.3419
         22.5164
        -30.9198
        -33.9744
        -68.4338
        -48.2793
        -71.5298
        129.5266
        123.3927
          1.3961
        -33.2384
          1.0157
        -14.2733
        -41.4654
         -7.6199
        319.5038
        153.7133
          7.9652
        -30.3757
        -19.7401
        -20.9207
         -1.9912
         67.1805
        196.2198
         84.1618
        -19.0398
        -64.2590
         34.1525
         73.5856
        -22.7655
        -62.7610
        -39.2647
         12.4903
         31.0699
        -10.9891
         82.9852
         24.2109
          1.8705
        -63.1533
        -32.1357
          2.4145
        -15.6820
        -26.2365
          2.5942
        -15.5161
        -38.6299
        -54.9016
        -33.1633
         -1.3624
         -7.0004
        -51.4296
        -30.7818
        -34.5714
        -45.1215
        -68.1154
        -16.0547
         73.4208
        105.9728
        -22.3080
        -43.2307
        -38.0676
        -29.4832
        -64.7495
         -9.5434
         99.7709
        -12.7729
        -45.5507
        -29.9469
         10.8991
        -12.8508
        -84.3482
        -67.5177
         33.0405
         22.1006
        117.5552
        215.3895
        175.3817
         99.6355
       -109.2974
        -74.6638
        112.2067
        129.2320
         13.2699
        -36.1308
        -41.3813
        -47.9970
        -72.2219
        -53.2050
        181.7906
        180.4485
         32.9143
         39.1333
         36.9404
         17.3412
        -26.9902
        -33.3550
        111.1832
        137.0668
          0.5243
         24.3819
        -16.8168
        -43.3531
        -35.7048
        -49.4790
        -17.6185
        -73.1625
        -96.6141
        -69.6027
          0.0000
        -20.3788
        -26.5757
        -26.2815
         -2.3380
        -38.4651
        -51.4041
        -15.8127
          1.8181
        -39.7890
        -75.0245
        -12.6965
        107.2583
         66.4074
        -27.4157
        -20.2065
        -46.1669
        -57.5220
        -68.7145
        -24.5312
        131.3804
         56.6509
        -33.5693
        -30.1418
        -42.3668
        -17.3778
         38.6747
          9.2916
         67.3801
         -5.5142
        -54.0524
        -32.6387
        -20.6013
         -2.8891
        -32.0534
        -15.4448
         51.5779
        134.3740
        223.5315
        198.6919
        113.0822
         24.0175
        -62.9442
        -40.4726
         49.9774
        131.2549
        -31.8385
        -36.7618
        -36.3316
        -27.7128
        -78.1128
        -77.2330
         12.7013
        432.0774
         41.9534
         89.2767
         78.8775
         -6.2123
        -77.2971
        -60.1667
        199.1009
         86.5765
        -32.5626
        -43.1423
        -11.9246
          0.4170
          3.9872
        458.7240
        558.1447
        197.8018
        -71.1451
        -31.4068
         59.5367
         36.0027
         34.1250
        -19.7729
        -55.7541
        -25.1071
        -48.6050
        -59.7577
       -112.6734
        -73.0551
        -65.7576
         -1.8294
         55.7636
         20.5303
        -48.3646
        -29.5630
         -7.7271
         14.7920
         -8.5232
         17.5254
        188.5295
        135.2175
         46.9869
         -0.1446
        -23.9401
        152.6418
        371.4593
        152.8724
         24.4164
          2.3579
          2.0133
         28.4511
         26.1575
        185.5602
        149.2470
         32.3671
         59.5029
         64.0503
         29.1843
        -14.8195
        -40.7423
        -39.7061
        -87.3877
        -75.5551
         16.1637
         47.9654
        -44.8615
          1.8460
        196.3076
        192.2757
         29.2464
         76.7278
         31.8140
         71.3206
         28.9569
          3.3669
        -24.3412
        -28.7604
        -46.4567
         22.8555
        240.5187
        126.5893
        -31.5946
        -50.8194
        -66.4339
        -62.3021
        -85.8111
        -58.3763
         80.6574
        106.5647
         42.8643
         -8.9080
        -35.5260
        -41.0921
        -68.0109
        -65.2621
         86.5996
        244.1525
         10.6210
        -10.1571
        -35.3371
        -22.5921
        -35.4968
         -6.9103
        148.1141
         88.9878
        -17.6699
         22.4537
         18.9905
         29.8229
        -41.2790
        -78.2024
         -3.2286
          3.5685
        -42.8341
        -38.3435
        -66.1764
        -20.0183
        -29.2143
        -60.3890
         29.6315
         35.5730
         -9.9955
         -7.9954
        153.3829
        517.2983
        171.8400
         30.3162
         74.9398
         27.9530
        -44.9423
        -22.8899
        -16.8314
        -22.8553
        -37.9195
        117.8377
        136.6914
         22.8513
         -1.9813
         22.6695
         18.8584
          0.6447
         29.3421
        166.5892
         54.1854
         -9.7915
        -45.5359
         13.4366
          1.6584
         30.4667
        -76.1291
        145.1642
         69.0766
         31.1551
         -6.0412
         13.5126
        -18.6945
         -7.6489
        -63.1817
         17.4097
        276.6131
         56.4311
        -23.2123
         29.8387
        120.8508
         62.4071
        198.5791
        408.8196
        275.4306
        146.5906
        -15.2052
        -45.4126
        -33.5110
        -21.6747
        -67.0761
        -28.5748
         92.1827
         81.1308
         29.8217
         -4.6909
        -90.9260
        -57.8566
        -67.8550
        -50.6821
        109.8812
        148.8331
         18.9873
         26.2033
         41.9032
         55.9077
        -69.9749
        -47.3765
        150.4791
        122.5772
        299.0503
        552.7086
        516.8366
        218.5101
         91.6893
         59.9959
        111.9349
          5.7582
        -40.1248
        -27.9002
        -39.6714
        -25.9888
        -17.4273
        -46.3233
         66.9473
         51.2860
        -16.8909
        -26.9646
        -36.7949
        -46.5641
         42.9190
         75.4625
        133.4956
        159.0570
        -25.3579
        -21.3259
         61.8334
        105.3941
        -17.3920
         -5.4403
        147.7186
        156.8580
        -22.2380
          1.6239
         -1.1453
        -11.6888
        -32.2063
        -29.0543
         17.9958
          0.2338
        -57.8329
        -57.4961
        -41.9705
        -28.3559
        -56.6337
        -12.0213
        185.4525
        265.1667
        353.9146
        398.9413
        441.7289
        522.8338
        441.5326
        168.2446
         59.8089
          0.0000
          0.0000
        -26.6675
        -45.7752
        -48.4205
        -23.1718
          8.8486
        -18.3967
         -5.0376
        -44.1342
         20.4402
         -5.2731
        -16.8682
        -40.7190
        -49.9225
         -4.2472
         86.0484
         -4.8170
        -38.2734
        -48.5944
        -23.3118
        -39.9911
        157.7214
        302.7539
        175.9845
        239.7069
        254.3849
        309.2845
        245.3030
        167.8535
        183.1112
         86.8013
         -1.5727
        -48.0520
        -15.4161
         -5.1646
        -20.6512
        -43.5432
        -37.5952
        160.3236
        112.2754
         -2.8999
          6.6495
         -7.1724
        -25.3870
        -60.1448
        101.3777
        159.7880
         77.1169
         -2.7641
        -12.8487
         -8.4364
          0.4651
        -55.1371
        -51.1895
          4.3309
        -26.9033
        -71.5347
        -74.9196
        -78.4777
        -72.0451
        -82.8672
        -55.4148
        -50.5836
        -63.8132
        -29.4744
         33.9648
         27.8112
         -7.5119
        -61.0699
         14.8941
         67.7856
          9.8991
         -8.7336
        -20.1894
       -137.0795
        -39.7756
         -8.2375
         14.0076
         77.3982
         23.5846
        -14.2856
         19.8790
         14.6659
        153.7652
        302.1247
        159.9552
         81.1687
         52.9405
        -18.8665
          8.7036
         32.1819
        157.9834
        279.2690
         25.1935
         -2.9143
         -8.8645
        -35.1921
          7.1684
        -12.2563
        187.3022
        152.1835
        -14.7706
         93.0913
         31.1209
        -43.9656
        -59.6868
          3.9586
         18.8748
        -35.9198
         75.8154
        125.0090
        126.8661
         75.2399
         34.9645
        101.5632
        143.8969
         47.7166
         52.0406
        283.1104
        259.0809
          0.6691
        -36.2905
        -47.6203
         90.5547
        207.3386
         97.9226
         96.1455
         59.0968
        -22.4605
        -42.4346
        -26.9821
        -44.9008
        -79.3743
         63.4891
        209.9675
         -4.0261
        -12.3325
         20.1408
        -14.0300
        -36.3440
        -73.0236
        -40.8279
        193.1964
        177.9348
         -7.7186
        -36.2377
        -11.1689
         52.4390
        257.7255
        198.5946
         87.6948
        126.2335
        275.8702
        348.5354
        143.3615
         14.8987
         20.2013
         40.9017
          8.4274
         -9.6679
        -23.1508
         -6.8551
        -14.4397
        -32.4892
        -34.1488
        -30.2346
         58.0294
         40.8474
        -10.4030
          2.5537
        -39.3496
        -76.7698
        -72.0748
        -48.4022
        -42.5768
        -53.7008
        -72.4386
         65.4181
        136.8008
         32.3062
        -58.6019
         85.0007
        179.7862
         20.7995
        -28.3101
         24.6789
         25.6488
         77.7450
        175.9964
        609.5143
        251.8814
         30.2977
        -17.5578
        -18.8569
        -33.0623
        -24.5572
        -28.4661
         66.6421
        288.5724
        215.3001
        -40.2295
        -39.3747
          0.0000
          0.0000
        116.4977
        -15.9139
         76.5900
        -12.3844
        -48.1596
        -25.6550
        -73.3825
        -76.8832
        -92.9481
        -65.7166
         48.0570
        -26.2901
        -85.4843
        -64.1647
        -78.1376
       -100.1502
       -127.6960
        -80.0370
         74.9023
        102.8144
         83.6284
        -12.9493
        -36.8038
        -66.6796
        -91.4984
        -59.4281
        -36.6436
        -24.1661
        -20.2481
        -83.1748
       -121.1870
        -40.9633
       -149.4361
        -79.8576
         87.2417
         33.7514
        -44.9561
         -3.0985
        -61.5612
        -64.5676
        -92.8959
        -82.3717
         23.2331
         45.5441
         -7.6703
         25.1239
          1.2875
         -2.7668
        -44.4695
        145.1171
         77.5361
         71.6933
         54.1003
        174.8206
        108.3414
        -21.2799
        -48.7562
         16.7881
        107.6634
          6.6333
        -16.3192
         46.4583
          9.8258
        -27.3396
        -33.1799
        -11.3576
         -7.4146
          2.3335
        -27.8904
        -50.9144
       -117.5311
        -55.4864
        -61.1984
         14.0599
         86.0050
         83.2522
         29.9615
        191.6918
        307.1580
         88.5685
        -82.7118
         -0.8096
        136.6303
         48.6516
        -14.9724
        -12.4917
        242.2190
        186.1826
         45.9021
        156.9554
        558.6398
        265.9945
          0.6234
        -59.4075
        -53.4424
        -40.6610
        -65.0901
        -10.2599
         75.3119
         44.2067
         -1.0204
         10.7004
        -24.3692
        -29.4778
        -75.3478
         20.4342
        112.2136
         13.4442
        -55.3447
        -81.5229
       -108.9543
        -58.7981
         47.0733
        418.7874
        283.6923
         90.2498
         15.6446
          9.6373
        -16.7202
        -27.8310
        -67.0113
        -22.7014
        148.4029
         42.5214
        -35.6582
        -17.3385
        -59.0922
        -31.1269
         16.3930
        -62.7364
         76.3528
         31.1801
        -44.7827
        -10.9198
        -35.9454
        -66.3586
        -97.1241
         83.1682
        122.2763
         43.9027
        -13.2812
        144.2318
        300.8816
        271.2413
         67.4648
         14.3105
        171.5044
          8.2133
        -38.3704
        -26.2926
         -9.2575
         -7.0643
        -36.9710
         21.4161
        101.7296
         72.8136
         49.9408
         70.9432
         46.2064
        -14.0461
        -58.2671
         46.3239
        252.0132
         72.4140
         12.5353
         55.3344
          9.6268
        -19.9676
        -63.1929
        -34.4569
        117.4841
         79.7343
         -1.6186
         96.5027
         90.0586
         22.3842
        -51.3513
         50.0372
        303.8758
        265.6451
         35.5534
         59.1597
         23.8206
         23.4544
        -50.3159
         32.0656
        129.0404
         59.6935
        -25.7413
        -15.4567
        -51.0473
        -54.9077
        -59.6173
        146.7571
        245.0952
        -15.1814
       -124.2446
       -117.9382
         -3.6635
        -13.5340
         10.5559
        -10.4111
         76.7109
         37.1902
         -5.5408
        -17.4766
        -47.0824
        -61.1484
        -89.7468
        -59.5974
         57.7613
         38.8208
        -41.7151
        -44.1083
        -35.6243
        -14.7300
        -45.0739
         30.4284
        127.6127
        173.1429
        123.2504
         10.6986
          0.9635
        143.6775
        132.4922
         69.2434
         67.7570
          8.2399
        -30.2562
        -40.8756
        -50.4777
        -54.0351
        -94.7064
        -65.7030
         49.8949
         18.0531
        -51.9528
        -62.4487
        -40.7531
        -44.9295
       -100.8313
        -59.1272
        108.5806
        154.3336
         -5.0530
         34.5384
        268.0967
        298.2300
        189.5270
        396.4586
        170.9986
          0.2303
        -28.0206
        -29.0009
        -42.9936
        -44.5862
        -77.7783
        -45.8111
        113.1227
         66.2245
         61.4699
         52.0576
        -46.9632
        -16.9268
        -88.2199
        -45.7113
         82.9238
         45.2141
        -23.7762
        -21.3965
        -58.2254
        -62.7704
        -78.0520
        -47.5355
         21.5039
         65.4555
         27.5795
         27.6324
         -3.1593
        -37.3497
        -76.6470
        -12.7079
        132.7573
         57.3890
        -46.9444
        -51.8840
         27.4872
        174.2002
        279.6640
        410.5738
        368.9992
        189.8424
         -5.7104
        -15.8289
        -46.1650
        -61.5731
        -90.1611
        -73.3313
         52.0605
         42.2861
        -19.0775
         21.5825
         15.7647
         85.0422
         91.0619
         65.0218
        198.1587
        124.7707
        -22.3630
        -15.5798
        -24.9690
        -53.8783
        -79.1421
        -53.0586
         12.2319
         -2.8213
        -24.6444
        -50.1469
        -50.2784
        -54.9509
        -75.5079
         39.7124
        101.7301
         67.0739
         21.8572
        -36.6757
        -64.0223
        -69.8633
        -92.6836
        -27.9563
         24.4660
         55.1211
          8.6273
        -11.9061
        -22.0421
        -24.3406
        -59.7396
        -16.0515
         72.8992
         75.5022
        -35.1679
         -4.0224
          9.6247
        -25.4252
        -32.3680
        320.4986
        386.8376
         -1.2840
        -33.7149
         -4.8221
        -14.6339
         64.8428
         25.5823
        -35.7100
         26.0671
        106.6125
        -13.9706
        -16.9970
        -39.1295
        -31.8271
        -61.8292
         -9.9426
         64.4430
         -1.5640
        -31.9102
         -5.4546
        -10.2681
         -5.4617
         -6.3290
         88.4438
        123.0188
         59.6775
         10.3797
          4.5921
        -48.1287
        -60.0145
        -79.6019
        -23.1749
        131.2853
         49.5537
        -43.5803
        -11.1075
         10.7813
        -46.1929
        -92.1822
        -46.0638
        143.7463
         88.4750
        -34.8383
        -29.6213
        -25.6140
        -24.2817
        -50.9182
        -18.6264
        137.3843
         31.4497
        -23.6750
        -45.9558
        -66.4027
        -66.8368
        -90.0381
        -39.0408
          4.2923
        -27.8595
        -34.2683
         10.1122
         19.2473
         99.8565
         44.2966
         66.7831
        189.8899
         60.0388
         -4.6054
         -1.3692
        -17.8017
        -63.8987
       -135.6768
        -91.3058
         38.1091
         28.9521
        -34.1322
         10.8524
         52.5535
         44.7461
        -69.1782
        -22.9877
        123.0368
        230.9472
         73.3852
         29.7096
         28.6348
          1.6033
          9.0065
         77.6084
         58.8870
         16.8976
        -41.5020
        -52.3720
        -50.4888
        -25.1211
        -54.7606
         -6.5967
        110.7374
         74.1750
         -2.9610
        -36.9439
        -66.5865
        -46.7117
        -20.3608
         11.3704
        194.8741
         65.1587
        -43.0152
        -65.5887
        -49.9122
        -35.7296
         62.7188
        182.7597
         62.2584
          5.5763
        -56.0297
        -70.2642
        -39.5351
        -36.5827
          9.6716
          9.8319
         98.4473
         90.5181
         -0.5795
          1.5258
        -38.9325
        -56.3135
        -81.7551
        -62.1509
         34.7711
         13.1080
         -6.8839
        -24.4009
        -42.7191
        -41.7562
        -71.3959
        -32.6589
         16.5906
         13.1576
        -16.5541
        -12.7571
        -29.3279
        -12.2723
        -44.9220
        -26.8939
         78.5017
         52.8685
          2.3162
         -3.9337
        -25.6778
        -35.3323
        -19.7068
         31.9748
         13.8626
          9.2368
        -60.0156
        -55.7712
        -80.9994
        -54.4925
        -99.9750
        -28.1655
        132.6581
         21.8238
        -48.9962
        -48.1072
        -96.3135
       -114.9058
       -101.4851
         21.2380
        176.0042
        129.2843
        -99.2743
        -91.5015
        -89.9129
        -85.3037
        -89.9185
        -35.0978
        -31.0531
         -0.1453
        -61.4570
        -69.3197
        -94.2076
        -62.5390
        -80.5939
        -18.1068
         13.4558
          5.4532
        -84.4290
        -84.8814
        -51.0731
        -52.3864
        -33.9590
         46.5801
        162.9203
        131.3340
          9.7669
        -54.8907
       -114.1099
        -80.6534
        -89.3368
        -90.4862
         41.0970
         23.9133
        -28.5848
        -32.6498
        -97.3692
        -42.2373
         98.6523
        166.2002
        349.0719
        360.5852
          8.5061
        -75.9084
       -102.6523
        -82.6950
        -68.5941
        -20.4366
         40.0314
        105.5918
         16.0986
        -34.5502
        -71.8353
        -55.8576
        -47.5666
         16.3455
         60.5578
         20.4716
         22.6745
        -25.2194
        -59.7404
        -74.9820
        -70.3682
        -40.5905
        -12.8690
          0.0000
          0.0000
         24.9031
         -4.1568
        -23.1782
        -30.1070
        -27.9845
         -3.7207
         -2.3498
         -9.3467
        -10.0925
        -49.8049
        -43.6238
         -9.9714
        114.8103
        162.5192
         14.1707
        -10.1269
         -5.5803
        -22.6654
         13.2167
          1.8539
         -8.2379
        113.1625
         81.0242
        -13.9908
         44.9880
        124.1001
         33.3926
        -63.0126
         14.8788
        363.0996
        138.1104
        -52.3556
        -40.3887
        -41.5677
        -25.9124
        167.7877
        426.8147
        129.3010
         -4.6645
        -25.9823
        -26.9641
        -36.8744
        -34.5225
        -38.5675
        -49.4138
         21.4312
         64.9853
        224.2512
        188.5955
         -1.8541
        -27.6003
        -55.9646
        -27.5042
         78.5453
         84.5931
         30.4305
        -52.3760
        -77.2050
        -80.4366
        -91.5034
        -23.5922
         83.6199
         69.5076
         -0.0429
        -13.4246
        -21.0743
        -86.2105
       -111.3602
        -49.4262
         23.0389
        -11.8093
        -47.2420
        -91.8095
       -127.6438
        -62.9304
        -91.8417
        -31.0717
        -13.5262
        -16.8218
        -39.9514
        -30.3047
        -27.8802
        -13.2155
        -55.4171
         35.0294
        130.9930
         82.7200
         -3.7719
        -35.2255
        -39.4582
         13.4109
        107.5324
        119.4121
        217.0341
         77.7296
        -26.4732
        -39.5315
        -55.3149
        -56.8387
        -78.1766
         23.3106
        129.1611
         27.2401
        -27.9013
         -7.8330
        -19.3226
        -26.3361
        -36.2181
        -67.3278
         42.9097
        204.7291
        -18.6023
         44.4146
         50.0602
        143.1272
        123.9282
        104.3578
         32.7427
         21.5649
        -15.2829
          6.5476
         68.8379
        133.3308
          6.5327
         24.7566
        106.7041
         18.2128
        -12.5462
         -5.2013
         -7.9224
        -13.8161
        -13.8588
        -37.7392
         23.1850
         30.3812
        -42.9674
        -32.7427
        -38.6445
        -36.2127
        -64.1926
        -35.6845
         96.3439
         94.8182
         -8.6163
        -35.2971
         31.1901
        226.3533
        180.8757
         -1.4496
        110.7323
         68.4003
         -4.0368
        -28.7219
        -61.3734
        -77.3709
       -101.8890
        -17.8596
        119.3873
         62.3799
        -68.7553
        -80.2056
        -98.6079
        -64.2746
        -74.1392
          4.6276
        110.2640
         56.8085
        -38.4634
        -68.4609
       -100.2392
        -52.2523
        -79.3402
         16.1640
        125.4034
         87.7222
         29.8372
         18.9104
        -37.6998
        -12.4738
        -28.6008
        -19.9421
         37.1277
         43.9406
         21.2829
         -5.6140
         -2.5960
        -38.9436
       -105.6184
        -86.3014
         18.6623
         23.5051
        -69.2680
        -44.3168
        -44.4786
        -39.7356
         -4.8573
        120.2004
        217.2376
         94.7661
        -26.0538
        -29.3606
          1.4177
         27.0307
         44.8856
        106.4535
        102.3472
         16.1107
        -21.1245
         -5.9252
        -61.9236
        -88.4466
        -70.3511
        160.9061
        240.3454
         14.0555
        -55.0299
         24.1268
          8.4852
          1.3640
        -72.0556
         24.1933
        288.9580
         53.9047
         20.6532
          9.8969
         -9.9052
        -14.6663
        -34.0668
        -23.5879
        142.3173
        194.4828
         19.7748
        -34.7960
        -78.9181
        -65.4739
        -52.5230
        -27.3974
          6.6854
         34.0063
        -39.3536
         34.5014
        -11.4307
        -56.4755
         39.2686
        -48.1209
         51.8714
        145.9316
         23.9826
         16.9374
        -15.8752
         -8.8731
         -5.2034
        -21.1143
         37.9362
         55.7146
         -6.5954
        -16.1727
        -25.1445
        -20.6654
        -46.2977
        -42.7538
         77.9774
         98.3392
         31.3787
         -2.6163
        -28.1403
         -5.3374
        -53.7582
        -12.5781
         12.7270
         75.2369
         33.3001
         36.5069
         54.9308
         -4.4144
        -59.0272
        -28.4854
         46.6947
         38.5987
         -4.3277
        -20.5809
        -54.3657
        -57.6871
        -66.6713
        -29.0212
         81.7282
         43.8839
         16.6049
         18.0659
         76.9637
         48.0727
          9.2782
         10.6838
         54.2141
         22.6934
         -0.8965
         85.4215
         -7.0095
        -73.1437
       -109.2222
        -71.5001
         64.3848
         41.9227
        -64.9848
        -33.7809
        -31.6792
        -41.8648
        -44.7269
        -14.7990
         49.0748
         10.0547
        -49.2937
        -44.0184
        -56.1537
        -43.7444
        -31.8832
         -2.8086
         36.4241
          8.3268
        -65.9784
        -61.6353
       -128.9075
       -105.1021
        -61.5604
         36.4777
        130.0044
         93.3935
          7.4815
         22.6307
         47.0699
         40.7353
         -1.0504
        -27.4457
         36.6776
         52.3000
         -6.9052
         -5.1018
          0.7021
        -28.5954
        -50.6671
        -77.5683
         44.7035
         74.5843
         -2.4401
          4.6657
        -37.4236
         46.5192
          8.5125
        117.9935
         86.9899
         32.2031
        -16.4057
        -18.7095
        -30.2785
        -31.9509
        -23.4008
         10.4702
        280.1785
        174.5051
         28.8168
         13.4609
         -0.8038
        -32.0949
        -58.6469
        -16.5108
         75.2941
         52.0187
        -17.0901
        -15.2074
        -16.6877
        -25.8663
        -61.6272
         22.0876
        175.0809
         92.1124
        -18.6496
        -39.6960
        -48.8481
        -55.6808
        -74.4215
         -5.4564
         63.7381
         37.5129
        -41.6783
        -59.1171
        -69.9881
        -74.5668
        -78.2241
        -50.3999
         26.9931
         19.1832
        -24.5222
        -25.3147
        -48.8217
        -36.8260
        -31.3485
         -3.9421
         59.5052
         37.3192
        -22.7282
        -16.9643
        -40.3347
        -32.4987
        -91.1652
        -12.6092
        169.6572
        182.6163
         28.8200
         13.7958
        -14.6689
        -50.8290
        -56.4690
         12.5853
         49.5359
        232.5022
        175.6798
         45.3385
         80.1781
         84.3691
         56.5695
        -68.6909
         30.5305
         32.3917
         21.1368
        -12.8337
        -66.3309
        -88.8099
        -87.4988
        184.0768
        248.2032
         73.0989
         -4.1782
        -37.5679
        -50.8975
        -66.7067
        -55.5830
         -7.3144
         74.5715
        137.5617
         27.6852
         -7.4918
        -44.3863
        -30.0746
        -62.5808
         -9.9583
        154.7310
         60.7916
        -33.3735
        -10.7508
        -30.1705
        -30.3091
        -58.7951
         44.1140
        202.4021
        108.2417
        -37.8018
        -53.2716
        -79.2249
        -74.6778
        -85.6413
        -19.1285
        102.0495
          3.1982
        -21.5614
        -33.7708
        -52.3451
        -35.4781
        -52.1948
        -38.7555
          4.0999
         -7.5275
        -37.9302
        -44.0790
        -66.0130
        -42.8119
        -68.7440
        -26.6264
         42.9870
        -18.8324
        -91.3338
        -45.2794
        -32.9120
         -4.5499
        -53.6308
        -15.5953
         56.8152
         30.0010
         -7.1266
         20.1746
         21.2388
        -61.0882
       -102.9284
         -3.7261
        221.2214
         63.8443
         -8.1364
         56.3147
        -62.3062
        -46.3023
        258.3410
        328.3023
         50.9955
         -1.5172
        -54.3937
        -37.7658
        -28.4021
        -22.0222
        -35.1647
        -20.5526
        -14.5211
        -26.3258
        -59.8406
        -35.3780
        -37.1267
        -40.3602
        -16.6173
          0.7950
        -18.7528
        -26.3519
          7.6233
         32.0620
         -1.2333
        -24.4269
         10.2485
          0.0000
          0.0000
          0.0000
          0.0000
          1.9636
          1.6585
        -11.8817
         -5.5143
          0.0000
          0.0000
          0.0000
          0.0000
          0.0000
          1.4081
        -14.7088
          5.5248
          0.0190
         13.2055
         50.4213
         56.1622
         59.0815
         40.8915
         18.5364
          5.7809
         -5.8721
         55.2849
         72.0709
         18.1070
         18.2053
        -49.1406
        -72.5233
        -56.5534
         14.7449
         21.8089
         28.9513
        -10.6619
        -20.7382
         -6.2691
        -16.0316
        -35.7748
        -19.7807
        -20.6240
         18.1675
        -20.5357
        -31.9562
        -81.3643
        -79.2054
        -51.1253
         -3.2846
        -48.3775
        -17.6291
        -57.1492
        -65.7338
        -78.3153
        -54.3528
        -46.0544
         -4.9871
         30.7679
         38.1458
        -37.6522
        -19.8258
         -1.4301
        -16.1563
        -23.4051
         13.3553
        138.3011
        259.9192
         14.0830
          4.2235
         67.7924
          4.7011
        -76.0395
        -16.9678
         30.9692
         22.9448
        -60.4465
        -57.2248
        -62.7282
        -38.7763
        -73.7014
        -26.2649
         38.3345
          7.3515
        -68.0730
        -30.0026
         -6.1083
        -33.7656
        -69.5497
        -27.7926
         35.9690
         66.1516
        -15.4286
         -7.9453
         -7.6366
         53.5135
        175.6193
         47.6686
         42.4116
        -22.6590
        -51.7030
         -9.4789
        -23.1835
        -54.5017
        -79.4883
        -41.4298
         29.8466
         74.7999
        -62.6504
        -10.8507
        -76.9144
        -69.6978
        -59.1114
         -4.4406
         30.5296
        -25.8000
        -12.2605
        -50.7871
       -146.3399
        -62.9066
        -73.3360
         25.9443
        -15.4545
        -32.3452
        -27.9276
        -44.6348
        -64.3398
        -21.3764
        -39.9085
         -5.8348
         11.4093
        -42.4409
         -7.7760
         68.0516
         16.5602
        -23.5681
        -33.3338
         -7.7438
         22.7655
        -28.1971
        -40.4788
         15.6171
        -18.4506
        -18.6093
        -12.1655
         33.6104
        165.5794
         99.3597
        116.8006
        124.1643
        -32.3855
        -34.5047
        -34.6501
        -13.2519
        293.0796
        153.4936
        -19.4017
        -32.2642
        -55.9617
        -60.0323
        -65.1309
         49.4113
        472.9637
        309.1248
         32.1959
         -4.6430
        -50.3813
        -43.3310
        -47.9227
        -29.0340
         16.4280
         -2.3531
        -50.4220
         -2.8718
        -32.6699
        -83.7455
        -70.5860
        -45.1266
         10.1892
         22.6982
        -53.5089
        -17.1182
        -38.5330
        -31.1307
        -16.4079
        -52.7165
         24.0381
         55.5873
          5.7757
         31.3158
        -67.0956
        -56.0357
       -105.2299
        105.2473
        171.3163
        -10.0871
        -26.8815
         54.3191
         63.8127
         -2.1805
        -68.7877
        -43.2171
         86.7566
        105.5069
         36.3748
        -27.2895
        -49.5922
        -51.2330
        -35.3461
        -23.5010
         44.0909
        -11.0488
        -65.0980
        -41.7146
        -81.4557
        -17.4250
        -38.7472
         -8.5291
        -31.5528
        -11.1398
        -34.4959
         -4.9567
        -76.1543
         17.5964
        -21.7721
        -15.6460
         24.1469
         65.8428
         -2.8866
        -36.1709
        -39.6732
        -48.0082
        -27.4546
        160.0203
        342.6100
         61.4691
        -46.3502
        -80.4066
        -15.0349
         73.0777
        -50.8288
        -11.5371
        164.2179
        112.0649
        -34.1024
         -8.1772
        -40.1600
        -55.7027
        -91.8449
        -13.5640
         15.0618
         -4.7855
         -8.2173
          7.9434
         11.2424
        -31.1029
        -78.3696
        -84.6016
          1.0705
         19.1074
        -32.8666
        -37.1150
        -63.9308
        -51.5357
        -43.7707
        -26.8011
        -27.5893
         10.0350
          0.0666
        -27.7056
        -86.6514
        -68.3356
        -58.5919
        -46.6824
         12.5528
         -4.7010
        -53.7068
        -25.9446
         11.0523
          8.8538
        -32.4543
          2.2818
         44.5347
          2.3868
        -33.0963
        -32.0788
         -3.0564
        -25.4437
        -18.1641
         -5.8623
        105.8299
         81.1695
        -46.4691
        -21.0086
        -18.5935
        -23.1799
        -35.8356
         30.7632
        178.3581
         53.0429
        -23.3862
        -22.6278
        -67.5181
        -73.9551
        -88.2445
        -65.7419
       -108.6907
        -54.1885
        -68.0758
        -12.1642
        -20.3202
        -23.3942
        -34.5078
         11.6864
         11.8082
        -46.3145
        -69.2197
        -92.5692
       -116.1766
        -56.4698
          8.3344
         50.3461
         54.7796
        -31.4964
        -62.0218
        -57.5579
       -138.3792
        -56.2950
        -32.6930
         62.0280
         12.0862
        -32.3813
        -24.6611
         -6.4484
        -48.7931
        -65.1987
        -56.4878
        -19.0000
         64.1453
         44.6984
        -10.7591
         52.6576
         -5.3835
         -5.2776
        -24.2533
        -19.1582
          6.7653
        -21.3326
        -40.0605
          5.3864
        -50.3723
         30.0077
         -9.8505
        106.0433
         39.2828
          0.2746
        -33.9317
         -7.0777
         23.4011
        -32.4580
        -62.0918
         20.6675
        277.8225
        258.4555
         19.8330
         13.4316
        132.2131
         48.0881
        196.2191
        189.9650
         68.1883
         29.5798
          1.6935
         50.4807
         51.9287
        -34.8671
        -51.1821
          0.2550
         72.7202
         43.4825
         10.0038
         29.5120
         -4.0886
        -64.2903
        -53.0253
        104.1057
        379.6026
        161.1727
         59.8149
         98.3751
        114.5174
         20.7354
        -76.1443
         33.6761
         46.9759
         35.8509
        -25.4289
        -25.9037
        -47.9801
        -64.5135
        -67.2696
        -25.5395
        -26.2802
          7.6347
        -25.5335
        -25.1703
        -42.0181
        -14.8537
        -10.9121
         40.6062
        184.7979
        106.8949
         20.5601
         10.7019
         -9.8459
         41.5361
        404.9650
        104.5463
         78.6870
          9.1452
         22.0535
         99.7951
        -15.7954
        -44.5101
        -16.9584
          3.4201
         45.0628
        -18.9156
        -66.2935
        207.2303
        484.0192
        187.4755
        -47.3793
         52.6707
         81.0539
          7.3913
        -29.1415
         18.6010
        119.0189
        354.5198
        351.0184
        465.4036
        175.8445
        -25.8565
        -43.1681
         22.5921
        -12.9060
        -27.5964
         33.5524
         10.3801
        268.8856
        138.5909
         16.4415
         -4.3135
       -102.0462
        374.9482
         40.3613
         65.4879
        108.4482
        -17.9966
        -37.8020
          6.0131
          3.9711
        -23.8464
        -12.2948
        201.4721
         77.9635
         20.0775
        -21.5895
         10.8466
        -18.2225
        -70.6073
        -88.9236
        -50.0484
         35.9491
        -24.4071
        -44.6963
        -21.3995
        -35.6286
        -51.2328
         65.6237
        231.0177
        111.9367
         17.2807
          4.7782
         27.2866
        -15.2488
        -41.6470
        -43.9806
         -1.2465
         69.1510
          9.5960
        -12.4918
         16.5802
        -16.1338
         -7.6521
         -6.3110
        -44.8316
        -15.1588
        -47.4445
        -53.2429
        -18.0675
          5.0938
        -51.0084
       -126.0184
        -37.8293
        302.3879
        125.0029
         13.3339
         42.6210
          2.1399
        -60.7667
       -100.5843
        -49.1966
        153.8469
         58.0795
        -35.4009
        -11.9489
        -28.0021
        -27.1339
        -33.4727
        141.1329
        193.9690
         42.1025
         32.9151
         43.2076
        -15.2193
        -40.2404
        -54.5041
        -21.6956
        183.7677
        126.7913
        -12.3829
        -20.9902
        -12.4278
        -12.0075
        -58.4142
         -2.0004
        248.2535
        170.9760
         77.3641
         44.8818
          8.4195
        -41.3381
        -58.4129
        -23.5835
         -9.0832
        -69.8181
       -102.8007
        -78.7659
        -86.8004
        -77.2567
        -66.7714
        -10.0300
         64.8698
         74.5323
         17.3792
         -2.3732
        -17.7539
        -18.5735
        -11.3497
         -8.5481
         -7.4224
        -10.2046
         -9.4534
         13.3453
        -28.9563
        -47.8682
        -28.2171
         -7.8267
        -15.6360
        -39.2394
        -48.4513
          4.0549
        -17.8222
        -37.0095
        -45.8158
        -68.3086
        -37.5668
        -60.4633
        -15.6167
        -10.4985
        -66.6377
        -91.4534
        -92.7900
        -18.0411
         20.0138
        -47.8648
        -88.5607
        -53.0647
        -57.9785
        -55.1856
        -60.0094
         -3.5671
        -16.9420
        -35.4576
        -26.1148
         39.7605
          2.7885
        -20.0093
         26.5435
         39.7967
         90.5671
         41.1993
         26.2130
         33.8423
        -30.7378
        -62.9583
        -53.7312
         -6.7781
          8.2257
          1.0284
        -57.1064
        -24.6372
        -35.9145
          9.8027
         10.1872
         87.7920
        295.5230
        137.3001
          8.6882
         12.1370
        -39.3880
        -45.2875
        -44.1198
        -51.4962
        162.3500
         -2.7699
        -21.8947
         17.5689
        -31.7161
        -10.2921
        -45.0311
        -74.4718
         56.6410
         88.1368
         13.4717
        -16.2808
        -35.2532
        -49.9197
        -29.4001
         -3.0076
        -39.6072
        -38.6184
          0.5192
         41.1633
        -29.0892
        -89.2031
        -61.8379
        -26.7074
          4.4093
        -59.2998
        -87.7672
        -43.6449
        -34.0527
        -31.2059
        495.8330
        623.7950
        782.3807
         93.5470
          2.7733
          1.9933
         -7.8292
        -46.3357
        -35.2793
         -6.8293
          6.4493
        -11.9332
        -78.3831
        -50.6636
        -67.8187
        -64.3373
        -51.9839
        -35.4174
          4.3306
        -25.1629
        -38.6429
        -22.7501
        -20.8812
          3.0765
        -50.2192
          5.2921
        188.4466
         55.7295
         28.8534
        181.5451
        166.0289
         67.9244
        297.9256
        441.4429
        292.8086
         29.6098
        -38.1995
         47.3405
         46.5724
         21.1606
         36.0111
        -60.9462
        -61.4166
        -63.4371
        -47.0743
         14.6476
        -19.2546
         17.8213
        149.6961
        434.0792
        419.3955
         73.7239
        -60.4271
        -41.8575
        -28.9409
        -15.8325
        -40.5007
         17.8778
         73.3375
          7.4145
        -50.4037
        -18.9405
        -31.1048
        -28.1439
        -31.9990
         -7.4516
        130.8105
        182.9150
         66.9863
         36.5538
        -25.2008
        -84.3242
        -68.0124
         -4.5300
         66.5576
         44.8431
          2.5017
          1.3361
        -57.7646
        -57.5123
        -51.0541
          5.0254
        171.2411
        200.8690
         -1.3873
        -30.4894
        -26.0268
        106.0232
        173.3138
        233.4872
        228.0195
         75.5667
        -32.7933
         -9.3095
        -39.4808
        -49.4871
        -33.9572
        -37.0925
          2.3204
         15.2991
         17.0670
        159.5818
        286.3834
         96.3626
         91.3033
        154.6273
        114.4592
        -10.5621
        -46.2844
          5.7580
         -3.1047
        -19.8592
        -77.3654
        -77.1587
        -53.4653
        -44.2428
       -112.7720
        -89.5073
        -71.6633
        -83.1246
        -89.6730
       -128.4219
       -117.2375
        -67.2000
        -72.2669
        -79.2016
        -94.9409
        -78.0926
        -63.5380
        -45.1582
         17.6258
         -8.0188
        -59.2737
        -50.3945
        -99.9666
        -89.9342
        -76.1937
        -61.9291
        -59.8578
        -70.1634
        -44.8451
         10.7166
         12.7142
         73.5076
        187.3000
        308.8772
        309.6659
        135.7109
         20.3777
         81.9931
         24.9603
         -2.0865
         -5.1927
         39.3564
        -37.2988
        -18.9648
        -46.8677
         -4.4413
        -13.6775
        -33.9296
        -35.0361
        -13.8305
        -11.7120
        -57.0185
        -67.6375
        -20.9404
        -43.0929
        -76.2642
        -59.3964
          5.9732
         35.7959
         -6.7317
        -16.7253
         -7.7625
        -40.4623
        -23.2525
        -11.4009
        -56.6520
        -64.2216
        -41.0387
        -90.0491
        -64.6574
        -70.0334
        -54.0278
        -44.4599
        -32.6626
         57.0143
         23.4253
        -66.3816
        -54.0132
        -62.0343
        -60.9634
        -72.2803
        -80.1959
         18.4387
         41.8097
        -27.2832
        -21.2321
        -60.3425
        -69.6347
        -60.6035
        -33.0249
        -14.8151
         33.4631
         28.5705
         46.2681
         37.7777
         -2.4617
        -46.1091
         15.9442
        300.3447
         89.2631
        -39.8225
        -30.6463
        -32.3105
        -38.4566
        -92.3713
         19.4385
         77.1855
         51.8846
        -24.6621
        -10.4726
         -4.4077
        -35.1702
        -68.9222
         83.4694
        110.2876
          1.4039
        -49.8001
        -51.6667
        -55.3438
         38.6496
         30.1619
        -10.6618
         19.7137
        -15.1787
        -46.3087
         10.1422
        -21.1568
        -46.8352
        -19.0757
          2.9329
         38.6894
        -27.1287
        -59.1555
        -20.7100
        -56.5413
        -74.3157
         51.4175
        355.0086
        136.8807
         24.3383
        -36.3773
         -9.8450
         89.8048
        241.0189
        235.2381
        313.9071
        227.5313
         51.5820
         -1.7410
          5.8930
          7.2924
         18.9137
         13.6887
          3.6886
         74.3101
         25.4237
        -39.1781
        -34.0539
        -79.4405
        -84.1593
       -119.9246
        -92.5515
         18.2463
         60.6734
         47.1745
         29.0211
        -69.0117
        -78.8060
        -51.7178
        277.1958
        367.3310
         79.6263
        -39.6514
        -37.4413
        -49.2371
        -36.8140
        -21.5652
        -48.6590
        -50.7312
         -4.1067
         45.3888
        151.1626
         70.3767
        -59.5411
        -17.7860
         61.1319
         33.3522
        -52.1255
        -80.8079
        -46.9533
        -52.1821
        -48.6854
        -28.9367
         16.6158
         76.1946
         12.5652
        -93.6749
        -73.6493
        -74.6161
        -70.9970
        -44.1019
        194.4200
        181.9351
         89.1455
         87.0014
         21.1461
        -42.2147
         24.0729
        -69.5984
        -45.3096
        107.8817
        137.0483
        -18.2706
         23.2627
        100.1820
         53.7855
        -32.8023
         -6.4418
        -70.4705
        -22.9166
        -57.0237
        -45.7136
        -47.1698
        -55.5313
        -38.3224
        -14.3972
        -22.3160
         -7.6970
        -30.9414
         -6.7681
        -17.1131
        -47.1279
        -99.3157
       -127.9130
        -49.7296
        -34.8189
        -80.9772
        -56.8778
        -70.7073
        -29.2005
        -32.1170
         32.1168
        173.6456
        109.0581
         15.6585
         -4.7072
        -52.6922
         -6.9629
        -30.4249
         44.9915
        189.5018
         44.9037
        -55.1111
        -51.2397
        -44.6252
        -52.1629
        -61.7329
        134.0085
        219.7440
         73.2482
        -32.5355
        -61.6310
        -44.8907
        -43.3826
        -70.7338
        -28.7111
         15.1889
         -9.6272
        -79.8526
        -96.7874
        -91.6518
        -73.3901
        -66.4486
        -55.5393
        -46.3501
        -22.6688
        -51.1715
        -50.3893
        -66.4493
        -71.4579
        -90.3644
        -79.1406
          8.5156
         33.2902
        -28.0318
        -38.4315
        -18.0745
          0.9363
         90.7957
        247.7525
         72.0010
         63.3020
         42.7065
         26.7860
         14.7288
         -4.0035
        -32.0354
        -36.9855
        -38.7008
         -8.1380
        -37.3861
         -2.9320
        -12.7142
        -34.5836
        -67.3981
         32.4709
         59.4210
         59.4210
         -3.4665
         -3.4665
        -31.3238
        -58.2256
        -57.9381
        -48.9744
          0.2950
         70.1656
         -2.9541
          2.0595
        -19.4922
        -44.2439
        -28.6386
         20.4567
        143.7669
         37.3575
         33.4150
         -8.5526
        -54.7282
         -9.1899
        -51.4210
        -52.7365
        -40.9362
        -33.4302
        -59.4711
        -53.9315
        -39.2250
        -16.0086
        -23.9819
         96.1601
        161.6097
         66.1239
        -25.9354
        -49.0433
        -53.8527
        -51.7493
         62.7858
        167.4174
         69.5672
         63.3316
         -3.6454
        -36.8948
        -63.3041
        -70.6870
        -71.2931
        -79.6722
         56.7431
         34.8471
        -44.8947
        -40.3460
        -70.2569
        -82.9777
        -85.2435
        -77.9204
        -52.4832
        -24.0336
        -38.9576
        -14.5895
         -6.3788
         25.9207
          1.7517
         30.7414
         83.8414
          9.0861
        -48.4069
         -5.0211
        -56.9844
         49.4551
       -141.3693
         61.7811
        -14.9257
         16.7637
        -12.6141
         36.0253
         -3.0613
        -36.5698
         77.7362
        170.0893
         49.1206
         -2.9919
        -23.3817
         -1.5618
        -21.0115
        -27.0330
        114.6374
        307.6734
        117.1287
          6.3100
         37.3721
         49.6867
          3.1433
        -43.2506
        -52.1040
        -41.6476
         56.4075
         36.0435
        -80.3141
        -37.4220
        -40.5977
        -44.7759
        -15.7870
         26.7451
        116.2627
        144.0366
         53.2922
          5.3854
        -16.6504
        -36.9900
        -21.1884
        174.5474
        314.0152
        202.5258
         63.8970
         54.1724
         44.5065
         48.9979
          7.6598
        -32.7900
        -43.5523
        -70.0229
        -90.5877
        -47.9149
        -49.1326
        -53.9869
        -69.7486
          8.8429
        139.9494
        137.3388
          0.8159
        -17.4978
        -24.2493
        -34.4030
        -52.3263
        -40.6669
         36.7818
        113.7478
        -33.6910
        -35.5918
        -19.3877
        -35.7151
        -52.6476
        -55.2354
        -49.3409
        131.7923
        153.0112
        113.7272
         19.3502
        -27.3855
        -51.4087
         14.4887
        207.9407
        236.5930
         84.9425
         43.4965
         18.6663
        -38.3501
        -48.4339
        -31.5709
        114.1588
        132.1626
        -45.1247
        -32.9361
        -29.5229
        -48.8456
        -76.8811
        -66.1054
         29.4873
         65.7297
        -32.1709
        -35.3061
        -41.8540
        -41.4695
        -73.9418
        -48.1375
        103.6769
        148.2655
        111.3181
         86.9749
         22.6140
        -26.1195
          2.9831
        399.5588
        238.2464
         49.9510
        -19.7073
         -4.1651
        -12.3312
          4.8004
         50.4624
        153.9182
        244.1186
        -48.4917
        -30.0825
        -48.7656
        -42.4314
        -18.7887
         82.4462
        -82.2090
        -15.3262
         25.8940
         -6.2835
        -42.8472
        -54.4273
        -50.4650
        -51.7381
        -35.7797
        -67.5272
        -57.7914
       -100.4977
        -71.3827
        -43.7716
        -28.8122
        -25.8427
        -35.1626
        -38.5499
        -43.4884
        -45.8270
        -14.2773
        -26.6410
        -31.5883
        -52.0751
        -40.0083
         55.1928
         83.6742
        -47.0721
        -65.1314
        -58.7578
        -43.1276
        -81.6139
        -30.2027
        183.0786
        193.0230
         16.7272
        -14.3026
        -20.8180
        -41.3378
        -94.1793
        -44.5413
        127.5964
        212.4511
          8.9889
        -31.7720
        -25.3247
        -21.1089
       -212.3962
         80.7426
        136.7234
         54.3636
        -65.5561
        -39.8327
        -14.5849
        -27.0834
         46.0842
        304.6481
        212.1072
         40.6527
        -16.9357
         -6.0060
         -7.2084
         -0.0519
       -138.0045
        -25.5553
         29.3505
        -16.5556
        -43.6291
        -26.3269
          0.0000
          0.0000
        -10.3512
        -33.1974
         23.9906
         12.0456
        -67.9223
        -31.6740
        -34.1251
        -48.0438
        -64.4262
         -9.9958
         64.7287
         62.0000
        -34.9887
        -26.7132
        -91.7420
       -116.6801
       -138.8385
       -123.5547
        -43.9292
        -38.7414
        -45.5757
        -59.1762
        -83.9673
        -50.5201
          0.0000
        -48.6573
         -5.2089
        -23.5683
        -44.9498
        -33.0140
        -50.5134
        -61.4797
        -55.5992
        -57.8237
        -15.5100
        -16.1507
        -42.0999
        -39.7031
        -52.3384
        -50.5639
        -47.4362
         11.6013
        109.2935
        117.6799
         45.5307
          1.8943
        -40.2568
        -29.1745
        -10.8352
          3.6356
         53.1572
        104.2767
         85.7389
        106.0508
         28.0199
        -19.2739
        -33.4445
         -9.2918
         -5.4537
        -20.8315
        -22.3713
         -5.6432
        -20.9370
        -18.0105
        -35.1608
         35.6885
         86.8822
        103.5547
         30.4939
         22.5425
        -37.4207
        -24.4114
        -70.1160
        -44.3130
        132.3122
         57.5891
        -49.0289
        -15.6258
          0.0334
        -43.3689
        -56.4096
        -72.3094
        -79.7256
        -28.8876
        -36.9463
         -3.9233
        -14.6725
        -55.2340
        -97.0685
        -44.3423
         69.1428
          0.2856
        -32.3582
         -0.9037
         -8.7440
        -13.3321
        -44.9409
         37.0979
        109.7488
         38.8070
        -15.6788
        -11.1685
         -7.8934
        -77.3759
       -117.3137
        -11.2892
        152.3214
         52.1931
        -45.0937
        -25.7939
        -16.1249
         -9.6188
         33.4803
        251.0992
        122.3321
         39.4990
        -47.1576
        -22.2564
        -10.6415
         -4.3253
         -7.8943
        189.5140
         -7.1335
        -89.6694
        -60.8061
        -25.9694
         -0.2655
        -18.0799
        -34.7548
        -48.6169
          8.2993
          7.6396
        -36.4493
        -32.2273
        -57.4545
        -52.4270
        -53.4938
        -61.3775
          5.5599
         -0.1497
        -79.1741
        -99.8311
        -88.3025
        -57.5297
        -77.1968
        -67.0405
        105.8573
        139.8659
        -16.4507
         -4.5117
        -16.4126
        -21.8047
        -15.7259
        146.5721
        426.3667
        398.5702
        249.4196
         86.7300
         13.0688
        -27.6619
        -40.8844
          7.1442
        117.9938
         43.3613
        -59.5516
        -45.0390
        -23.8297
         11.3437
        -55.2080
         42.1987
        202.4192
        106.3270
        -53.7390
        -83.8665
        -92.8824
       -104.5317
       -141.2127
        -68.1769
        170.8433
         92.1130
        -25.0695
         -8.6311
        -11.1451
        -23.0357
        -22.6659
         25.1241
        146.2327
        104.0966
         -9.2528
          3.1191
        -22.4535
         20.0238
         -1.1770
        -92.8101
        -48.3676
        -26.5042
        -54.5812
        -47.1206
        -56.9414
        -36.7210
        -74.0008
       -107.4375
        -62.7559
        -31.6141
         26.5628
        279.1093
         55.9480
         -8.7769
         35.8767
         84.7698
        622.3792
        494.9911
        163.4494
          3.8490
          0.6984
        -10.4892
        -60.2182
        -36.0515
        113.3357
        112.4124
        -19.5041
        -29.6409
        -41.5788
        -45.3964
        -89.1835
        -78.6702
         99.3076
        102.6080
          3.6340
        -17.7429
        -51.8403
        -63.0259
        -76.7216
        184.1626
         27.2459
        -33.4831
        -47.7235
        -11.7175
        -15.0303
        -61.0216
        -44.4591
        107.1845
        165.6883
         50.3970
        -29.2086
        -14.1617
          7.4884
         16.6994
        -23.3193
        175.1796
         90.5470
        -47.8541
          0.0000
          0.0000
          0.0000
        -37.3000
        -47.1329
        -16.0328
         94.2932
         16.0308
        -84.2079
        -79.8374
       -137.5119
        -76.0366
        -95.2025
       -105.6792
         84.6291
         82.8511
        -29.7927
        -31.3618
        -69.2367
        -84.4415
       -132.6166
        -86.0701
        170.4726
        -21.7194
        -85.5290
        -97.4282
       -145.6364
       -137.1153
       -141.0855
        -81.4131
         97.5402
        -11.1221
        -70.5368
        -76.2980
        -31.1801
         42.2025
        179.8194
        -32.2705
         -3.0123
        -34.2339
        -55.7375
        -34.7507
        -21.9525
        -34.8884
        -55.0820
        -42.7301
         31.2635
          6.9203
        -51.3523
        -39.7544
        -16.4244
         14.3883
        -65.8722
        -49.9520
         64.9683
         41.8528
        -66.4301
        -59.1655
          4.9608
         48.2680
        -79.2220
        -38.9113
        131.7896
        201.8016
        -31.5224
        -39.7188
        -39.7867
        -27.6971
        -39.3344
         14.0348
        142.5732
         34.3584
        -32.6018
        -27.3384
          7.4077
        -12.0717
       -185.6748
        151.7275
        211.4414
        238.7146
        -33.6954
         52.9146
        -13.5700
        -23.6795
        -37.0685
        -37.9141
         75.3662
        118.6847
        128.7182
         62.8505
         47.1361
         31.9738
        -29.4419
        -34.5145
          8.8680
          9.8697
        -47.7787
        -30.0542
        -15.2503
        -54.1538
        -54.3793
         64.4626
         62.6522
         16.5640
         11.7414
          6.6849
         -6.5199
        -20.2555
         42.3623
        273.2530
        129.7632
        -22.1575
          0.0000
        -39.0786
        -58.0688
        -61.5319
        -39.5723
        -32.1267
         59.0252
         76.9708
         22.9493
        101.6380
         26.0155
        -25.0610
        -76.8903
         21.4152
        184.5245
        145.8825
         82.0154
         47.7214
        116.0167
          7.4217
        -83.5816
        -50.2637
        235.9456
        283.3748
        407.3254
        446.7711
        368.2076
        214.6787
         51.8226
         71.3682
         94.7854
        -17.2049
        -53.2344
        -33.0813
        -51.8526
        -45.5102
        -66.7535
        -46.7948
         65.6288
        -18.0277
        -68.9333
        -10.1507
        -32.7393
        -35.5439
        -73.1816
        -58.3813
         24.6842
          4.7980
         -5.7220
        -36.3253
        -96.6721
       -112.7043
       -113.1758
        -79.2717
         62.0797
         93.3873
        -37.4711
        -50.2170
        -23.1090
         66.0314
        137.2487
        335.1997
        249.6355
         40.9737
        -46.6537
        -43.9313
        -38.5367
        -26.8827
        -29.7485
        227.2274
        117.0917
         39.6433
        -16.1537
        -34.4840
        -57.1331
        -36.9238
        -74.0224
         36.1178
        146.3180
         77.7320
         23.6905
          7.9787
          2.2695
         55.9294
        132.3549
        181.0712
        201.4562
        211.6999
          9.5556
        -51.3915
        -64.6337
        -47.9876
        -55.4471
         -1.0175
        139.0220
         62.1400
        -29.0532
        -26.8640
        -59.8941
        -54.0807
        -71.7808
        -40.6960
         92.0037
         34.3812
        -37.0615
        -67.1246
        -87.7631
        -93.5251
       -104.2137
        -94.5619
        -34.1540
        -74.5731
        -79.1565
        -89.8094
        -76.6612
        -73.1330
        -64.6029
        -52.3419
         -1.6585
        -26.6287
        -45.7273
        -25.8334
        -37.2593
        -47.3227
        -47.3808
         14.5643
         39.9621
         -2.9818
        -35.9326
          2.3920
          0.0190
        -43.1850
        -98.5598
        -55.2033
         19.1071
         12.7679
        -27.6339
        -40.9913
        -46.8398
        -53.6038
        -80.7650
         33.6408
        147.5643
        123.2513
         13.5281
        -36.0288
        -57.3229
        -56.3799
        -91.7918
          0.5894
        137.3432
        100.7431
         63.4336
        113.5555
        -15.3211
         61.3398
          3.6009
        112.0261
        221.9322
         71.1872
         -4.0583
        -48.1970
        -74.1113
        -70.6814
        -42.2012
         96.3008
         11.2317
        -11.0861
        -43.8505
        -24.0806
         -0.2886
        -51.1535
        -82.1027
        -82.7666
         59.9543
         61.3130
        -16.2577
        -11.7985
         -1.8368
        111.5325
        104.7385
        -30.5581
          5.7403
         30.5283
        -34.6418
        -58.2936
        -58.4142
         47.6759
        263.2209
        131.3371
         28.5841
        -32.3492
        -36.1407
          1.3510
         -1.2531
        -10.5690
        -51.7149
        -37.2960
        107.7705
        106.7969
        -49.4011
        -21.1421
        -60.4553
        -59.1798
        -77.8300
        -23.6308
        100.8796
         19.7005
        -35.9719
        -51.6330
        -59.3727
        -60.3100
        -16.5902
        213.3913
         90.3421
         33.0283
        -37.7089
        -24.5236
         75.1410
         27.8009
        -24.1444
        158.6037
        232.9389
         23.8631
        -49.7592
        -36.0531
        -19.0938
        -25.5758
        -33.4461
        120.5630
        193.9354
         28.5333
        -20.2682
          8.7709
        -11.3764
          9.7116
        -71.6432
        -73.0622
         25.6985
         33.9867
        -64.2717
        -79.4964
        -81.6378
        -56.1413
        -92.1042
        -43.4680
        120.1750
         74.3889
        -79.7277
        -88.7507
        -76.2465
        -40.1481
        -58.1387
         -1.1314
        209.5226
         37.2425
        -39.2819
        -28.8662
        -37.0615
        -42.5459
        -98.1300
        -84.1119
         53.8197
         74.9670
        -53.2551
        -72.3544
       -102.8979
        -77.1620
        -96.3943
       -108.1181
         84.8610
         25.6971
        -62.4668
         11.2962
         25.2155
        -39.3424
        -26.5729
         84.1631
         96.3116
         -3.7204
        -81.2019
        -63.6051
        -54.0365
        -56.4975
        -28.7887
        296.9796
         83.2422
        -14.7648
        -61.5838
        -22.2382
        -35.1002
        -52.7023
        -67.5816
        -45.0295
        118.2376
        -33.2322
        -75.1635
        -60.1007
        -46.7589
        -16.8822
          7.7651
        -69.4710
         76.0803
         32.5848
         -5.3946
         71.1037
        -13.3095
        -11.2800
         10.5044
        104.6417
         70.0046
        136.1800
         -1.2206
        -30.7351
        -39.1029
         -5.7389
        129.3720
        -34.2485
        -58.2650
         31.8318
        -46.1777
        -27.9027
        -11.9489
         48.7395
        -55.4793
       -116.2677
        -88.0994
          3.9688
         -4.0911
         40.5739
         21.5310
         84.6970
        264.0717
        117.1939
         47.7806
         11.5905
        -30.0234
        -14.9795
         -5.3832
        -25.1520
        -65.2854
        -47.5080
        149.8355
        323.1091
        174.6610
        -24.1230
        -58.5143
        -49.7792
        -49.3175
        -97.6617
       -139.5930
        -68.1323
       -111.5591
        -74.1914
        -44.7947
        -43.8966
        -46.0728
        -51.5557
        -26.1353
        -44.2687
        -54.2156
        -16.4724
        -56.0585
        -80.1646
       -110.2982
        103.6653
        119.6381
          3.0537
        -38.5876
        -40.5352
         42.2682
        150.0301
        397.2157
        650.6817
        224.9752
          4.1361
        -30.3078
         -1.2295
          1.4353
          0.6919
        -70.2864
        -25.8556
         72.2574
         10.3879
        -33.6283
        -17.8626
        -42.1256
        -62.0851
        -78.6245
          0.1033
        116.9828
          4.0012
        -77.2292
        -51.5913
        -63.6753
        -48.2950
        -21.6689
       -107.2945
         32.5242
         -3.0522
        -73.8461
        -34.0589
        -32.7779
         -9.0773
          5.4550
        242.4436
        171.8394
        -16.3793
        -38.8528
        -22.9079
        -20.6081
        -23.1705
        -58.9202
         -0.9249
         17.5312
        -11.7821
        -61.0390
        -54.7424
        -53.8873
        -49.2988
        -68.3070
        -50.0257
         24.6648
          8.5944
        -85.5540
        -65.8874
        -49.6236
        -37.3770
        -65.7841
          3.3068
         56.0701
         -0.8650
        -56.9761
        -69.2926
         25.8024
        -13.0823
        -48.5565
         43.1907
        100.4311
         24.4139
         -6.7905
         24.9882
        -27.0826
        -62.3347
        -52.8525
        -14.7138
         87.6723
        -28.6946
        -69.6399
        -44.1581
        -58.5829
        -64.7035
         44.9260
         45.3476
         37.2965
         74.3172
        139.0888
         37.1624
         -3.8133
        -53.3061
        -76.6323
        -48.9024
         46.7744
        108.1800
          2.6560
         -4.3262
         -0.6984
         38.8144
        -38.1047
         -8.8589
        124.9742
         69.9565
          9.2404
        124.0938
        236.0567
        360.4235
        353.6253
        348.1487
         92.8883
         20.9730
         15.0280
         11.8311
        -19.4633
        -41.7794
        -61.8860
        -10.3346
         82.2663
         -4.9524
        -55.9535
        -55.6901
        -92.8315
        -91.2597
       -104.2394
        -52.1911
        147.5977
        141.6673
         33.7091
         45.9617
        -54.6083
        -25.3226
        -39.9570
         67.9043
        201.7444
         54.3495
        -38.4190
        -41.9586
        -45.6139
        -38.6574
        -59.4044
        -19.1808
        203.3059
         53.8014
        -39.6631
        -40.2095
        -82.1784
        -71.7016
        -85.1301
        -20.3881
        100.3714
        114.6670
        -15.6951
        -19.0029
        -34.9734
        -32.2326
        -81.4550
        -62.8252
         85.4143
         76.9395
        -21.9992
        -33.3148
        130.2285
         43.1830
        -57.5261
         40.5344
        191.7248
         32.8300
        -40.0880
        -22.6652
        -46.9563
        -61.3171
        -95.5057
        -68.9139
         29.2171
         67.5356
        -11.4496
         42.1388
        -32.7336
        -51.5478
       -112.8165
        -77.6408
        -11.9713
        -12.4476
        -31.0278
        -28.7042
        -69.5478
        -58.1454
        -80.3264
        -55.6540
         76.8784
         -7.7706
        -36.4295
        -59.3035
        -52.4707
        -28.2407
        -65.6118
        -15.3148
         37.3115
         58.5512
         -1.1492
        -22.3520
        -16.3138
         -4.0645
        -19.3420
        -17.7850
         80.7459
         23.5485
        -54.1187
        -51.2621
        -69.0959
        -46.8709
        -88.1219
          4.1994
         81.2098
         75.5537
        -41.7292
        -63.1159
       -104.8211
        -60.1160
        -63.8736
        -53.4964
        161.0194
          2.2243
        -43.2406
        -13.3604
        -17.3048
        -22.6384
        -43.8865
        -64.0420
          3.0664
        -24.1040
       -112.1310
       -109.3737
       -110.1961
        -62.6066
        -56.5762
        -47.5150
         50.2567
         11.0303
        -47.2900
        -49.9526
        -80.5983
        -54.2006
        -53.8782
        -52.5075
         17.7171
         30.6107
        -43.8702
        -38.3835
          2.5718
          5.7963
          3.4955
         90.6309
         20.2596
         41.3644
        -17.1767
        -49.1515
        -52.3988
        -47.5364
       -115.2535
         31.7970
        159.6863
         51.4606
         42.2142
        -30.2052
        -47.0137
         -7.2426
        -40.8431
        -15.0581
         45.4960
         18.8163
         -9.5956
        -28.6910
        -60.5199
        -66.9208
        -71.3407
         54.5097
        127.6120
        -23.5337
        -61.0903
        -68.1288
        -83.9775
        -76.9999
        -79.9033
          1.0229
        112.0950
         10.5216
        -79.4823
        -72.9041
        -22.0934
         36.3002
        -55.2765
        -15.4163
        167.3011
         50.4256
        -20.4374
        -17.9002
        -54.0205
        -23.7322
        -36.7143
         -0.8550
         24.9833
        -26.1754
        -70.4786
        -45.6856
        -27.5093
         12.4076
         57.5831
         52.1814
        101.5457
         33.4401
        -39.7914
        -47.7854
        -43.0709
        -56.0787
       -100.6441
        -71.5970
        109.0648
         -9.0543
        -84.4960
       -121.4221
       -140.5201
        -86.5740
       -111.8865
        -57.2124
         37.6819
          7.6466
        -37.5828
        -66.8597
       -115.5896
       -116.8463
       -117.3613
        -54.1912
         43.6559
         40.4143
         40.5857
        -16.2631
        -68.2175
        -65.3069
        -60.8541
        -47.4075
         81.1562
         78.7874
         -9.5032
        -42.7366
        -43.9306
        -10.1022
        -31.0574
        126.0552
        300.9137
         98.3046
         29.1484
         -8.9425
         -3.0681
        -24.9421
        -68.4559
        -66.4748
         63.3823
         67.4004
         13.4759
          3.5995
          1.1236
         19.8871
         13.8942
         27.4520
         80.3027
         34.4327
        -16.3422
         -9.2313
         -3.9380
         10.9694
        283.0745
        371.5312
         91.9396
         22.2221
        -29.3231
        -31.1559
        -39.0262
        -24.8553
        -39.3250
        -26.6206
         65.4676
         39.3628
        -48.4814
        -51.0858
        -68.7223
        -42.4098
         97.6398
        284.9079
        196.7007
         64.2262
        -22.6294
        -56.9755
        -76.8438
        -67.2948
        -59.8350
        -82.9460
        -98.2000
       -102.3773
        -91.1531
        -68.3122
        -59.8178
        -48.4908
        -52.0175
        -52.6140
         -6.7165
        -20.4432
          0.0000
          9.0520
        -42.1471
        -31.2701
          0.0000
         24.7576
         56.0134
         20.4614
          4.1448
        -44.7338
        -23.7695
         -6.7603
        221.6102
        300.4139
         56.6981
         28.3650
        -13.8232
         -6.9166
        -35.3128
        -54.1765
        -44.1786
        -45.3957
         40.2098
        -23.3478
        -38.6596
        -30.1627
        -28.7562
        -30.0448
        -43.5924
        -69.1485
        -46.8912
        -16.3774
        -54.2887
        -31.8640
        -32.7677
        -33.9287
        -44.3467
        -40.4586
         20.7517
         -6.7879
        -69.7840
        -66.9286
        -77.2077
        -35.7757
        -56.3311
        -24.9528
         11.5860
         12.7514
        -36.8168
        -35.4570
        -47.3594
        -33.6758
        -42.5388
        -34.9147
         60.6481
         77.5143
          8.9551
         11.0981
        -18.9619
        -68.7123
       -104.6320
        -70.6307
        102.0728
        115.3040
        -98.5452
        -86.3090
        -71.8230
        -91.2870
        -98.9393
       -141.8495
        -10.9453
         -2.0560
         -1.9135
          2.3203
        -25.9920
        -29.1065
        -60.5720
        -46.1800
         30.2334
         52.8572
         72.7070
         60.4046
         58.0178
        -13.0748
        -64.2930
        -82.7996
        101.1957
        237.2049
        -25.2638
        -41.3158
        -52.8339
        -40.7225
        -48.3822
       -106.8490
        -31.1171
        -41.2801
        -50.9842
        -56.0653
        -45.3393
        -37.9168
        -58.6086
        -30.6931
         89.2558
         45.9586
        -12.0867
        -32.7413
        -59.5457
        -52.3509
        -78.6613
        -29.7549
        132.1281
         90.4150
         -0.5054
        -33.1000
        -64.8077
        -74.2122
        -82.3377
        -96.8306
       -122.5409
        -73.7684
        -94.5574
        -99.4884
        -73.1973
        -57.5366
        -63.3953
        -47.9013
         14.5276
          8.2484
        -39.4985
        -45.8652
        -49.3506
        -29.3392
        -41.7954
        -17.7687
         45.7176
         28.9867
        -19.8191
         -3.5072
        -50.6479
        -40.8151
        -55.5912
        -57.4300
          7.9648
         13.0575
        -21.8408
        -11.5755
        -52.4761
        -49.8714
        -48.7379
        -10.1624
         94.1643
        178.2545
         57.8239
          3.6803
        -50.6453
        -50.2249
        -38.8589
         -1.1854
         18.1161
         18.3250
         13.9552
         43.2846
         33.5750
         83.8830
        137.4113
        115.8740
        110.4676
         30.4945
          3.2052
         -4.2602
        -60.1115
        -59.9760
        -59.0713
         -5.7627
         60.4107
         29.4746
        -21.4292
          4.1085
         -9.9812
        -41.7510
        -76.8400
        -34.1171
        -15.9729
         18.3510
        -24.9630
        -55.1427
        -62.0720
        -38.9028
        -33.4858
         10.3593
        174.2030
        206.0449
         26.0883
        -36.8642
        -43.4997
        -15.3719
         -5.5115
         67.0091
        155.3970
        124.5937
         20.1722
        -21.8506
         22.0010
        108.0893
        -38.4955
         -9.4734
        121.7996
         87.7325
        -14.8219
        -34.4896
          5.4758
        114.9769
         82.2495
        186.6428
        343.6200
        127.5623
         -5.3612
        -21.0760
         56.3066
        104.1077
        -43.8615
         -3.9048
        152.6444
         28.3197
        -72.7226
        -44.2455
        143.9790
        201.6411
        -50.5750
        -54.1567
        -97.1858
        -58.9150
        -81.5712
        -56.2714
        -59.5666
        -44.4342
         -4.6675
        272.5428
        346.0639
        -24.5462
        -72.1829
        -38.5363
        -32.1564
        -37.7389
        -54.6909
        -50.6031
        181.7823
        193.9268
        -28.3105
        -74.9891
        -95.3259
        -88.9883
        -84.2080
        -57.5867
        120.9473
         68.0609
          0.8863
        -77.1524
       -109.6344
        -51.2139
        -77.7103
         29.4538
        117.9410
         56.6343
         17.5206
        -29.4363
        -76.4798
        -55.3027
        -70.6428
        -48.5761
        -33.9511
        -24.4825
        -61.0230
        -53.2254
        -82.5996
        -71.4578
        -49.1596
        -19.6215
        349.9689
        185.2510
        -17.3806
        -34.4694
        -35.1662
        -17.3349
        -28.8907
        -58.4443
        142.6813
         48.3710
        -64.8166
        -68.0367
       -118.1848
        -94.1014
        -93.4459
        -47.1495
        129.1957
         12.6180
        -83.9995
        -97.0040
       -116.5065
       -124.8282
       -124.3600
        -37.3468
        116.6930
         92.8183
        -16.5514
        -31.1750
        -56.6855
        -51.1838
        -54.6953
         20.2792
         86.0624
         38.3944
        -35.1975
        -46.6620
       -100.8757
        -95.8308
        -85.4074
        -42.8044
         31.2639
         13.9110
         -9.9875
         36.9124
          8.8123
        -26.8559
        -43.7974
         -9.9972
        180.7649
         74.3458
       -120.6850
       -111.3806
       -162.9063
       -166.4749
       -122.2755
       -107.6306
        -24.4112
        -45.8798
        -91.6451
       -103.0314
       -166.8044
       -123.0650
        -51.1706
        -37.0984
         12.4372
         16.3568
         36.2849
         11.5084
        -33.1180
         -0.2953
          9.4594
         18.4317
         46.0997
         17.6078
        -12.5414
        -11.1733
        -24.7934
        -23.5758
        -37.4172
        -14.4583
         96.7769
         54.2907
        -42.2664
        -59.1011
       -178.1918
        -99.1763
        -71.0535
        -50.5730
          7.1549
          5.2233
        -39.2811
        -53.5159
        -87.1762
        -69.5132
        -80.3440
        -44.1897
       -113.3314
        -26.1259
        -36.9926
         -4.7324
        -59.4469
        -72.5183
        -71.6195
        -33.9981
        228.0839
        120.6423
        -28.8289
        -26.0023
        -43.5283
        -39.2111
        -63.6279
        -46.0787
        172.6890
         77.5014
          9.1175
        -48.8418
        -92.5053
        -93.7865
       -104.0654
        -46.7424
         -0.5023
        -28.2706
        -53.7777
        -58.8725
        -72.9762
        -80.7233
        -49.7993
        -15.0529
         61.5350
         30.0086
          6.1914
        -26.8384
        -78.5794
        -23.2892
        -21.6694
        -49.8476
       -100.4173
        -80.8009
        -53.9464
        -41.2305
        -55.7237
        -39.1805
         57.1004
         27.6551
        160.6172
         79.0214
          3.5335
        -16.7504
        -40.7178
        -44.9909
        -41.7682
         48.2420
        280.0129
        143.7744
        -31.9192
        -30.9551
        -11.5421
        -66.5512
       -109.5996
        -37.3956
         25.4964
         43.1400
          1.3107
          8.4913
         -3.8400
         18.0536
         58.0362
         62.6422
        116.8263
         87.7236
         92.8815
         74.6879
         27.6401
        -14.8899
        -40.8651
        -19.1488
        137.6416
         88.8047
        -25.6430
        -14.6047
        -25.7178
        -52.3682
        -51.4138
        -39.3391
        -65.2252
        -62.9389
        -52.9113
        -45.5369
        -64.4669
        -29.4214
        -11.3503
         13.4764
         49.1121
          2.0033
        -13.8869
         11.6675
         33.0857
          2.2197
        -57.6414
         -9.6545
         89.9654
         36.3993
          6.5017
          3.8584
        140.8868
        -41.9235
       -104.6863
        -50.6422
        230.4385
        105.0909
        138.6694
          3.1359
        -96.4053
       -140.3584
          2.2880
        -64.3104
         69.1712
        143.8247
          8.0770
         50.6142
        -48.4310
        -49.5504
        -57.7351
        -31.9806
         28.6144
          7.0121
         24.1168
         19.2625
        -78.7753
        -43.1283
        -54.0215
        -45.7532
         11.4849
         77.8104
         97.6975
         68.7482
         33.9125
        134.2455
        181.9241
        -33.5788
          9.9652
         49.4566
        -80.1532
        -67.6194
        -76.9678
        -29.1020
        -22.9848
        303.5121
        221.7304
         -4.3669
         -9.1810
         -9.1036
        -39.9268
        -48.0732
        -57.3601
        -39.0554
          8.4082
         28.3817
         -3.8440
         -6.8917
        -90.8197
        -74.8803
        -95.0571
        -73.1993
        -17.7735
          8.6542
         -3.5839
         -4.6113
        -33.5663
        -57.9653
        -44.7601
         -3.6437
        170.1050
        107.4635
         20.2806
         27.0713
         -2.1359
        -11.6688
        -71.7981
        -52.0584
        211.1801
         30.2118
        -65.2890
        -27.2098
        -37.7474
        -69.6694
       -136.5471
        -32.0199
        255.7345
        121.0416
        -35.6783
        -17.2149
        -43.3807
        -31.2158
        -80.7167
        -90.7124
        -89.9868
        -78.0761
       -128.3290
       -129.9653
       -133.7932
       -100.4132
       -137.4416
        -98.2667
         -5.9897
         26.8025
         -9.9344
        -13.6810
        -62.7566
        -77.0081
       -106.5266
        -92.0517
        -21.2212
        -25.7519
        -50.6295
        -31.2854
        -45.2415
        -57.9579
        -48.6935
        -14.5647
          9.4947
        -33.4053
        -47.1238
        -46.6308
        -65.1820
        -48.4776
        -46.5406
        -28.3628
         45.1310
          1.1141
         16.3252
         27.4550
        -11.6555
        -33.7714
        -11.5721
        -12.2944
         10.0111
          0.0000
          0.0000
          0.1880
          0.0000
          0.0000
         -7.9326
        -15.0861
         38.3468
        -11.8572
        -11.0790
         41.1329
          7.0171
        -23.7501
        -33.5570
        -26.0512
         60.8891
         60.4515
         56.5473
         53.5246
        -13.4327
        -47.8738
        -54.1342
         -8.5835
         77.7956
        197.6307
         70.9377
        -40.2912
        -44.1334
        -16.6775
        -18.0815
        -34.3020
         17.9662
         31.8091
         21.0958
         11.7185
        -39.7552
        -68.3503
        -57.6538
         97.4447
        172.9782
        155.6495
        125.3164
         28.8020
        -13.2450
        -58.2056
        -87.9861
        -17.9695
         81.4673
         57.1393
         90.2693
        -51.7522
        -89.4146
        -48.8897
        -44.0641
        -16.8100
         23.6375
          4.9553
        -70.5892
        -85.7186
        -78.4949
        -75.1161
       -100.9547
        -55.9941
        -34.6885
        -69.9649
        -92.8931
        -74.7865
        -75.7237
        -49.8322
        -70.4495
         -5.0474
         53.6248
          6.7667
        -23.9043
          3.3752
        -36.5026
        -55.0838
        -76.3576
        -87.8453
        -23.7303
        -20.9178
        -48.6351
        -77.7216
       -105.5155
       -124.8963
       -110.2820
        -62.4559
         42.3248
         10.8741
        -30.3189
         15.5986
         -3.2222
        -29.8676
        -47.1275
        -25.5861
         35.0990
         -2.9560
        -52.0724
        -59.8105
       -114.9536
        -74.0497
        -81.5016
        -51.2846
         52.6075
         14.2562
        -11.8113
         19.8637
        -11.3644
        -49.6564
        -80.7143
        -81.9252
         33.8413
         71.7873
        -17.3160
        -58.0557
        -77.1933
        -55.9935
       -110.3166
        -23.9931
         81.1291
         17.6033
         36.9723
         28.4802
         17.3621
        -41.9038
        -62.2105
        -18.3381
        -18.1543
        -66.5562
        -52.5411
          4.1088
        -23.8712
        -51.3975
        -72.6759
        -33.7565
         29.4211
         19.8494
        -14.7182
        -21.7721
       -123.6420
        -71.9048
        -78.5605
        -25.5442
         41.8560
         41.7310
        -35.2728
        -16.5065
        -57.1513
        -81.1937
       -111.4741
        -32.8251
       -133.0922
       -168.9335
        -55.4846
         -9.8386
        -59.1974
        -62.0185
        -66.3927
        -29.3240
         30.5477
         32.1282
         48.0077
         76.1491
         30.7768
        -16.8141
        -38.4499
         59.8078
        228.4035
         86.9438
         52.5464
         73.2072
         34.7322
        -14.8100
        -28.9527
        -25.8983
        -41.8894
        -70.3916
        -54.8101
        -19.8873
        -63.7253
        -85.8565
        -97.5641
       -100.6323
        -50.8624
        -74.5941
        -11.1073
         -9.3197
         25.8510
        -30.4639
        -73.8788
        -17.7202
         15.4347
          0.0000
          0.0000
         47.4959
          7.0845
        -30.2145
        -93.6327
        -90.1835
         10.7999
         39.8378
          2.6325
         -9.7355
        -64.8281
        -72.1559
        235.9633
         48.2690
         17.9555
         30.4355
        -36.4343
        -23.5270
        -32.4969
         43.1886
          8.6076
        -35.2490
        -45.9084
        -39.2848
          8.8865
          7.4672
        -61.8477
        -85.0250
       -100.7227
        -15.4317
         19.8572
        -13.7434
        -27.3478
          0.0723
        -65.1149
        -71.3704
        -95.3207
         -2.3906
         77.7982
         -1.2643
        -28.5716
        -34.7487
        -50.6852
        -57.4436
        -62.0007
        -55.1983
         22.6552
        -16.3113
         -5.1195
         14.5647
        -62.2844
        -39.2394
        -47.3813
       -126.6829
         26.7137
        -20.8682
         11.5682
         15.5714
          8.9112
         21.1779
          5.0137
        266.5169
        262.9300
         56.4199
        -24.7866
          0.1635
         72.8359
         52.5119
         19.7783
        179.9748
        337.1577
         43.2510
        -20.2846
         -5.2806
        -30.7024
        -56.1190
        -36.0373
         -6.5445
        -25.3702
        -19.5769
         15.7291
         10.9505
        -10.2380
        -31.1517
        -69.2723
        -12.3125
         37.5426
         34.1548
          2.4247
        -22.6907
        -80.5150
        -84.2471
        -90.1047
        -22.1172
         41.0645
         -0.8818
        -41.7987
        -31.9191
       -106.2486
        -62.5343
        -66.8880
         -8.0369
         24.2416
        -21.7894
          7.4708
         52.1289
         -0.1061
        -53.8231
        -76.7357
        -77.8821
        -58.2937
        -46.0171
        -40.4115
          7.2798
         20.0273
        240.8842
        200.5987
        175.9075
         59.8112
         26.4697
         -8.2064
          8.2416
        -30.9025
        -36.8452
        -28.5726
         28.9351
         57.2186
        -13.1603
        -32.0554
          9.6224
        -21.3192
        -42.5084
        -40.0789
        -21.8244
        176.0078
         94.3699
        -68.4045
        -50.8510
        -86.3966
        -89.7554
        -88.5899
        -37.2388
         35.1193
         -0.0729
         19.0880
         80.1299
          4.5267
        -19.5959
        -35.6947
        -24.5821
         56.8709
         62.4304
        155.3121
        112.9015
        -19.1934
        221.0118
        -20.9495
        -12.4044
         58.6366
          8.2579
        -56.9957
        -38.5559
        102.5796
        118.3084
        459.7668
         99.0906
        104.4332
        111.1051
         55.9680
         49.6625
         28.3363
        -30.1516
        -48.0138
        -30.3985
       -161.2208
        -43.6913
         -6.4591
         53.6768
         29.2386
         10.0510
         11.9223
         45.2345
        120.4700
        144.9815
         93.0579
         79.7795
         50.8825
        -20.8875
        -23.2685
        290.9006
        642.1285
        321.2772
        -10.7535
         34.2795
         36.3093
        120.5742
        372.6255
        278.9746
         99.8711
         -7.1722
         46.9162
         95.9833
          6.8298
        -51.6896
        -52.1048
        -10.0124
        -14.8052
        -64.6986
        -61.2865
         49.1179
         37.2138
         -2.3961
          2.4846
        -15.2915
        116.1282
        267.3195
        160.8864
         63.9934
        -23.8969
        -69.1762
        -76.4548
        -44.1137
         39.4571
        -92.2524
        -94.1033
        -68.3079
       -105.3271
        -68.4697
        -40.1920
         74.7725
        225.5947
        165.8367
        166.0346
        214.5469
         45.1287
        -24.6999
        -39.0966
         86.8929
        292.5817
         64.2203
         -9.3800
         46.3868
        -10.3498
        -53.5007
        -39.2164
        185.4284
       1261.0177
        728.7894
         50.7060
         29.7591
         -2.6270
         -4.8511
        -26.2375
        -23.5839
        204.6708
        452.1548
        113.7766
         31.3396
        129.6376
        412.7637
        936.0983
       1051.1225
        235.8426
        -36.5934
        -30.1631
         16.8670
          0.0000
        -18.1883
        -35.3676
         30.6527
         16.8009
         62.3341
        -39.7670
         13.1332
        -21.2983
        -57.3196
        -32.7610
        -46.2334
         34.6710
         92.7594
        152.3339
         64.4259
        -41.7107
        -70.6236
       -126.7305
         83.0838
          2.5705
        -27.7443
         -4.0052
         66.8989
        128.0751
        110.6804
         18.0513
        -53.7598
        -22.1897
         51.7402
         64.6571
         34.3347
        -57.0107
        -12.5974
        -17.5897
        244.2070
        504.1620
        157.0620
         23.0951
         25.9082
        -24.1497
        -40.6717
        -66.3464
        -19.3643
         68.5029
         29.4974
        -25.9363
         10.9585
        -34.4973
        -62.0562
        -49.6640
         -8.9148
        294.0937
        345.9650
         -7.9160
          9.4956
        -45.2026
        -42.7715
        106.2036
        159.8144
        189.3842
         41.9431
        -10.2577
          5.6189
        -27.1244
       -110.9138
       -170.7335
       -131.7669
        -55.3566
        -30.3036
         39.0997
         -2.2596
        -46.6302
        -90.3167
        -87.8870
        -59.0925
          9.9112
        -31.0303
        -32.3966
        -15.8399
        -53.6964
        -98.5621
        -93.7179
        -55.2684
          9.4982
        -32.8351
        -37.6162
         -2.0753
        -12.5086
        -25.2273
         -8.9868
         -1.5359
          0.2501
         20.1597
         -4.4970
          4.7675
        -42.0160
        -56.6363
        -47.6312
          4.7494
        162.3706
        450.2474
        763.4337
       1006.0865
        718.3867
        133.1687
        -40.2371
        -28.4364
         29.6369
         96.7179
        -48.3689
         29.9623
         31.5531
        -72.1630
        -91.3378
        -72.3738
        -35.7195
        -17.9445
        -76.2941
        -33.5866
        -65.9076
        -62.6819
        -54.8132
         69.6773
       -139.0403
        -65.3596
        -37.1322
          9.3380
        -21.2799
        -66.9212
        -56.7563
         30.8412
       -100.2102
        -69.7061
        -14.6942
        149.7406
        192.6684
        -31.5049
        -97.9922
         -6.7823
         52.9417
         21.0624
        -36.3591
         -5.9854
        -25.6907
        -20.8702
         11.0968
        196.1108
        345.6862
         41.9925
        -49.7545
         14.6660
        457.6824
        716.0435
        949.2648
        229.5583
         88.9271
         33.0905
        103.0602
        328.7544
         25.5162
        -21.4832
        -11.2901
        -68.2292
        -93.8472
         88.2321
        -62.1002
        -20.9450
        -27.4142
          2.6848
         -6.2814
        -30.5362
        -40.7349
        -27.8502
        -34.4822
          2.9947
        -42.9388
        -84.3384
       -123.0788
       -115.0614
       -118.9890
        -97.4505
        -47.6179
        -29.9194
        -76.1710
        -75.3051
        -56.5042
        -49.1966
          8.8985
         -3.6736
         -6.0899
         -4.6461
        -37.1775
        -46.4520
       -109.0120
        -86.9753
         -3.8807
         16.8132
         65.9865
        134.8163
        128.2649
         58.9112
          0.4657
        -23.4559
        -53.9752
        -23.7854
        -25.9171
         -0.6265
        -21.2281
        -46.7962
        -12.1229
        400.8652
        117.4313
         16.5367
         20.3371
         81.6735
        -36.2192
        102.4552
        159.3091
         -1.1833
        -56.7517
        -44.6443
        -41.8596
        112.7498
        197.5484
        -28.6201
        -36.8685
        -18.4226
          6.7723
        -90.3276
        -99.3932
        -87.1188
       -107.9769
        -10.1753
         81.1170
        442.8472
        101.3662
        -25.7838
        -30.1013
         27.1210
         -5.9045
        -45.7201
        -39.5088
          9.4173
         70.3176
         62.2696
        -10.6042
         22.0331
        -81.0608
        -36.2772
        -10.1530
        -28.2620
       -108.0749
        -11.7038
         81.7219
         47.0749
         10.8879
        -58.0592
        -71.7893
        -68.1025
        -63.8565
        -25.0686
         22.8275
         72.0863
         66.1572
         68.8197
         74.5317
         62.9390
         20.7383
         93.7207
         91.2862
         90.5830
         15.8909
         10.3874
        198.5454
        306.5947
         48.3036
         -7.5713
        -67.2322
        -47.4635
         30.6099
        -91.5703
       -257.9411
        -81.8362
         48.9904
        115.9077
         46.5890
         12.7041
        -58.5539
        111.9261
         57.5198
         20.0863
        -20.0036
        -29.3801
        -47.5896
         38.9889
         12.1722
        -10.4576
        -46.6445
        -31.3061
        -95.4558
        -88.7442
          3.0771
         -6.7030
        -25.5138
          2.6171
         11.8313
         85.3193
        359.3452
        137.3706
        190.2325
        113.3034
         76.3272
         -7.3793
        -58.6340
         53.2149
        115.0199
        -74.4177
        -19.7882
         23.6398
          0.5857
         -3.4724
        -32.6889
        -31.2938
        -95.6571
        -75.0572
        -45.8284
        -26.1132
        -79.3082
        -25.7995
        -84.9184
        -80.6442
       -184.6149
          4.7941
        -32.7655
        -15.6659
        -11.4224
         -0.5901
        -48.8030
        -52.5335
          7.9971
          4.6868
         37.4892
         48.8892
         37.9463
         11.1163
        -36.4373
         48.9260
        109.6664
         41.3751
         13.1871
         50.6810
         82.4002
         81.7985
       -107.5374
       -117.2102
        147.4653
         -0.2216
        -95.2639
        -64.2810
        -25.6373
        161.8084
        198.6954
         42.8145
         24.8515
         -7.8038
        -16.9530
         16.3923
        -35.4456
        -30.4108
        -32.7747
         66.4291
        202.8606
         71.2230
        -24.6946
          7.8791
         13.2092
          3.4927
         70.2321
          6.0584
        -12.3823
         66.9655
         49.0308
         59.0511
         22.7787
         94.9275
        209.4338
        377.7506
        273.0722
        144.7433
        -33.7619
        -29.6456
        -37.1899
        -41.0428
        -29.3201
         26.5931
         31.0474
        -18.6801
        -26.6098
          2.7646
         -7.4213
        -27.7519
         -6.4038
         43.3111
         37.9021
         -0.5524
         33.6433
         33.7281
        -14.0269
        -16.1990
        -59.7113
        -16.1382
         25.5552
         14.4495
        -15.8831
        -37.5305
        -61.0259
        298.6695
        298.5197
        146.4824
        -27.7324
        -36.5124
        -32.0186
         -4.8030
        -37.1047
        265.4014
        205.5982
        -43.9998
        -61.6491
        -30.9133
        -37.5250
         -1.8387
        -52.9003
        -54.4849
        -36.6967
         22.8746
        116.3919
        116.3919
