          0.0000
          0.0000
          0.0000
          0.0000
          0.0000
          0.0000
          0.0000
          0.0000
          0.0000
          0.0000
          0.0000
          0.0000
          0.0000
          0.0000
          0.0000
          0.0000
          0.0000
          0.0000
          0.0000
          1.6088
          0.7112
          0.0000
          0.0000
          0.0000
          0.0000
          0.0000
          0.0000
          0.0000
          3.8323
          0.0000
          0.0000
          0.0000
          0.0000
          0.0000
          0.0000
         12.2590
         24.4167
         12.7117
        293.4025
          0.0000
          0.0000
          0.0000
          0.0000
         12.2192
          2.5667
          0.0000
        128.9359
         27.2488
          0.0000
          0.0000
          0.0000
         10.2555
         41.7908
        142.4530
        334.8934
        139.4677
          0.0000
          0.0000
          0.0000
          0.0000
         40.1234
         55.0210
        212.0013
        177.4472
         30.7586
          7.3776
          0.0000
          0.0000
          0.0000
          0.0000
        130.2318
         85.8869
          0.0000
          0.0000
          9.6922
         89.4198
         47.0961
          1.5417
        328.3440
        377.6480
        354.7662
        362.4604
        249.3230
         45.2236
          0.0000
          0.0000
         10.3811
          0.0000
          0.0000
          0.0000
          0.0000
          0.0000
          0.0000
          0.0000
        317.6465
        279.5225
         89.4700
        294.6724
        368.0157
        226.5807
         67.3116
          0.0000
         18.9387
          0.0000
          0.0000
          0.0000
          0.0000
          0.0000
          0.0000
          0.0000
        178.1050
         70.1497
         49.7145
          0.0000
          0.0000
          0.0000
          0.0000
          0.0000
        153.9606
         55.0525
          0.0000
          0.0000
          0.0000
          0.0000
          0.0000
          0.0000
          0.0000
          0.0000
          0.0000
          0.0000
          0.0000
          0.0000
          0.0000
         98.6182
        107.8477
          0.0000
          0.0000
          0.0000
          0.0000
          5.6075
          5.0333
        419.4378
        108.3705
          0.0000
          0.0000
          8.6698
         12.3922
         17.6728
         39.6374
        208.1194
         89.2680
          0.0000
          0.0000
         37.2425
         34.9974
          0.0000
          0.0000
          0.0000
         56.0319
          0.0000
          0.0000
          8.3076
          0.0000
          0.0000
          0.0000
          0.0000
          0.0000
          0.0000
          0.0000
          0.0000
          0.0000
          0.0000
          0.0000
          0.0000
         95.5829
          0.0000
          0.0000
          0.0000
          0.0000
          0.0000
          0.1539
          0.0000
          0.0000
          0.0000
          0.0000
          0.0000
          0.0000
          5.4389
          7.1966
          0.0000
          0.0000
          0.0000
          9.4537
          8.7875
         13.4731
          0.0000
          0.0000
          0.0000
        189.5973
        163.4328
        169.8293
        280.7699
        280.7335
        216.7085
         -4.7956
          0.0000
        204.2357
        184.0770
          8.9464
          0.0000
          0.4053
          0.0000
          0.0000
          0.0000
        345.1778
        339.8128
         56.2682
         67.3061
         68.4169
         39.1231
         12.2688
          0.0000
        210.7297
        220.5194
          0.0000
         10.2618
          0.0000
          0.0000
          0.0000
          0.0000
          0.0000
          0.0000
          0.0000
          0.0000
          0.0000
          0.0000
          0.0000
          0.0000
          0.0000
          0.0000
          0.0000
          0.0000
          0.0000
          0.0000
          1.2276
          4.8181
        263.5798
        137.8242
          0.0000
          0.0000
          0.0000
          0.0000
          0.0000
          0.0000
        119.7504
          0.0000
          0.0000
          0.0000
          0.0000
          0.0000
         32.4560
          0.0000
         50.4743
          0.0000
          0.0000
          0.0000
          0.0000
          0.0000
          2.3266
          0.0000
          0.0000
        137.7044
        302.6791
        241.6163
         82.1659
          0.0000
          0.0000
          0.0000
         99.2077
        206.7636
         21.6277
          0.0000
          0.0000
          2.7931
        -10.4926
          0.0000
         32.9077
        508.7315
          0.0000
         47.5308
          7.2378
          0.0000
          0.0000
          0.0000
        245.9777
         73.4261
          7.0619
          0.0000
          6.4453
          1.1011
          0.0000
        560.0167
        769.4090
        335.0086
          0.0000
          0.0000
          0.0000
          0.0000
          1.9842
          5.7322
         42.5318
         48.2662
          0.0000
          0.0000
          0.0000
          0.0000
          0.0000
          0.0000
         70.9220
          0.0000
          7.5571
          6.4454
          4.5037
         21.7950
         25.6114
          8.0983
        323.9366
        213.8914
         42.5093
          0.0000
          4.2254
        168.2230
        354.2919
        205.3994
         51.5372
          0.0000
          0.0000
          0.0000
          0.0000
        117.9577
         81.6753
          0.0000
        113.7789
         74.6131
         14.4644
          0.0000
          0.0000
          0.0000
         -0.0674
          0.0000
        122.8233
        111.6914
          0.0000
         14.4804
        133.5514
        140.8335
         22.8077
        121.8062
        102.9875
         79.4988
         17.9538
          4.1498
          0.0000
          0.0000
          2.0054
          6.7361
        396.1770
        158.1613
          0.0000
          0.0000
          0.0000
          0.0000
          0.0000
          0.0000
        138.9621
        180.5727
         52.2740
          0.0000
          0.4793
          0.0000
          0.0000
          0.0000
        337.7488
        382.1464
         18.7794
          0.0000
          0.0000
          0.0000
         13.1108
          0.0000
        216.5861
         82.6884
          0.0000
          0.0000
          0.0000
          0.0000
          0.0000
          0.0000
          0.0000
          0.0000
          0.0000
          0.0000
          3.2387
         16.7251
         25.9214
          0.0000
         39.7687
          0.0000
          0.0000
         14.8946
        140.0073
        403.3181
        176.6860
          0.0000
         10.3119
          0.0000
          0.0000
          0.0000
          0.0000
          0.0000
         15.4766
         99.2839
        127.8949
          0.0000
          0.0000
          0.0000
          0.0000
          9.3936
         30.1039
        197.2287
         53.8309
          0.0000
          0.0000
          0.0000
          0.0671
          7.7183
         23.3162
        164.4267
         80.1977
         20.7275
          0.0000
          0.0000
          4.9727
          9.9225
         10.8541
          0.0000
        346.2358
          6.4130
          0.0000
          0.0000
        113.0308
         25.5849
         95.7014
        472.7514
        483.2424
        217.1947
          0.0000
          0.0000
          0.0000
          0.0000
          0.0000
          0.0000
        149.8646
         89.9688
          0.0000
          0.0000
          0.0000
          0.0000
          0.0000
          0.0000
         90.6129
        153.0947
          0.0000
          0.0000
          5.2591
         35.4447
         23.1018
          9.1741
        266.7778
        255.7815
        437.3704
        480.5212
        253.0800
        182.4006
        140.7847
        111.6070
        103.0752
          0.0000
          0.0000
          0.0000
          0.0000
          0.0000
          0.0000
          0.0000
         77.5653
         70.8386
          0.0000
          4.9620
         12.2114
         13.8689
         51.5768
         63.0397
        128.7241
        125.4554
          0.0000
          0.0000
         19.2518
         78.1118
          0.0000
          0.0000
        220.0633
        143.0876
          0.0000
          0.0000
          0.0000
          0.0000
          0.0000
          0.0000
         69.5148
         23.8133
          0.0000
          0.0000
          0.0000
          0.0000
          0.0000
          0.0000
        251.0567
        417.9088
        466.1763
        527.8411
        505.8386
        541.5884
        575.8589
        351.3834
        230.7996
          0.0000
          0.0000
          0.0000
          0.0000
          0.0000
          0.0000
          0.0000
          0.0000
          0.0000
          0.0000
          0.0000
          0.0000
          0.0000
          0.0000
          0.0000
        102.2503
        106.0387
         22.8103
          0.0000
         13.3128
         26.6024
          6.1477
        200.5432
        629.1508
        382.4185
        356.4205
        440.1424
        390.6014
        317.6591
        262.0411
        286.9674
         68.9029
          0.0000
          0.0000
          0.0000
          0.0000
          0.0000
          0.0000
          0.0000
        111.7287
         75.6091
          0.0000
          0.0000
          0.0000
          0.0000
         13.2737
         83.6208
        247.3162
         74.7805
          2.7814
          0.0000
          0.0000
          0.0000
          0.0000
          0.0000
          7.6591
          0.0000
          0.0000
          0.0000
          0.0000
          0.0000
          0.0000
          0.0000
          0.0000
          0.0000
          0.0000
          0.0000
          0.0000
          0.0000
          0.0000
          0.0000
         77.7115
          0.0000
          0.0000
         13.1717
          7.5987
          4.7235
          0.0000
          0.0000
          0.0000
          0.0000
          0.0000
         10.5515
         50.1333
        158.4433
        225.5872
        174.1428
          0.0000
          0.0000
          0.0000
          0.0000
          0.0000
        158.6039
        237.2763
          0.0000
          0.0000
          0.0000
          0.0000
          0.0000
          6.0370
        177.7629
        151.1744
          0.0000
          0.0000
          0.0000
          0.0000
         20.1860
         28.3991
         34.5081
         -0.0240
         60.7864
         21.6003
         37.4437
         37.8403
         15.5923
         40.6234
        103.4045
         31.6769
          0.0000
        414.8273
        242.0351
         25.8811
          0.0000
          6.9718
         29.0072
        159.5353
        107.0376
        332.5962
         67.2211
          0.0000
          0.0000
          0.0000
          0.0000
          0.0000
          0.0000
         82.2803
          0.0000
          0.0000
          0.0000
          0.0000
          0.0000
          0.0000
          0.0000
        160.6588
        138.9903
         22.1161
         39.2321
         30.4386
         45.1878
        202.7330
        347.6581
        207.4722
        115.6631
        201.1208
        312.4638
        130.6629
          0.0000
          0.0000
          0.0000
         41.7990
          0.0000
          0.0000
          0.0000
          0.0000
          0.0000
          0.0000
          0.0000
        121.5217
         59.3604
          0.0000
          0.0000
          0.0000
          0.0000
          0.0000
          0.0000
         79.3153
          0.0000
          0.0000
         77.6772
        138.3544
          0.0000
          0.0000
          0.0000
        226.5531
          0.0000
          6.0111
          8.6854
         29.7321
         73.3517
        193.7668
        631.7513
        345.3420
          0.0000
          0.0000
          0.0000
          0.0000
          0.0000
          0.0000
         18.6097
        442.7605
        257.6713
          0.0000
          0.0000
          0.0000
          0.0000
          0.0000
          0.0000
         31.3169
          0.0000
          0.0000
          0.0000
          0.0000
          0.0000
          0.0000
          0.0000
        204.8574
         20.6055
          0.0000
          0.0000
          0.0000
          0.0000
          0.0000
          0.0000
         70.6476
        119.2920
         77.3319
          0.0000
          0.0000
          0.0000
          0.0000
          0.0000
          0.0000
          0.0000
          0.0000
          0.0000
          0.0000
          0.0000
          0.0000
          0.0000
          0.0000
          0.0000
          0.0000
         46.6644
          2.5892
         -0.4542
         10.0544
          0.0000
          0.0000
          0.0000
          2.6519
          0.0000
         -0.6327
         22.8829
         38.9529
         94.4124
        107.4266
         78.7485
         21.1949
        129.7420
         12.8206
          0.0000
          0.0000
          0.0000
         61.2710
          0.0000
          0.0000
          0.0000
          0.0000
          0.0000
          0.0000
          0.0000
          0.0000
          0.0000
          1.4630
          6.3057
          5.0475
          0.0000
          0.0000
          0.0000
        103.3004
         43.3413
          6.0155
        183.0750
        254.5184
         51.2836
          0.0000
          0.0000
         77.0542
          0.0000
          1.1134
         -4.1471
        171.7940
        132.4547
         33.6964
        195.4444
        501.0540
        293.0304
          0.0000
          0.0000
          0.0000
          0.0000
          0.0000
          0.0000
          0.0000
          0.0000
          5.5130
          5.7297
          0.0000
          0.0000
          0.0000
          0.0000
          2.7962
          0.0000
          0.0000
          0.0000
          5.4623
          0.0000
         34.4602
        300.1296
        372.5333
         25.0529
          0.0000
          0.0000
          0.0000
          0.0000
          0.0000
          0.0000
         20.8475
          0.0000
          0.0000
          0.0000
          0.0000
          0.0000
         23.1535
          0.0000
         97.9109
         23.5171
          1.9622
          0.0000
          2.4440
          3.5034
          2.9588
         30.4826
         48.1118
          0.0000
          0.0000
         57.6797
        157.5443
        185.7442
          0.0000
          0.0000
        291.4965
          0.0000
          0.0000
          0.0000
          0.0000
          0.0000
          0.0000
          0.0000
        137.0900
         56.6085
         15.6612
         42.2470
          4.2536
          0.0000
          0.0000
         34.9985
        353.5180
         83.6159
          0.0000
          0.0000
          0.0000
          0.0000
          0.0000
          0.0000
         86.7582
         36.0769
          0.0000
         37.9123
         43.2215
          5.9391
          0.0000
          0.5040
        526.1662
        408.5889
          0.0000
         56.1560
         19.2828
          4.3952
          0.0000
         55.4654
        265.3741
        114.7170
          0.0000
          0.0000
          4.2027
         11.7539
         -5.3015
        254.6520
        490.5829
          0.0000
          0.0000
          0.0000
          0.0000
          0.0000
          0.0000
          0.0000
         45.4321
          0.0000
          0.0000
          0.0000
          0.0000
          0.0000
          0.0000
          0.0000
          0.0000
          0.0000
          0.0000
          0.0000
          0.0000
         29.3063
         26.5133
          0.0000
        114.6216
        189.8385
        108.1823
         25.0618
         26.0818
         63.9886
         43.1061
          8.2481
         89.4893
          0.0000
          0.0000
          0.0000
          0.0000
          0.0000
          0.0000
          0.0000
          0.0000
          0.0000
          0.0000
          0.0000
         12.1008
          7.6171
          0.0000
          0.0000
          5.6957
         71.4741
          0.0000
         14.4194
        185.7505
        235.6605
        184.9051
        350.7895
        261.5643
          0.0000
          0.0000
          0.0000
          0.0000
          0.0000
          0.0000
          0.0000
        104.4379
         79.0679
        131.7094
         75.2504
          0.0000
          0.0000
          0.0000
          0.0000
         75.6204
          0.0000
          0.0000
          0.0000
          0.0000
          0.0000
          0.0000
          0.0000
          0.0000
          0.0000
          0.0000
          0.0000
          0.0000
          0.0000
          0.0000
          0.0000
        104.9877
          0.0000
          2.4183
          8.9524
         39.3072
         90.3468
        272.2619
        648.5710
        676.4417
        330.4160
          0.0000
          0.0000
          0.0000
          0.0000
          0.0000
          0.0000
        132.7620
         41.2761
         30.7115
         19.1160
         39.9626
         67.9716
         67.3147
         87.4738
        415.8924
        171.4556
          0.0000
          0.0000
          0.0000
          0.0000
          0.0000
          0.0000
          0.0000
          0.0000
          0.0000
          0.0000
          0.0000
          0.0000
         11.8855
         11.3530
        105.3437
         86.5199
         40.0855
          0.0000
          0.0000
          0.0000
          0.0000
          0.0000
          0.0000
          0.0000
          0.0000
          0.0000
          0.0000
          0.0000
          0.0000
          0.0000
          0.0000
          0.0000
          2.2238
         10.3005
         13.8547
          8.2318
         -2.2076
        323.9564
        357.8098
          0.0000
          0.0000
          0.0000
          0.0000
          0.0000
          0.0000
          0.0000
          0.0000
          0.0000
          0.0000
          0.0000
          0.0000
          0.0000
          0.0000
          0.0000
          0.0000
          0.0000
          0.0000
          0.0000
          0.0000
          0.0000
         17.7326
         32.1081
        110.9519
          2.4022
          0.0000
          0.0000
          0.0000
          0.0000
          0.0000
          0.0000
         84.1539
          0.0000
          0.0000
          0.0000
          0.0000
          0.0000
          0.0000
          0.0000
        251.8101
        119.7893
          4.0561
          0.0000
          0.0000
          0.0000
          0.0000
          0.0000
        139.0500
          6.0107
          0.0000
          0.0000
          0.0000
          0.0000
          0.0000
          0.0000
          0.0000
          0.0000
          0.0000
          0.0000
          0.0000
         74.5967
         46.7838
         43.2854
        235.3058
          0.0000
          0.0000
          0.0000
          0.0000
          0.0000
          0.0000
          0.0000
          0.0000
          0.0000
          0.0000
          0.0000
          5.9411
         12.8421
          4.7946
         11.5843
        143.0321
        296.9937
         27.4109
          6.5148
         20.3432
         11.2235
          0.0000
          0.0000
          0.0000
          0.0000
          0.0000
          0.0000
          0.0000
          0.0000
          0.0000
          0.0000
         19.9433
          0.0000
          0.0000
          3.8248
         10.6710
         11.0609
         24.1466
         15.6677
        301.7780
         54.5326
         21.0065
          0.0000
          0.0000
          0.0000
         41.1773
        177.8918
         63.1217
          0.0000
          0.0000
          0.0000
          0.0000
          0.0000
          0.0000
          0.0000
         36.1593
         38.8342
          0.0000
          0.0000
          0.0000
          0.0000
          0.0000
          0.0000
          0.0000
          0.0000
          0.0000
          0.0000
          1.8205
          0.0000
          0.0000
          0.0000
          0.0000
          0.0000
          0.0000
          0.0000
          0.0000
          0.0000
          0.0000
          0.0000
          0.0000
          0.0000
          5.7678
         35.5897
         34.5161
          6.8078
          3.0247
          0.0000
          0.0000
          0.0000
          0.0000
          0.0000
          6.3608
          9.2398
          2.2905
          0.0000
          0.0000
          0.0000
          0.0000
          0.0000
          0.0000
          0.2209
          0.0000
          8.3308
        169.3176
         94.5752
          0.0000
          0.0000
          0.0000
          0.0000
          0.0000
          0.0000
          0.0000
          0.0000
          0.0000
          0.0000
          0.0000
          0.0000
          0.0000
          0.0000
          0.0000
          0.0000
          0.0000
          0.0000
          0.0000
          0.0000
          0.0000
          0.0000
          0.0000
          0.0000
          0.0000
          0.0000
          0.0000
          0.0000
          0.0000
          0.0000
          0.0000
          0.0000
          0.0000
         29.8416
         26.0210
         10.9798
         60.7912
        116.9318
        489.2745
        399.0901
          0.0000
          0.0000
          0.0000
          0.0000
          0.0000
          0.0000
          0.0000
          0.0000
          0.0000
          0.0000
          0.0000
          0.0000
          0.0000
          0.0000
          0.0000
          0.0000
          0.0000
          0.0000
          0.0000
          0.0000
          0.0000
          0.0000
          0.0000
          0.0000
          0.0000
          0.0000
          0.0000
          0.0000
          0.0000
          0.0000
          0.0000
          0.0000
          0.0000
          8.9333
         12.0714
          0.0000
          0.0000
          3.7596
        152.9930
          0.0000
          0.0000
          0.0000
          0.0000
          0.0000
          7.5319
          0.0000
         16.1749
         49.3156
         17.4258
          5.1528
         47.1604
          0.0000
          0.0000
          0.0000
        329.4654
         99.2030
          0.0000
          0.0000
          0.0000
          0.0000
        103.3481
        273.4304
         56.3223
          0.0000
          0.0000
          0.0000
          0.0000
          0.0000
          0.0000
          3.3917
         53.8830
         66.5285
        184.9805
         89.8854
          0.0000
          0.0000
          0.0000
          0.0000
          0.0000
         20.6869
         17.7855
          0.0000
          0.0000
          0.0000
          0.0000
          0.0000
          0.0000
          0.0000
          0.0000
          0.0000
          4.6394
          0.0000
          0.0000
          0.0000
          0.0000
          0.0000
          0.0000
          0.0000
          0.0000
          0.0000
          0.0000
          0.0000
         10.1898
          0.0000
          0.0000
          4.6576
          0.0000
          0.0000
          2.9095
          0.0000
          0.0000
          0.0000
          0.0000
          0.0000
          0.0000
          2.8853
         61.5155
         45.8032
        195.6732
          0.0000
          0.0000
          0.0000
          0.0000
          0.0000
          0.0000
          0.0000
          0.0000
          0.0000
         16.8904
         26.5627
         13.7875
         12.7163
          5.8440
         -3.8735
          0.0000
        126.9350
          0.0000
         29.6189
         10.5584
         53.5738
         71.8172
         38.9916
         -2.1659
          0.0000
          0.0000
          0.0000
          0.0000
         47.2612
          0.0000
          0.0000
         44.1983
          0.0000
          0.0000
          0.0000
          0.0000
          0.0000
          0.0000
          0.0000
          0.0000
          0.0000
          0.0000
          0.0000
          0.0000
          0.0000
          0.0000
          0.0000
          0.0000
          0.0000
          6.3206
          7.6166
         44.6435
        129.9812
         93.7326
          0.0000
          0.0000
          0.0000
          0.0000
         21.8573
         22.7864
         10.6848
          0.0000
          0.0000
          0.3549
          0.0000
          0.0000
          0.0000
          0.0000
          0.0000
          0.0000
          0.0000
          0.0000
          0.0000
          0.0000
          0.0000
          0.0000
          0.0000
          0.0000
          0.0000
          0.0000
          0.0000
          0.0000
          0.0000
          0.0000
          0.0000
          0.0000
          0.0000
          0.0000
          0.0000
          0.0000
          0.0000
          0.0000
          3.7760
          4.5420
          0.0000
          0.0000
          0.0000
          0.0000
          0.0000
          0.0000
          4.8103
         28.6705
         34.5985
        162.7998
          0.0000
          0.0000
          0.0000
          2.4653
         22.6565
         38.1351
         10.5036
          0.0000
          0.0000
          0.0000
          4.9072
         21.5048
          0.0000
          0.0000
         47.0000
        160.8636
          0.0000
          2.6530
         28.9265
         32.4367
         34.1740
         13.0872
          4.4443
        109.5108
          0.0000
          0.0000
          0.0000
          0.0000
          0.0000
          0.0000
          0.0000
          0.0000
         55.4288
          0.0000
          0.0000
          0.0000
          0.0000
          0.0000
          0.0000
          0.0000
          5.8811
         13.5698
         30.2774
         18.2645
          2.0082
         24.7208
          0.0000
          0.0000
          0.0000
          0.0000
         13.0463
         12.9592
          2.6225
          1.4540
          0.0000
          0.0000
          0.0000
          0.0000
          3.8537
          0.0000
          0.0000
          0.0000
          0.0000
          0.0000
          0.0000
          0.0000
         11.7392
         10.3058
          0.0000
          0.0000
          0.0000
          0.0000
          0.0000
          0.0000
          0.0000
          3.0257
          0.0000
          0.0000
          0.0000
          0.0000
          0.0000
          0.0000
          1.8236
          6.8053
          3.3654
          3.2590
          0.0000
          0.0000
          0.0000
          2.7372
         14.0394
         23.8895
         30.8674
         20.5130
          0.0000
          0.0000
          0.0000
          0.0000
         64.5899
          4.9356
          0.0000
          0.0000
          0.0000
          0.0000
          0.0000
          0.0000
          0.0000
          0.0000
          0.0000
          0.0000
          0.0000
          0.0000
          0.0000
          0.0000
          0.0000
          0.0000
          0.0000
          0.0000
          0.0000
          0.0000
          0.0000
         10.5730
         19.9157
         11.2301
         19.0556
         11.5223
          0.0000
          0.0000
          0.0000
          0.0000
          0.0000
          0.0000
          0.0000
          5.2512
          0.0000
          0.0000
          0.0000
          0.0000
          0.0000
          2.3228
          0.0000
          0.0000
          9.5672
          8.1634
          0.0000
          0.0000
          0.0000
          0.0000
          0.0000
          0.0000
         21.3249
          0.0000
          0.0000
          0.0000
          0.0000
          0.0000
          0.0000
          0.0000
          0.0000
         30.8017
          0.0000
          0.0000
          0.0000
          0.0000
          0.0000
          0.0000
          0.0000
          0.0000
          0.0000
          0.0000
          0.0000
          6.1790
          0.0000
          0.0000
         13.1501
        111.9777
          0.0000
          0.0000
          0.0000
          0.0000
          0.0000
          0.0000
          0.0000
          0.0000
          0.0000
          0.0000
          0.0000
          0.0000
          0.0000
          0.0000
          0.0000
          0.0000
          0.0000
          0.0000
          0.0000
          0.0000
          0.0000
          0.0000
          0.0000
          0.0000
          0.0000
          0.0000
          2.5203
          0.0000
          0.0000
          6.1212
          0.0000
        126.0250
        102.4319
          0.0000
          2.5454
         24.1331
          2.5391
        -10.5246
          0.0000
          0.0000
        123.0491
         32.1508
         32.0934
         39.0613
         46.5935
         52.2532
          0.0000
          0.0000
          0.0000
          4.0891
          0.0000
          0.0000
          1.6665
          0.0000
        124.4350
        204.1103
          0.0000
          0.0000
          0.0000
          0.0000
          0.9983
         -3.9477
          0.0000
          0.0000
          0.0000
          0.0000
          0.0000
          0.0000
          0.0000
          0.0000
          4.0501
         73.9928
         17.8837
         13.1851
          1.8941
          0.0000
          0.0000
         10.0395
         37.4492
        255.1047
         97.3854
          0.0000
          0.0000
          9.5836
          0.0000
         -0.8776
          0.0000
         15.3103
          0.0000
          0.0000
          0.0000
          0.0000
          0.0000
          0.0000
          0.0000
          0.0000
          0.0000
          0.0000
          0.0000
          0.0000
          0.0000
          3.6391
          0.0000
          0.0000
          0.0000
          0.0000
         20.5331
         28.6134
         17.9191
          1.8752
          0.0000
          0.0000
          0.0000
          0.0000
          0.0000
          0.0000
          0.0000
          1.2869
          0.0000
        166.3631
          0.0000
         16.3670
         60.7783
          0.0000
          0.0000
        227.6775
        279.2341
         -0.0121
          0.0000
          0.0000
          0.0000
          0.0000
          0.0000
          0.0000
          0.0000
         -2.8051
          0.0000
          0.0000
          0.0000
          0.0000
          0.0000
          0.0000
          0.0000
          0.0000
          0.0000
          0.0000
          0.0000
          0.0000
          0.0000
          0.0000
          0.0000
          0.0000
          0.0000
          0.0000
          0.0000
          0.0000
          0.0000
          0.0000
          0.0000
          0.0000
          0.0000
          0.0000
          0.0000
          0.0000
          0.0000
          0.0000
          0.0000
          0.0000
          0.0000
          0.0000
          0.0000
          0.0000
          0.0000
          0.0000
          0.0000
          0.0000
          7.6118
         19.8137
         22.8155
          3.7530
          0.0000
          0.0000
          0.0000
          0.0000
          0.0000
          0.0000
          0.0000
          0.0000
          0.0000
          0.0000
          0.0000
          0.0000
          0.0000
          0.0000
          0.0000
          0.0000
          0.0000
          0.0000
          0.0000
          0.0000
          0.0000
          0.0000
          0.0000
          0.0000
          0.0000
          0.0000
          0.0000
          0.0000
          0.0000
          0.0000
          0.0000
          0.0000
          0.0000
          0.0000
          0.0000
          0.0000
        102.3960
          9.5597
         24.0212
         10.4187
         13.2176
         13.2782
          0.0000
          0.0000
          0.0000
          0.0000
          0.1338
          7.2272
          6.4166
          0.0000
          0.0000
          0.0000
          0.0000
          0.0000
          0.0000
          0.0000
          5.1776
         11.8430
          0.0000
          0.0000
          0.0000
          0.0000
          0.0000
          0.0000
          9.5326
         88.7598
          0.0000
          0.0000
          0.0000
          0.0000
          0.0000
          0.0000
          0.0000
          0.0000
          0.0000
          3.7922
         63.5137
          0.0000
          0.0000
          0.0000
          0.0000
          0.0000
          0.0000
          0.0000
          0.0000
          0.0000
          0.0000
          0.0000
          0.0000
          0.0000
          0.0000
          0.0000
          0.0000
          0.0000
          0.0000
          0.0000
          0.0000
          0.0000
          0.0000
          0.0000
          0.0000
          0.0000
          0.0000
          0.0000
          0.0000
          0.0000
          0.0000
          0.0000
          0.0000
          0.0000
          0.0000
          0.0000
          0.0000
          0.0000
          0.0000
          3.2718
          0.0000
         29.5076
         55.1589
          0.0000
          0.0000
         11.4680
          0.0000
        242.8620
         50.5966
          0.0000
          0.0000
          0.0000
          0.0000
          2.3842
          0.0000
        428.3690
        221.9026
          0.0000
          0.0000
          0.0000
          0.0000
          0.2335
          0.0000
          0.0000
          0.0000
          0.0000
          6.4534
          1.0428
          0.0000
          0.0000
          0.0000
          0.0000
          0.0000
          0.0000
          0.0000
          0.0000
          0.0000
          0.0000
          0.0000
          0.0000
          0.0000
          0.0000
          0.0000
          1.7777
          1.1918
          0.0000
         32.3977
         25.7280
          0.0000
          0.0000
          0.0000
          0.0000
          0.0000
          5.1617
          0.0000
          0.0000
          0.0000
          0.0000
          0.0000
          0.0000
          0.0000
          0.0000
          0.0000
          0.0000
          0.0000
          0.0000
          0.0000
          0.0000
          0.0000
          0.0000
          0.0000
          0.0000
          0.0000
          0.0000
          0.0000
          0.0000
          0.0000
          9.9393
          0.0000
          0.0000
          0.0000
          0.0000
          0.0000
          0.0000
          0.0000
          0.0000
          8.7733
        263.7930
          0.0000
          0.0000
          0.0000
         20.6710
         62.1399
          0.0000
          0.0000
          0.0000
          0.0000
          0.0000
          0.0000
          0.0000
          0.0000
          3.3761
          0.2039
          0.0000
          0.0000
          0.0000
          0.0000
          0.0000
          0.0000
          0.0000
          0.0000
          0.0000
          0.0000
          0.0000
          0.0000
          0.0000
          0.0000
          0.0000
          0.0000
          0.0000
          0.0000
          0.0000
          0.0000
          2.1972
          0.0000
          0.0000
          0.0000
          0.0000
          0.0000
          0.0000
          0.0000
          6.8047
         10.5235
          2.3222
          0.0000
          0.0000
          0.0000
          0.0000
          0.0000
          0.0000
          0.0000
          6.1283
          0.0000
          7.6177
          0.0000
          0.0000
          0.0000
          0.0000
          0.0000
          0.0000
          0.0000
         71.9304
          5.0865
          3.9926
          0.0000
          0.0000
          0.0000
          0.0000
          0.0000
          0.0000
          0.0000
          0.0000
          0.0000
          0.0000
          0.0000
          0.0000
          0.0000
          0.0000
          0.0000
          0.0000
          0.0000
          0.0000
          0.0000
          0.0000
          0.0000
          0.0000
          0.0000
          0.0000
          0.0000
          0.0000
          0.0000
          0.0000
          0.0000
          0.0000
          0.0000
          0.0000
          0.0000
          0.0000
          0.0000
          0.0000
          0.0000
          0.0000
          0.0000
          0.0000
         10.8906
          7.6860
          0.0000
          0.0000
          0.0000
          0.0000
          0.0000
         11.0562
         38.9832
         19.8317
         55.1039
         50.7067
          0.0000
          0.0000
          0.0000
          0.0000
          0.0000
          0.0000
          0.0000
          0.0000
          0.0000
        145.3136
        108.8166
          0.0000
         12.5570
         64.3784
         39.1149
         71.1598
        134.0227
        100.5780
          0.0000
          0.0000
          0.0000
          0.0000
          0.0000
          0.0000
          0.0000
          0.0000
          0.0000
          0.0000
          0.0000
          0.0000
          0.0000
          0.4203
          0.0000
        355.7792
          0.0000
          0.0000
          2.9301
         26.0308
          8.6867
         -1.6186
          0.0000
         -0.0974
          0.0000
          0.0000
          0.0000
          0.0000
          0.0000
          0.0000
          0.0000
          0.0000
          0.0000
          0.0000
          1.0565
          0.0000
          0.0000
          0.2550
          0.0000
         67.9064
          0.0000
          0.0000
          0.0000
          0.0000
          0.0000
        317.7264
         19.6747
          0.0000
          0.0000
          0.0000
          0.0000
          0.7232
          0.0000
          0.0000
          0.0000
          0.0000
          0.0000
          0.0000
         80.9989
        267.7418
        131.8967
          7.1817
          0.0000
         92.7998
          0.0000
          0.0000
          0.0000
          3.3369
        219.0069
        310.1472
        466.0489
         24.9222
          0.0000
          0.0000
          0.0000
          0.0000
          0.0000
          0.0000
          0.0000
        190.0852
          0.0000
          0.0000
          0.7689
          0.0000
        279.4160
          0.0000
          0.0000
          0.0000
          0.0000
          0.0000
          0.0000
          1.7224
          0.0000
          0.0000
        172.8287
          0.0000
          0.0000
          0.0000
          0.0000
          0.0000
          0.0000
          0.0000
          0.0000
          0.0000
          0.0000
          0.0000
         21.3524
         23.8139
         10.0159
         33.1296
        207.9291
          0.0000
          0.0000
          0.0000
          0.0000
          0.0000
          0.0000
          0.0000
          0.0000
          0.0000
          0.0000
          0.0000
          0.0000
          0.0000
          0.0000
          9.8567
          0.0000
          0.0000
          0.0000
          0.0000
         32.5971
         36.7922
         11.4473
         20.9630
         19.6354
        452.9884
        154.0666
          0.0000
          4.6580
          0.0000
          0.0000
          6.6052
          0.0000
        215.8444
         37.9722
          0.0000
          0.0000
          4.1651
          0.0000
          0.4010
         61.4169
        244.1107
          0.0000
          0.0000
          0.0000
          0.0000
          0.0000
          0.0000
          0.0000
        206.0479
         86.5279
          0.0000
          0.0000
          0.0000
          0.0000
         12.0564
          0.0000
        342.5868
        202.5196
         11.8381
          0.0000
          0.0000
          0.0000
          0.0000
          0.0000
          0.0000
          0.0000
          0.0000
          0.0000
          0.0000
          0.0000
          0.0000
          0.0000
          0.0000
          0.0000
          0.0000
          0.0000
          0.0000
          0.0000
          0.0000
          6.1773
         47.3123
          0.0000
          0.0000
          0.0000
          0.0000
          0.0000
          0.0000
          0.0000
         67.5667
          0.0000
          1.2000
          1.4428
          4.7593
          0.0000
          7.8911
          0.0000
         16.3354
          0.0000
          0.0000
          0.0000
          0.0000
          0.0000
          0.0000
          0.0000
          0.0000
          0.0000
          0.0000
          0.0000
          0.0000
          0.0000
          0.0000
          0.0000
          0.0000
          0.0000
          0.0000
          0.0000
          0.0000
          0.0000
          0.0000
          0.0000
          0.0000
          0.0000
          0.0000
          0.0000
          0.0000
          0.0000
          0.0000
          0.0000
          0.0000
          0.0000
          0.0000
          4.7664
         20.5309
         18.8186
         10.8326
        106.5220
        512.9634
        215.2378
          3.6433
          0.0000
          0.0000
          0.0000
         13.5632
          0.0000
        252.4055
          0.0000
          0.0000
          0.0000
          4.6598
          0.0000
          6.9710
          0.0000
         49.9180
         45.7692
          2.5343
          0.0000
          0.0000
          0.0000
          0.0000
          0.0000
         -3.4646
          0.0000
          0.0000
          0.0000
          0.0000
          0.0000
          0.0000
          0.0000
          0.0000
          0.0000
          0.0000
          8.0357
         11.0602
          0.0000
        530.6189
        750.0837
        788.9984
          0.0000
          0.0000
          0.0000
          0.0000
          0.0000
          0.0000
          4.5743
          2.4521
          0.0000
          0.0000
          0.0000
          0.0000
          0.0000
          0.0000
          0.0000
          6.0142
          0.0000
          0.0000
          0.0000
          0.0000
          0.0000
          4.0042
         53.9166
        364.3411
        107.1651
        -14.2159
        231.2094
        194.9569
         28.4284
        340.9817
        653.5597
        609.8860
         44.2682
          0.0000
          0.0000
          0.0000
          0.0000
          0.0000
          0.0000
         -2.3949
          0.0000
          0.0000
          9.3628
          3.7110
         34.4298
        217.6964
        585.1409
        494.6777
          0.0000
          0.0000
          0.0000
          0.0000
          0.0000
          0.0000
          0.0000
          0.0000
          0.0000
          0.0000
          0.0000
          0.0000
          0.0000
          0.0000
          0.0000
        262.2311
        248.3065
         91.4491
         88.7752
          0.0000
          0.0000
          0.0000
          0.0000
         95.7830
         13.5560
          0.0000
          0.0000
          0.0000
          0.0000
          5.2530
         43.8598
        317.0633
        347.7460
         58.7115
         18.0997
          1.9941
        154.5814
        245.8536
        388.3295
        319.2514
         31.8568
          0.0000
          0.0000
          0.0000
          0.0000
          0.0000
          0.0000
         55.7076
         50.7830
         22.6976
        230.6508
        297.7660
        100.2872
         47.8953
        237.9535
        175.6726
          0.0000
          0.0000
          0.0000
          0.0000
          0.0000
          0.0000
          0.0000
          0.0000
          0.0000
          0.0000
          0.0000
          0.0000
          0.0000
         14.1856
          0.0000
          0.0000
          0.0000
          0.0000
          0.0000
          0.0000
          0.0000
          0.0000
          0.0000
          0.0000
          0.0000
          0.0000
          0.0000
          0.0000
          0.0000
          0.0000
          0.0000
          0.0000
          0.0000
          0.0000
          0.0000
          0.0000
         34.5227
        154.3342
        387.5143
        447.2428
        195.5093
          0.0000
        106.0153
          0.0000
          0.0000
          0.0000
          0.0000
          0.0000
          0.0000
          0.0000
          0.0000
          0.0000
          0.0000
          0.0000
          0.0000
          0.0000
          0.0000
          0.0000
          0.0000
          0.0000
          0.0000
          0.0000
          0.0000
          0.0000
          0.0000
          0.0000
          0.0000
          0.0000
          0.0000
         19.8553
         20.7442
         -0.9068
          0.0000
          0.0000
         13.9142
          3.6731
          0.0000
         14.7316
         49.3516
         82.2030
          0.0000
          0.0000
          0.0000
          0.0000
          0.0000
         16.5179
         28.0434
          6.9467
          0.0000
          3.2442
          0.0000
          0.0000
          0.0000
          0.0000
         18.5979
          1.7955
          0.0000
         18.5746
          0.0000
          0.0000
          9.5004
         24.6267
         17.9213
        335.1984
         22.1398
          4.9611
          0.0000
          0.0000
          0.0000
         27.7051
         69.9316
        162.6536
         98.0530
         13.3532
          0.0000
          0.0000
         17.3543
          8.7592
        236.4994
        442.1674
        107.7849
          0.0000
          0.0000
          0.0000
         37.8045
          0.0000
          0.0000
          0.0000
          0.0000
          0.0000
          0.0000
          0.0000
          0.0000
          0.0000
          0.0000
          0.0000
          0.0000
          0.0000
         11.9680
          3.1335
         -4.6835
         82.7318
        523.7656
        211.9114
          0.0000
          0.0000
         27.5176
         37.4535
        151.6533
        242.4635
        368.4382
        359.4415
         10.7420
          0.0000
          0.0000
          0.0000
          0.0000
          0.0000
          0.0000
        124.0466
         28.0647
          0.0000
          0.0000
          0.0000
          0.0000
          0.0000
          0.0000
          0.0000
          0.0000
          0.7972
         23.3164
         19.7184
         -2.2600
          3.5470
        354.9983
        526.8498
         61.3146
          0.0000
          0.0000
          0.0000
          0.0000
          0.0000
          0.0000
         25.5129
         22.3767
         52.0417
        158.7259
         25.3076
          0.0000
          0.0000
          0.0000
          0.0000
          0.0000
          0.0000
          0.0000
          0.0000
          0.0000
          0.0000
          0.0000
        105.5295
          0.0000
          0.0000
         23.9667
         34.6981
         27.4825
        -13.5830
        443.4535
        426.8211
         64.3576
          0.0000
          0.0000
         14.3078
          3.7859
          5.2846
          0.0000
        135.3419
        169.3889
          0.0000
          1.8085
        109.8674
          1.1610
          0.0000
          0.0000
          0.0000
          0.0000
          0.0000
          0.0000
          0.0000
          0.0000
          6.7663
          0.0000
          0.0000
          0.0000
          0.0000
          0.0000
          5.4083
         18.0092
         -5.3012
          0.0000
          0.0000
          0.0000
          0.0000
          0.0000
         11.9217
         25.4446
         23.3995
         17.8996
        247.2433
         75.7656
          0.0000
          0.0000
         11.9506
         17.7491
         32.0347
         68.9228
        291.0549
          9.4789
          0.0000
          0.0000
          0.0000
         23.5599
         20.7574
        155.3830
        334.5269
         79.8528
          0.0000
          0.0000
          0.0000
          0.0000
          0.0000
          0.0000
          0.0000
          0.0000
          0.0000
          0.0000
          0.0000
          0.0000
          0.5376
          0.0000
          0.0000
          0.0000
          0.0000
          0.0000
          0.0000
          1.2354
         23.5830
          0.0000
          0.0000
          0.0000
          0.0000
         27.7537
         16.7914
         15.6781
         60.8010
        179.1510
          0.0000
          0.0000
          0.0000
          6.5410
          1.0915
          0.0000
          5.7554
          0.0000
          0.0000
          0.0000
          0.0000
          0.0000
          0.0000
         10.6839
         20.8806
         33.5254
         43.5914
         43.5914
          0.0000
          0.0000
          0.0000
          0.4756
         16.5305
         10.0433
         39.4330
         69.8465
          0.0000
          0.0000
          0.0000
          0.0000
          0.0000
         20.8006
        183.7115
         11.9040
         42.2032
          7.3591
          7.9791
          0.0000
          0.0000
          0.0000
          0.0000
          0.0000
          0.0000
         12.3385
         11.7434
         12.2200
         37.7046
         73.1117
        133.3236
          0.0000
          0.0000
          5.6453
         20.3614
         31.1752
         61.1157
        151.8321
         77.5456
         34.5632
          0.0000
          0.0000
          0.0401
          0.0000
          9.6671
         16.1062
         97.6991
          0.0000
          0.0000
          0.0000
          0.0000
          0.0000
          0.0000
          0.0000
          0.0000
          0.0000
         13.7965
         11.9704
         13.2897
         25.1758
         28.7824
         12.4039
          0.0000
          0.0000
         31.8540
         81.5250
         42.8701
        100.2181
         82.3475
         67.1453
          0.0000
          0.0000
          0.0000
          0.0000
          1.5524
          9.0617
         27.4085
        182.3151
         17.8023
          0.0000
          0.0000
          0.0000
          0.0000
          0.3251
         82.6862
        340.0660
        216.8565
          0.0000
          0.0000
          0.0000
          0.0000
          0.0000
          0.0000
          0.0000
          0.0000
          1.3548
          0.0000
          0.0000
          0.0000
          0.0000
          0.0000
          0.0000
         17.6556
        120.8724
          0.0000
          0.0000
          0.0000
          0.0000
          0.0000
        233.1967
        446.2056
        198.5397
          0.0000
          0.0000
          0.0000
          0.0000
          0.0000
          0.0000
         41.8768
          0.0000
          0.0000
          5.7512
         -2.0383
          0.0000
          0.0000
          0.0000
        310.2472
        174.2908
          0.0000
          0.0000
          0.0000
          0.0000
          0.0000
          0.0000
        104.7667
        131.9010
          0.0000
          0.0000
          0.0000
          0.0000
          0.0000
          0.0000
         55.8789
        248.8737
        172.3968
        102.9034
          0.0000
          0.0000
          0.0000
         14.8385
        367.0082
        272.3714
          0.0000
          0.0000
          0.0000
          0.0000
          0.0000
          0.0000
        176.3685
        140.5406
          0.0000
          0.0000
          0.0000
          0.0000
          0.0000
          0.0000
         75.3612
        106.6958
          0.0000
          0.0000
          0.0000
          0.0000
          0.0000
          0.0000
        149.4440
        234.1527
        152.3017
        148.6904
         14.2382
          0.0000
          0.0000
        453.7882
        471.2899
        158.5408
          0.0000
          0.0000
          1.9137
          2.7421
         15.7981
        140.3918
        358.7752
          0.0000
          0.0000
          0.0000
          0.0000
          0.0000
          0.0000
          0.0000
         21.0723
          0.0000
          0.0000
          0.0000
          0.0000
          0.0000
          2.2834
          0.0799
          0.6146
          0.0000
          0.0000
          0.0000
          0.0000
          0.0000
          0.0000
          0.0000
          0.0000
          0.0000
          0.0000
          0.0000
          0.0000
          0.0000
          2.9005
          0.1596
          0.0000
         60.8860
          0.0000
          0.0000
          0.0000
          0.0000
          6.0984
          7.3239
        371.4467
        329.3544
         25.5216
          3.3892
          9.0706
          8.3516
         10.7602
          0.0000
         10.2045
        169.6350
          9.6923
         13.0910
         40.5347
         42.2165
        -21.4564
        268.0584
         85.2920
          0.0000
          0.0000
          0.0000
          0.0000
         12.0343
         37.7286
        349.9979
        247.5002
          0.0000
          0.0000
          0.0000
          0.0000
          5.3880
          4.4114
         13.7519
         93.6770
          0.0000
          0.0000
          0.0000
          0.0000
          0.0000
          0.0000
          0.0000
          0.0000
          0.0000
          0.0000
          0.0000
          0.0000
          0.0000
          0.0000
          1.2530
          5.5821
         23.8493
          0.0000
          0.0000
          0.0000
          0.0000
          0.0000
          0.0000
          0.0000
          0.0000
          0.0000
          0.0000
          0.0000
          0.0000
          0.0000
          0.0000
          0.0000
          0.0000
          0.0000
          0.0000
          0.0000
          0.0000
          0.0000
          0.0000
          0.0000
          0.0000
          0.0000
          0.0000
          0.0000
          0.0000
          0.0000
          0.0000
        156.7058
        127.8176
          0.0000
          0.0000
          0.0000
          0.0000
         10.5453
         30.2952
        144.7528
        171.2330
         95.0521
        142.5410
         12.0277
          0.0000
          0.0000
          0.0000
         26.6246
          0.0000
          0.0000
          0.0000
          0.0000
          0.0000
          2.3361
          9.0077
        157.9942
         52.3346
          0.0000
          0.0000
          0.9815
          0.3955
         18.1771
         10.2392
        244.5730
         77.0921
          0.0000
          0.0000
          0.0000
          0.0000
          0.0000
          0.0000
          0.3043
          0.0000
          7.4678
         10.6901
          6.3629
         15.1722
         22.1684
         11.9000
         84.0773
          0.0000
          0.0000
          0.0000
          0.0000
          0.0000
         18.4505
         23.5625
         58.1889
          0.0000
          7.8879
         27.2565
         21.5359
          5.1795
          0.0000
          0.0000
        119.4423
          0.0000
          0.0000
          2.2094
          0.0000
          0.0000
         37.4372
        313.1623
        377.2032
         58.2001
          0.0000
          0.0000
          0.0000
          0.0000
          0.0844
        288.2451
          0.0000
          0.0000
          0.0000
          0.0000
          0.0000
          0.0000
          0.0000
          0.0000
          0.0000
          0.0000
          0.0000
          0.0000
          0.0000
          0.0000
          0.0000
          0.0000
         21.4341
          0.4058
          0.0000
          0.0000
          0.0000
          0.0000
          0.0000
          0.0000
        232.5159
        271.7695
         65.5339
         57.1584
         19.9316
          0.0000
          0.0000
        192.8567
        463.7978
        360.8026
        288.4326
         59.0374
          0.0000
          0.0000
          0.0000
          0.0000
        159.6920
         29.0354
          0.0000
          0.0000
          1.3485
         28.6685
         16.4789
         93.1691
        396.8196
        239.0219
          2.8613
          0.0000
          0.0000
          0.0000
          0.0000
          0.0000
        120.7892
         33.1934
         24.9062
         44.1282
         32.3094
          0.0000
          0.0000
          0.0000
        274.0882
        141.1264
          0.0000
          0.0000
          0.0000
          4.5088
         13.0989
          0.0000
          0.0000
          0.0000
          0.0000
          0.0000
          0.0000
          0.0000
          0.0000
         -4.9891
        -10.8709
         39.5752
         87.5223
        348.9432
        117.9803
         38.6862
         53.0338
        189.7082
        872.6306
        674.7446
        241.9348
          0.0000
          0.0000
          0.0000
         10.5669
          0.0000
        304.6048
        277.6569
         22.1678
          0.0000
          0.0000
          0.0000
          9.5084
          1.6489
        299.0954
        267.8321
          0.0000
          0.0000
          0.0000
          0.0000
          3.2324
        276.4531
        176.2597
          0.0000
          0.0000
          3.2041
         14.7732
          0.0000
          0.0000
        166.1987
        258.1931
          8.7625
          0.0000
          0.0000
          0.0000
         45.5255
         49.3687
        220.7952
        125.0058
          0.0000
          0.0000
          0.0000
          0.0000
          0.0000
          0.0000
          0.0000
        186.1052
         54.7814
          2.6894
         -1.3153
          0.0000
          5.8877
          6.4604
          0.0000
        164.8091
        137.0497
         38.0603
         -0.3026
         13.1912
         28.5335
         -3.5531
          0.0000
        267.9466
          0.0000
          0.0000
          0.0000
          6.8522
          0.0000
          0.0466
          0.5118
        181.3485
          4.3145
          0.0000
          2.9712
         14.1406
         32.1691
        120.7199
          0.0000
          0.0000
          0.0000
          0.0000
          0.0000
          0.0000
          0.0000
          0.0000
          0.0000
          0.0000
          0.0000
          6.4578
          0.0000
         13.9508
         31.5766
         19.3585
          0.9667
         60.4518
         49.0286
          0.6199
          0.0000
          0.0000
         32.8717
          0.0000
          0.0000
        162.9848
        235.0315
          8.7236
          0.0000
          0.0000
          0.0000
          0.0000
         17.6815
        200.9612
          0.0000
          3.9339
          0.0000
          0.0000
          0.0000
          0.0000
         79.3332
        169.6561
        315.5636
          0.0000
        104.9588
          0.0000
          0.0000
          8.3419
         21.9394
         65.4736
        140.0779
        112.9543
         70.3315
         45.3650
         52.1875
          1.5267
         19.5827
        157.9881
         65.5006
          2.0318
         15.1182
          6.6991
         -6.6527
        -29.2428
         50.7605
          6.0220
          0.0000
          0.0000
          0.0000
          0.0000
          0.0000
         34.3800
        255.9248
        205.0909
         41.6112
          0.0000
          0.0000
          0.0000
          0.0000
          0.0000
          0.0000
         99.4843
         76.7764
          0.0000
         86.7944
          0.0000
          0.0000
          0.0000
         51.5550
        343.7614
        263.0612
        148.9440
         85.3093
        103.0896
         14.3561
          0.0000
          0.0000
        370.5063
        464.2986
        483.3531
        559.7425
        440.2286
        265.7630
         68.1009
        116.7861
        124.8229
          0.0000
          0.0000
          0.0000
          0.0000
          0.0000
          0.0000
          0.0000
         88.9716
          0.0000
          0.0000
          0.0000
          0.0000
          0.0000
          0.0000
          0.0000
          9.3761
          0.0000
          0.0000
          0.0000
          0.0000
          0.0000
          0.0000
          0.0000
         37.7644
         86.4450
          4.9229
         16.5997
         41.4948
        139.7052
        245.1083
        574.4712
        482.1137
          0.0000
          0.0000
          0.0000
          0.0000
          0.0000
          0.1325
        242.8959
         19.6407
          0.0000
          0.0000
          0.0000
          0.0000
          0.0000
          0.0000
         31.1646
        198.7434
         43.0718
         10.8711
          0.0000
          0.0000
         28.4314
        119.0940
        187.4743
        309.6658
        239.6391
          0.0000
          0.0000
          0.0000
          0.0000
          0.0000
          0.0000
        161.5651
          0.0000
          0.0000
          0.0000
          0.0000
          0.0000
          0.0000
          0.0000
         36.2548
          0.0000
          0.0000
          0.0000
          3.5262
          0.0000
          0.0000
          1.9746
         64.4552
          0.0000
          0.0000
          0.0000
          0.0000
          0.0000
          0.0000
          0.0000
          0.0000
          0.0000
          0.0000
          0.0000
          0.0000
          0.0000
          0.0000
          0.0000
          0.0000
          0.0000
          0.0000
          7.6429
          7.2207
          0.0000
          0.0000
          0.0000
          0.0000
          0.0000
          0.0000
         20.5401
         23.4787
          1.0717
          8.3958
          0.0000
         38.4720
         33.0455
          0.0000
          0.0000
          0.0000
          0.0000
          6.3055
          0.0000
         23.0750
         44.0486
         85.1799
        131.7732
          0.0000
         26.6872
          7.4709
         39.9003
        214.8170
          0.0000
          0.0000
          0.0000
          0.0000
          0.0000
          0.1550
        102.7209
          0.0000
          0.0000
          0.0000
          0.0000
          0.0000
          0.0000
          0.0000
          0.0000
          0.0000
         13.2063
         17.4464
         15.1723
          8.0241
        168.2772
        161.0231
          1.7294
         34.6646
          0.3919
          0.0000
          0.0000
          0.0000
        136.1797
        339.4504
        280.2878
        128.8663
          0.0000
          0.0000
          0.0000
          0.0000
          0.0000
          0.0000
          0.0000
         77.8735
        134.9108
          0.0000
          0.0000
          0.0000
          0.0000
          0.0000
          0.0000
         68.0613
          0.0000
          0.0000
          0.0000
         16.3904
         22.2487
         31.0761
        239.9866
         27.1681
          0.0000
          0.0000
          0.0000
          8.8262
          0.0000
          0.0000
        155.7337
        254.8361
          0.0000
          0.0000
          0.0000
          0.0000
          0.0000
         24.8422
        121.3391
        251.1961
          0.0000
          0.0000
          0.0000
          0.0000
         10.7715
         10.1150
         11.6277
         50.4027
         37.2737
          0.0000
          0.0000
          0.0000
          0.0000
          0.0000
          0.0000
         68.4346
         39.2003
          0.0000
          0.0000
          0.0000
          0.0000
          0.0000
          0.0000
        190.2333
          0.0000
          0.0000
          0.0000
          0.0000
          0.0000
          0.0000
          0.0000
          0.0000
          0.0000
          0.0000
          0.1464
         10.1201
          0.0000
         14.6731
         68.2637
         36.0642
          0.0000
          0.0000
         43.1300
         19.6369
          5.4277
         18.8523
         23.0540
          0.0000
          0.0000
          0.0000
          5.8528
          0.0000
          0.0000
          6.0407
        247.6682
         21.0602
          0.0000
          0.0000
          0.0000
          0.0000
          0.0000
          0.0000
          0.0000
        147.0725
          0.0000
          0.0000
          0.0000
          0.0000
          0.0000
          0.0000
          0.0000
          0.0000
          0.4507
         52.1785
         92.1253
         28.7984
         -1.2953
         15.9004
         72.5451
        101.0226
        155.1405
          0.0000
          0.0000
          0.0000
         21.4288
        100.2194
          6.8886
         59.3583
         21.5069
          0.0000
          0.0000
          0.0000
         15.5940
          0.0000
          0.0000
          5.7117
         68.2287
         53.2927
         67.2987
         40.5492
         78.8707
        159.3020
        161.9740
        122.3090
          0.0000
          0.0000
          0.0000
          0.0000
          0.0000
          0.0000
          0.0000
        214.4182
        377.2597
        196.9859
          0.0000
          0.0000
          0.0000
          0.0000
          0.0000
          0.0000
          0.0000
          0.0000
          0.0000
          0.0000
          0.0000
          0.0000
          0.0000
          0.0000
          0.0000
          0.0000
          0.0000
          0.0000
          0.0000
          0.0000
         76.4233
         54.8150
          0.0000
          0.0000
         16.4461
         59.0841
        100.9965
        327.9734
        628.1492
        240.2149
          0.0000
          0.0000
          0.0000
          0.0000
          0.0000
          0.0000
          0.0000
         17.6133
          0.0000
          0.0000
          0.0000
          0.0000
          0.0000
          0.0000
         30.6813
        167.6402
          0.0000
          0.0000
         14.3535
         21.3007
         31.5133
         13.7746
          0.0000
          0.0000
          0.0000
          0.0000
          0.0000
          4.7347
         42.1757
         43.7865
        245.2268
        163.0241
          0.0000
          0.0000
          0.0000
          0.0000
          0.0000
          0.0000
         67.1281
         72.8887
          0.0000
          0.0000
          0.0000
          0.0000
          0.0000
          0.0000
          0.0000
          0.0000
          0.0000
          0.0000
          1.2759
          9.4424
          8.2595
          5.8759
          0.0000
         -1.6873
          2.5297
         14.9120
         29.6422
         24.6534
         21.4081
         21.4388
          0.0000
          0.0000
          0.0000
          0.0000
          0.0000
          0.0000
          0.0000
          0.0000
          0.0000
         -0.1056
          0.0000
          0.0000
          0.0000
          0.0000
          0.0000
         50.0129
         10.8716
          0.0000
          1.9131
         58.8096
          0.0000
          0.0000
          0.0000
          0.0000
          0.0000
          0.0000
         76.3805
         35.7280
         17.8356
         17.3041
         23.5439
         11.0935
          0.0000
        140.0712
         36.7547
         41.0500
        160.3018
        303.8946
        391.1300
        419.6059
        563.7989
        103.4970
          0.0000
          0.0000
          0.0000
          0.0000
          0.0000
          0.0000
          0.0000
         68.2928
          0.0000
          0.0000
          0.0000
          0.0000
          0.0000
         10.5813
         32.1002
        147.2661
        124.6749
         14.4612
          0.0000
          0.0000
          0.0000
          0.0000
         44.6004
        144.8008
          0.0000
          0.0000
          0.0000
          0.0000
          0.0000
          0.0000
          0.0000
        212.3785
          0.0000
          0.0000
          0.0000
          0.0000
          0.0000
         14.8135
         33.3592
         51.5491
         71.7217
         40.0322
         40.7882
         -1.1343
          0.0000
          1.5135
          2.6973
         20.7187
          3.0699
         15.1973
         57.8587
        116.3896
         29.7470
         16.8342
         18.3795
        216.6132
          0.0000
          0.0000
          0.0000
          0.0000
          0.0000
          0.0000
          0.0000
         17.2221
        112.9143
         25.3499
         76.1833
         13.2833
          3.1164
          0.0000
          0.0000
          0.0000
          0.0000
          0.0000
          0.0000
          2.3557
          0.0000
          0.0000
          0.0000
         25.0406
          0.0000
          0.0000
          0.0000
          0.0000
          0.5916
          7.5320
          6.0665
         20.6336
          1.2861
          0.0000
          0.0000
          0.0000
          0.0000
         12.0524
         17.7800
         18.5523
          0.0000
          0.0000
          0.0000
          2.3471
          0.0000
          0.0000
          9.2081
          0.0000
          6.8841
          0.0000
          0.0000
          0.0000
          0.0000
          0.0000
          2.9071
        223.8238
          0.0000
          0.0000
          0.0000
          0.0000
          0.0000
          0.0000
          0.0000
          0.0000
          0.0000
          0.0000
          1.2054
          0.0000
          0.0000
          0.0000
          0.0000
          0.0000
          0.0000
          0.0000
          0.0000
          0.0000
          0.0000
          0.0000
          0.0000
          0.0000
          0.0000
          8.7461
          3.7068
          4.7661
         16.6485
         12.4112
         28.2702
          0.0000
          0.0000
          0.0000
          0.0000
         10.0750
          0.0000
          0.0000
          6.6917
        163.9366
          0.0000
          0.0000
          0.0000
          0.0000
          0.0000
          0.0000
          0.0000
          0.0000
          0.0000
          0.0000
          0.0000
          0.0000
          0.0000
          4.9337
         21.5419
        108.3168
          0.0000
          0.0000
          0.6006
         12.8924
          0.0000
         -8.2417
          0.0000
        139.2952
          0.0000
          0.0000
         10.5938
         22.0114
          9.3098
          0.0000
          0.0000
        123.3139
          0.0000
          0.0000
          0.0000
          0.0000
          0.0000
          0.0000
          0.0000
          0.0000
          0.0000
          0.0000
          5.7436
          1.4062
         14.5311
         35.8581
          2.0113
        102.3191
          0.0000
          0.0000
          0.0000
          0.0000
          0.0000
         11.1756
         10.5434
         77.9848
          0.0000
          0.0000
          0.0000
          0.0000
          0.0000
          0.0000
          0.0000
         32.1630
          0.0000
          3.2280
          0.0000
          0.0000
          0.0000
          0.0000
          0.0000
          0.0000
          0.0000
          2.2188
          0.0000
          0.0000
          0.0000
          0.0000
          0.0000
          1.3588
          2.3095
          9.5182
          7.7905
          6.2207
          3.4306
         36.0174
        101.8965
        285.9443
          9.3803
          5.8655
          5.0251
          0.0000
          0.0000
          0.0000
          0.0000
          0.0000
          1.0308
         16.0568
         28.9721
         22.2648
         16.4419
         32.1135
          6.6395
         -0.3593
          0.0000
          0.0000
         29.8741
         39.1665
         26.7181
        185.4021
        345.6574
          9.8598
          0.0000
          0.0000
          0.0000
          0.0000
          0.0000
          0.0000
          0.0000
          0.0000
          7.9581
          0.0000
          0.0000
         17.5573
         30.3229
         65.8638
        147.0568
        178.2985
          0.0000
          0.0000
          0.0000
          0.0000
          0.0000
          0.0000
          0.0000
         -0.0336
          0.0000
          0.0000
          0.0000
          0.0000
          0.0000
          0.0000
          0.0000
          0.0000
          0.0000
          0.0000
          0.0000
          0.0000
          0.0000
          0.0000
          3.9585
         11.9498
          0.0000
          2.5333
         27.6838
         41.5000
         40.6820
        119.4559
        256.5209
          0.0000
          0.0000
          0.0000
          0.0000
          0.0000
          0.0000
          0.0000
          0.0000
         48.6734
          0.0000
          0.0000
          0.0000
          0.0000
          0.0000
          6.5129
          5.5319
          2.5366
          0.0000
          0.0000
          0.0000
          0.0000
          0.0000
          0.0000
          0.0000
          0.0000
          0.0000
          0.0000
          0.0000
          0.0000
          0.0000
          0.0000
          0.0000
         -0.3234
          0.0000
          0.0000
          0.0000
          0.0000
          0.0000
          0.0000
          0.0000
          0.5899
          0.0000
          0.0000
         11.0264
          0.0000
          0.0000
          0.0000
          0.0000
         69.7197
         61.9086
          0.0000
          3.0394
          0.0000
          0.0000
          0.0000
          0.0000
          0.0000
          7.3276
         22.1678
         37.8853
         12.6027
          0.2612
         14.6298
          5.2601
          0.4763
          4.2924
         20.3795
         14.5016
         34.2433
          0.0000
          0.0000
          0.0000
          9.0902
        125.7439
         19.1922
          7.2688
          6.0214
          8.2890
          0.0000
          0.0000
          0.0000
          0.0000
          0.0000
          0.0000
          0.0000
          0.0000
          0.0000
          0.0000
          2.7247
          8.2604
         24.4087
          8.1424
          0.0000
          0.0000
          0.0000
          0.0000
          0.0000
          0.0000
          0.0000
          0.0000
          0.0000
          0.0000
          0.0000
          0.0000
         -1.2536
          0.0000
          0.0000
          0.0000
          0.0000
          0.0000
          0.0000
          0.0000
          0.0000
          0.0000
          0.0000
          0.0000
          0.0000
          0.0000
          0.0000
          0.0000
          0.0000
          0.0000
          0.0000
          0.0000
          0.0000
          0.0000
          0.0000
          0.0000
          1.4341
          6.7708
          3.1897
          0.0000
          0.0000
          0.0000
          0.0000
          1.2183
          0.0000
         39.0129
          0.0000
          0.0000
          0.0000
          0.0000
          0.0000
          0.0000
          0.0000
          0.0000
          4.3244
         13.6005
         40.2824
         78.3098
         80.3028
          0.8199
          0.0000
          0.0000
          0.0000
          0.0000
          0.0000
          0.0000
          0.0000
          0.0000
         -1.0131
          0.0000
          0.0000
          0.0000
          0.3833
          9.0446
          6.2143
          0.0000
          0.0000
          6.2391
         15.4050
          0.0000
          0.0000
          0.0000
          0.0000
          0.0000
        134.6425
        176.0298
          0.0000
          0.0000
          0.0000
          0.0000
          0.0000
         25.7087
        192.2213
        147.1968
          0.0875
          0.0000
          0.0000
         66.3462
          6.8888
          0.0000
          0.0000
          4.1915
         25.9497
         21.4803
         25.4877
         87.2552
         68.9235
         73.3499
        322.7787
         38.6938
          6.4282
          0.0000
         13.1593
         44.0175
          0.0000
          0.0000
         45.5619
          0.0000
          0.3846
         37.9834
        134.4115
         96.4890
          4.7531
          7.7753
          0.0000
          0.0000
          0.0000
          0.0000
          0.0000
          0.0000
          0.0000
        182.7302
        307.4761
          0.0000
          0.0000
          0.0000
          0.0000
          0.0000
          0.0000
          0.0000
        282.8285
        250.0992
          0.0000
          0.0000
          0.0000
          0.0000
          0.0000
          0.0000
         19.1613
         20.6976
         26.9846
         25.8377
         17.5812
         -0.9661
          0.0000
          0.0000
          0.0000
          0.0000
          0.0000
          0.0000
          0.0000
          0.0000
          0.0000
          0.0000
          0.0000
          0.0000
          0.0000
          0.0000
          0.0000
          0.0000
          0.0000
          0.0000
        313.5583
         79.4364
          0.0000
          0.0000
          0.0000
          0.0000
          0.0000
          0.0000
         66.8101
          0.0000
          0.0000
          0.0000
          0.0000
          0.0000
          0.0000
          0.0000
          0.0000
          0.0000
          0.0000
          1.5660
          0.0000
          0.0000
          0.0000
          0.0000
         74.4339
         17.8317
          0.0000
          0.0000
          0.0000
          0.0000
          0.0000
          0.0000
          0.0000
          0.0000
          0.0000
          0.0000
          0.0000
          0.0000
          0.0000
          0.0000
          0.0000
          0.0000
          0.0000
          0.0000
          0.0000
          0.0000
          0.0000
          0.0000
        115.5036
         58.6059
         12.9441
         21.1447
          0.0000
          0.0000
          0.0000
          0.0000
          0.0000
          0.0000
          0.0000
          0.0000
          0.0000
          0.0000
          0.0000
          0.0000
          0.0000
          0.0000
          0.0000
          0.0000
          0.0000
          0.0000
          0.0000
          0.0000
          0.0000
          0.0000
          0.0000
          0.0000
          0.0000
          0.0000
          0.0000
          0.0000
          0.0000
          0.0000
          0.0000
          0.0000
          0.0000
          0.0000
          0.0000
          0.0000
          0.0000
          0.0000
          0.0000
          0.0000
          0.0000
          0.0000
          0.0000
          0.0000
          0.0000
          0.0000
          0.0000
          0.0000
          0.0000
          0.0000
          0.0000
          0.2778
        179.8050
         44.5270
          0.0000
          0.0000
          0.0000
          0.0000
          0.0000
          0.7970
        182.9896
         31.3583
          4.5009
          0.0000
          0.0000
          0.0000
          0.0000
          0.0000
         -3.2550
          0.0000
          0.0000
          0.0000
          0.0000
          0.0000
          0.0000
          0.0000
          0.0000
          0.0000
          0.0000
          0.0000
          0.0000
          0.0000
          0.0000
          0.0000
          0.0000
          0.0000
          0.0000
          0.0000
          0.0000
          0.0000
         25.3632
          8.9427
         13.0976
          0.0000
          0.0000
          0.0000
          0.0000
          0.0000
         26.2402
         39.1712
        281.3032
         40.9178
          0.0000
          0.0000
          0.0000
          0.0000
          0.0000
          0.0000
          0.0000
          0.0000
          0.0000
          0.0000
          0.0000
          0.0000
          8.1933
         45.1284
         36.5766
          0.0000
          0.0000
          0.0000
          0.0000
          0.0000
          0.0000
          0.0000
          3.0535
          0.0000
          0.0000
          0.0000
          0.0000
          0.0000
          0.0000
          0.0000
          0.0000
          0.0000
          0.0000
          0.0000
          0.0000
          0.0000
          0.0000
          0.0000
          0.0000
          0.0000
          0.0000
          0.0000
          0.0000
          0.0000
          0.0000
          0.0000
          0.0000
          0.0000
          0.0000
          0.4872
         86.7296
          3.7923
         14.1286
          0.0000
        220.2403
         34.6225
        100.0520
         67.2759
         24.4707
          0.0000
          8.0956
         16.3607
         48.3791
        113.1082
          0.0000
          0.0000
          0.0000
          0.0000
          0.0000
          0.0000
          0.0000
          0.0000
          0.0000
          0.0000
          0.0000
          0.0000
          0.0000
          0.0000
          0.0000
          0.0000
          0.0000
          0.0000
         23.7547
         84.6111
         82.6293
          8.7998
         -0.9585
         60.4999
          0.0000
          0.5196
          8.7060
         31.8232
         42.8586
        223.3552
        194.6136
          0.0000
          0.0000
          0.0000
          0.0000
          0.0000
          0.0000
          4.7711
          0.0000
          0.0000
          5.8969
          1.3165
          0.0000
          0.0000
          0.0000
          0.0000
          0.0000
          0.0000
          0.0000
          0.0000
          0.0000
          0.0000
          0.0000
          0.0000
         56.3464
          0.0000
          0.0000
          0.0000
          0.0000
          0.0000
         13.8593
         20.4942
        208.9719
          0.0000
          0.0000
         26.1049
         26.6472
          0.0000
          0.0000
          0.0000
        198.8755
          0.0000
          0.0000
          0.0000
          0.0000
          0.0000
          0.0000
          0.0000
          0.0000
          0.0000
          0.0000
          0.0000
          0.0000
          1.3704
          2.4287
          0.0000
          0.0000
          0.0000
          0.0000
          0.0000
          0.0000
          0.0000
          0.0000
          0.0000
          0.0000
          0.0000
          0.0000
          0.0000
          0.0000
          0.0000
          0.0000
          0.0000
          0.0000
          0.0000
          0.0000
          0.0000
          0.0000
          0.0000
          0.0000
          0.0000
          0.0000
          0.0000
          0.0000
          0.0000
          0.0000
          0.0000
          0.0000
          0.0000
          0.0000
          0.0000
          0.0000
          0.0000
          0.0000
          0.0000
          0.0000
          0.0000
          0.0000
          0.0000
          0.0000
          0.0000
          0.0000
          0.0000
          0.0000
          0.0000
          0.0000
          0.0000
          0.0000
          0.0000
          0.0000
          0.0000
          0.0000
          0.0000
          0.0000
          0.0000
          0.0000
         21.5377
         29.8575
          7.1245
          0.0000
          0.0000
          0.0000
          0.0000
         11.3592
          2.5339
          0.0000
          0.0000
          0.2201
         46.0939
          7.5598
          0.0000
          0.4914
          0.0000
          0.0000
          0.0000
          0.0000
          0.0000
          0.0000
          0.0000
         24.4192
          0.0000
          0.0000
          0.0000
          0.0000
          0.0000
          0.0000
          0.0000
          0.0000
          0.0000
          0.0000
          0.0000
          0.0000
          0.0000
          0.0000
          0.0000
          0.0000
          0.0000
          0.0000
          0.0000
          0.0000
          0.0000
          0.0000
          0.0000
          0.0000
          0.0000
          0.0000
          0.0000
          0.0000
         24.9870
          0.8654
          0.0000
          0.0000
          0.0000
          0.0000
          0.0000
          0.0000
          0.0000
          0.0000
          0.0000
          0.0000
          0.0000
          0.0000
          0.0000
          0.0000
          0.0000
          0.0000
          0.0000
          0.0000
          0.0000
          0.0000
          0.0000
          0.0000
          0.0000
          0.0000
          0.0000
          0.0000
          0.0000
          0.0000
          0.0000
          0.0000
          3.6636
          5.4977
          0.0000
          0.0000
          0.0000
          0.0000
          0.0000
          0.0000
          0.0000
          0.0000
          0.0000
          0.0000
          0.0000
          0.0000
          0.0000
          0.0000
          0.0000
          0.0000
          0.0000
          0.0000
          0.0000
          0.0000
          0.0000
          0.0000
          0.0000
          0.0000
          0.0000
          0.0000
          0.2120
          0.0000
          0.0000
          0.0000
          0.0000
          0.0000
          0.0000
          5.0627
          1.5847
          0.0000
          0.0000
          0.0000
          0.0000
          0.0000
          0.0000
          0.0000
          0.0000
          0.0000
          0.0000
          0.0000
          0.0000
          0.0000
          0.0000
          0.0000
          0.0000
          0.0000
          0.0000
          8.7608
          0.0000
        146.2392
          0.0000
          0.0000
          0.0000
          0.0000
          0.0000
          0.0000
          0.0000
          0.0000
          0.0000
          0.0000
          0.0000
          0.0000
          0.0000
          0.0000
          0.0000
          0.0000
          0.0000
          0.0000
          0.0000
          0.0000
          0.0000
          0.0000
          0.0000
          0.0000
          0.0000
          0.0000
          0.0000
          0.0000
          0.0000
          0.0000
          0.0000
          0.0000
          0.0000
          0.0000
          0.0000
          0.0000
         13.1488
        146.7319
         41.3517
          0.0000
          0.0000
          0.0000
         30.4192
         10.4741
         25.5625
         17.8890
          0.0000
          0.0000
          0.0000
          0.0000
          0.0000
          0.0000
          0.0000
          0.0000
          0.0000
          0.0000
          0.0000
          0.0000
          0.0000
          0.0000
          0.0000
          0.0000
          0.0000
          0.0000
          0.0000
          0.0000
          0.0000
          0.0000
          4.0941
         -8.1463
          0.0000
          0.0000
          0.0000
          0.0000
          7.5015
         26.8996
          5.5101
          4.9661
          0.0000
          0.0000
          0.0000
          0.0000
          0.0000
          0.0000
          0.0000
         26.7479
        206.8267
        351.0836
          0.0000
          0.0000
          0.0000
         14.3447
         22.8328
          0.0000
         85.9138
        247.1708
          0.0000
          0.0000
          0.0000
          0.0000
          0.0000
          0.0000
          0.0000
          0.0000
          0.0000
          0.0000
          0.0000
          0.0000
          0.0000
          0.0000
          0.0000
          0.0000
          1.5216
          0.6949
          0.0000
          0.0000
          0.0000
          0.0000
          0.0000
          0.0000
          0.4006
         21.2814
          5.7035
          0.0000
          0.0000
          0.0000
          0.0000
          0.0000
          0.0000
          8.8702
         23.8267
          0.0000
          0.0000
          0.0000
          0.0000
          0.0000
          0.0000
          0.0000
          0.0000
          5.2324
        153.5777
        142.0065
        139.3217
          0.0000
          0.0000
          0.0000
          0.0000
          0.0000
          0.0000
          0.0000
          5.9247
         58.9710
          0.0000
          0.0000
          0.0000
          0.0000
          0.0000
          0.0000
         18.6827
        207.6750
          0.0000
          0.0000
          0.0000
          0.0000
          0.0000
          0.0000
          0.0000
          0.0000
          0.0000
          0.0000
          0.0000
          0.0000
          0.0000
          0.0000
          0.0000
         43.5367
          0.0000
          0.0000
          0.0000
         16.9563
        255.6250
          0.0000
         17.5885
         35.6181
          0.0000
         10.3284
         20.3763
         14.6452
        111.5594
        399.5632
          0.0000
          0.0000
          0.0000
          0.0000
          0.0000
          0.0000
          0.0000
          0.0000
          0.0000
          0.0000
          0.0000
          0.0000
          0.0000
          0.0000
          0.0000
          0.0000
          0.0000
          0.0000
          0.0000
          0.0000
          0.0000
          7.5457
          3.7040
         12.8941
        284.9490
        648.4482
        291.3552
          0.0000
          0.0000
          6.3213
         55.9282
        289.8956
        367.2434
         46.1819
          0.0000
          0.0000
          0.0000
          0.0000
          0.0000
          0.0000
          0.0000
          0.0000
          0.0000
          0.0000
          0.0000
          0.0000
          0.0000
          0.0000
          8.4252
        128.0455
        386.8138
         51.6288
          0.0000
          0.0000
          0.0000
          0.0000
          0.0000
         87.9532
          0.0000
          0.0000
          0.0000
         13.3798
          2.2232
         21.9963
        116.4542
        395.0944
        234.5695
         79.9194
        234.7182
          9.4031
          0.0000
          5.9868
        116.8684
        613.3556
        141.4000
          0.0000
         11.2512
          0.0000
          4.3063
         -6.6240
        287.9114
       1291.6868
        806.9893
          0.0000
          0.0000
          0.0000
          0.0000
          0.0000
          0.0000
        279.4814
        496.6202
         88.9333
         23.5036
        111.2160
        419.0632
        922.4514
       1256.1828
        412.8835
          0.0000
          0.0000
          0.0000
          0.0000
          0.0000
          0.0000
          0.0000
          0.0000
          0.0000
          0.0000
          0.0000
          0.0000
          0.0000
          0.0000
          5.7692
          3.7778
          4.7310
         67.7646
         30.6915
          1.9843
         10.4612
          4.3867
          0.0000
          0.0000
          0.0000
          0.0000
          0.0000
          0.0000
          0.0000
          0.0000
          0.0000
          0.0000
         10.8093
         18.0738
          6.1719
          9.5997
         23.9193
         22.1169
        130.9565
        415.5151
         13.4900
          0.0000
          0.0000
          0.0000
          0.0000
          0.0000
          0.0000
          0.0000
          0.0000
          0.0000
          0.0000
          0.0000
          0.0000
          0.0000
          0.0000
        253.8641
        319.8545
          0.0000
          0.0000
          0.0000
          0.0000
         27.9312
         43.4840
          9.6569
          0.0000
          0.0000
          0.0000
          0.0000
          0.0000
          0.0000
          0.0000
          0.0000
          0.0000
          0.0000
          0.0000
          0.0000
          0.0000
          0.0000
          0.0000
          0.0000
          0.0000
          0.0000
          0.0000
          0.0000
          0.0000
          0.0000
          0.0000
          0.0000
          0.0000
          0.0000
          0.0000
          0.0000
          0.0000
          0.0000
          0.0000
          0.0000
          0.0000
          9.5359
         41.2016
         44.0015
          0.0000
          2.1227
          0.0000
        102.5599
        652.6638
        685.0331
        830.7893
        515.5635
        142.2734
          0.0000
          0.0000
        135.5494
        141.1295
          0.0000
         22.1608
         41.6929
          0.0000
          2.4947
          0.0000
        179.3021
         69.7818
         24.2513
          0.0000
          0.0000
          0.0000
          4.6960
          0.0000
          0.0000
          0.0000
          0.0000
          0.0000
          0.0000
          0.0000
          0.0000
          0.0000
          0.0000
          0.0000
          0.0000
         44.4855
         69.6625
          0.0000
          0.0000
          0.0000
          0.0000
          0.0000
          0.0000
          0.0000
          0.0000
          0.0000
         10.5923
        152.3654
        478.3122
          0.0000
          0.0000
         50.9001
        198.5965
        448.2344
        627.0892
        185.8028
          0.0000
          0.0000
         68.1221
        350.9068
          0.0000
          0.0000
         28.1752
          1.9677
          0.0000
          0.0000
          0.0000
          5.0750
         12.5216
         19.5722
         33.3788
         11.5984
          0.0000
          0.0000
          0.0000
          0.0000
          0.0000
          0.0000
          0.0000
          0.0000
          0.0000
          0.0000
          0.0000
          0.0000
          0.0000
          0.0000
          0.0000
          0.0000
          0.0000
          0.0000
          0.0000
          0.0000
          0.0000
          0.0000
          0.0000
          0.0000
          0.0000
          0.0000
          0.0000
          0.0000
          0.0000
          0.0000
         10.6853
          0.0000
          0.0000
          0.0000
          0.0000
          0.0000
          0.0000
          0.0000
         19.4631
        404.2507
          0.0000
          0.0000
          0.0000
          0.0000
          0.0000
         17.3653
        168.2273
          0.0000
          0.0000
          0.0000
          0.0000
         87.2891
        114.1955
          0.0000
          0.0000
          0.0000
          7.3404
          0.0000
          0.0000
         17.9622
         15.3707
          0.8988
         26.8509
        494.8777
         53.0250
          0.0000
          0.0000
          0.0000
          0.0000
          0.0000
          0.0000
          0.0000
          0.0000
          0.0000
          0.0000
          0.0000
          6.2451
          0.0000
          0.0000
          0.0000
          0.0000
          0.0000
          0.0000
          0.0000
          0.0000
          0.0000
          0.0000
          0.0000
         -2.1933
          0.0000
          0.0000
          0.0000
          0.0000
          0.0000
         21.7247
          0.0000
          0.0000
          0.0000
          0.0000
          0.0000
          0.0000
         15.4499
        162.9297
        380.9454
         28.0999
          0.0000
          0.0000
          0.0000
         11.5834
         23.5385
          7.4329
          0.0000
          0.0000
          0.0000
          0.0000
         20.0526
         18.8361
         65.7427
         17.7258
          0.0000
          0.0000
          0.0000
          0.0000
          0.0000
          0.0000
          0.0000
          0.0000
          0.0000
          0.0000
          0.0000
          0.0000
          3.3697
         12.2171
         29.0710
         39.1969
         28.3681
        487.6721
         66.1073
        141.4537
          0.0000
          0.0000
          0.0000
          0.0000
          9.5522
        157.4098
          0.0000
          0.0000
         11.4745
         23.2527
         10.7651
          0.0000
          0.0000
          0.0000
          0.0000
          0.0000
          0.0000
          0.0000
          0.0000
          0.0000
          0.0000
          0.0000
          0.0000
          0.0000
          0.0000
          0.0000
          0.0000
          0.0000
          0.0000
          0.0000
          0.0000
          0.0000
          6.4942
         15.8278
         10.6383
          1.8282
          0.0000
         74.0833
          0.0000
          0.0000
          0.0000
         62.4710
         75.7319
         94.7236
        243.3781
        239.3810
          0.0000
          0.0000
          0.0000
          0.0000
         98.9067
         86.0234
          0.0000
         82.2261
          0.0000
          0.0000
          0.0000
          0.0000
          0.0000
          0.0000
          0.0000
        259.3734
          0.0000
          0.0000
          0.0000
          0.0000
          0.0000
         10.3195
          0.0000
          0.0000
          0.0000
          0.0000
          6.7711
          0.0000
         82.6538
        152.5113
        252.2402
        195.2036
         34.8609
          0.0000
          0.0000
          0.0000
          0.0000
          0.0000
          0.0000
          0.0000
          0.0000
          0.0000
          3.3963
          0.0000
          0.0000
          0.0000
          0.0000
          0.0000
          0.0000
          0.0000
         13.5804
         11.2837
          1.5281
          0.0000
          0.0000
          0.0000
          0.0000
          0.0000
          0.0000
          5.2989
        237.0212
        213.6383
         78.0687
          0.0000
          0.0000
          0.0000
          0.0000
          0.0000
        144.1875
         79.9868
          0.0000
          0.0000
          0.0000
          0.0000
          0.1828
         17.8723
         17.6162
         21.7038
         12.6566
         53.2692
         53.2692
