          0.0000
          0.0000
          0.0000
          0.0000
          0.0000
          0.0000
       -104.8835
       -103.2255
        -99.3124
          0.0000
          0.0000
          7.1589
         22.8729
        -93.4395
        -93.4653
       -133.0852
       -119.7142
        -28.4912
         -7.4024
        -72.2288
       -248.7234
       -195.7448
         65.1295
        -77.9313
       -176.6939
        -61.2588
        -47.2718
       -110.8158
       -126.0354
       -232.0577
       -296.6516
       -229.0201
       -136.7020
         57.4805
         33.8206
         45.8485
          6.3976
         67.5153
        327.0249
       -115.2473
          0.0000
        161.1860
        408.9201
        280.8469
       -130.5040
       -172.1658
        -44.1979
       -162.1053
         15.2241
        129.9148
        143.3422
         53.3816
        -16.7075
        288.9109
        662.1193
         39.8220
        -60.3688
        -16.5474
          0.0000
          0.0000
         41.8154
        142.5582
        472.4244
        437.2181
         99.8792
         18.8767
          3.1362
          0.0000
          0.0000
          0.0000
         24.6617
        179.1351
        -47.5778
        -72.1079
        -20.1379
        379.2938
        190.7244
        -44.2359
        237.9489
        200.9062
         83.4673
         36.1762
        297.6506
         36.1218
       -212.5798
       -130.9694
        -35.3044
        -77.9981
       -134.1547
       -112.6619
        -13.9001
         -5.6855
         26.9633
         37.1061
        366.2343
        397.1211
        135.0271
        457.8736
        189.9994
        102.3945
       -110.6077
       -133.5303
       -142.5747
          0.0000
          0.0000
          0.0000
          0.0000
          0.0000
          0.0000
        -60.3869
        247.9969
        160.7666
        101.0909
       -122.3587
        -40.8796
       -101.6709
       -117.9712
       -190.3932
        -99.3486
         55.9470
          6.8899
          0.0000
         38.6948
         81.3644
        -57.7505
        -87.1865
        -58.1326
       -136.0018
        -49.5197
         83.7841
          1.5445
        -74.0685
        -32.6873
        326.6632
         26.0478
       -258.8978
       -246.0207
       -127.4835
        133.4852
        282.1469
        280.2251
        842.2086
        -88.3788
        -43.2075
          0.0000
        439.6669
       -275.2591
       -431.2917
       -437.7539
        389.6289
          0.0000
          0.0000
          0.9771
        239.9342
        144.1744
         33.0010
          0.9863
          0.0000
        111.3993
         48.6878
        -76.4064
        123.4372
          0.0000
          0.0000
          0.0000
          0.0000
         20.9078
        -89.5297
        -83.4231
         11.4353
        -34.1440
        -75.3306
        -55.1627
        -44.9878
        -67.3262
       -296.0745
       -302.6239
       -204.0958
          0.0000
         53.3275
         40.9675
       -133.2808
       -113.5463
          0.0000
          0.0000
         37.5840
         98.9045
         98.2681
          3.1699
       -138.1914
         65.2705
         29.0710
        -47.9651
         -8.3112
         56.1657
         13.5226
        -31.5988
        -51.1687
        -14.9843
         55.0766
        420.1304
        390.1008
        240.9990
        360.0675
       -143.2496
       -236.6709
         43.4229
        387.7241
        211.6632
        -96.1372
       -101.6141
       -137.4819
       -196.6267
       -156.6930
        262.4968
        318.3255
         12.1933
        -52.0266
         60.8265
        144.7041
        113.8400
          0.0000
        115.2356
        246.7157
          0.0000
        103.3359
         27.1599
          0.0000
         53.4234
        -10.5901
        -29.8577
        -15.4259
          0.0000
          0.0000
          0.0000
          0.0000
         -1.9304
          0.0000
        -10.8009
        -60.0035
        -57.6614
        -87.3074
        -64.8600
          0.0000
         17.7053
         40.1366
        180.8716
          0.7534
        -77.3117
          7.7153
          6.9264
        -62.2972
        -20.4529
       -135.1982
         10.8001
       -192.3226
          0.0000
         41.3717
         11.0475
        108.8213
        183.7483
        -64.5507
          0.0000
          0.0000
          0.0000
         18.6871
          7.4756
          2.9380
         38.6304
          3.6892
        -14.8199
        353.3415
        989.9018
        597.5977
        349.3280
        188.4611
         28.9103
        -18.1817
          0.0000
        456.4661
         62.7750
        -14.3077
         27.8694
         10.9671
        -99.5059
       -281.3695
       -160.8192
       1232.2718
         43.7763
        238.8168
         79.3590
          0.0000
          0.0000
        -30.9329
        476.4013
        141.2454
        -83.5528
        -50.2065
         -7.2852
         20.7693
        -45.1965
       1256.7930
       1336.2508
        712.5296
          0.0000
         75.7399
        178.6102
        108.0082
        102.3751
        -59.3188
       -288.8200
       -303.0478
       -265.9105
       -185.2528
       -275.2366
       -205.1986
         55.2177
         12.4873
         49.0962
        -13.0748
         27.5547
         82.2597
         70.3648
         55.4893
          2.1863
         -5.6040
        232.7363
        211.7207
        242.9705
         87.4651
         11.0772
        687.9505
        854.8317
        151.8243
          0.0000
          0.0000
          0.0000
        247.7818
        100.9283
        514.3358
        496.7111
        -45.5730
       -146.3577
        -56.9732
        171.0058
         60.1603
        -43.5332
        -38.7859
        -69.7767
       -272.1062
       -331.3093
       -211.0658
       -211.1909
        102.6486
        709.5401
        398.3000
         65.2928
        174.6433
         -8.8545
        238.8364
        260.7142
        182.8440
        -72.6769
        -60.8472
         93.1507
        164.1970
        496.7283
        142.8246
       -183.7014
       -143.8557
          0.4800
        -23.1961
         61.6805
        -31.9093
          1.4678
        180.6937
        162.0108
       -151.1870
       -180.0382
       -141.2905
        -79.5639
       -177.7102
        300.8368
        648.3831
         15.1728
       -105.0209
        -72.9119
        -46.9072
         -7.1761
        -47.3409
        268.5426
        164.0324
       -156.1954
          0.0000
         42.5478
         63.8192
        -63.0444
          0.0000
        -99.0137
        -66.1040
       -119.1635
       -198.5970
        -72.2256
        -60.9901
       -206.9803
       -163.7352
         60.9070
       -188.2742
       -151.9587
        -94.8256
        108.8201
        558.4216
        302.8709
          0.0000
         -5.8574
        -11.6592
        -91.1340
         69.3200
        202.8381
        139.2180
       -148.5758
        244.9798
       -150.0438
          0.0000
          0.0000
        135.0062
        197.5098
         40.4164
       -267.6187
        295.6939
       -143.6346
       -254.3378
         17.6864
        311.3501
        138.8880
        -57.1633
       -325.1897
        515.3073
         36.8874
        -59.5560
         36.5837
        -24.4778
        -42.3483
       -125.0178
       -234.4125
       -292.4412
        425.7356
       -152.1663
        -21.4234
        223.7038
        691.0534
        524.8448
        541.8968
       1166.9119
        430.8210
        187.1324
          0.0000
          0.0000
          0.0000
          0.0000
         72.7931
        -19.4660
       -116.9154
       -126.6732
       -121.8210
       -173.3948
       -185.4906
       -134.7849
        -86.0458
       -185.9700
       -100.8769
         83.3201
        -31.6781
        -78.0222
         93.8281
        375.3329
        189.5206
        152.8376
        194.1125
        132.6348
       1056.6657
       1290.7412
        820.1564
        623.4091
        274.4330
          0.0000
          0.0000
          0.0000
          0.0000
          0.0000
          0.0000
          0.0000
          0.0000
        -22.1634
       -137.4932
       -133.0221
       -115.8853
          9.5903
        102.1873
         42.4641
        104.5371
        245.1088
        116.9574
        176.5507
          0.0000
         97.8871
        270.1999
        365.1615
        -29.1459
        -89.9459
        365.5331
        282.7163
          0.0000
          0.0000
         88.5598
         78.1928
         21.6023
       -167.8785
       -326.7004
       -137.9669
        -87.4553
          0.0000
          0.0000
          5.8783
         47.1435
        -83.8145
        122.4169
        581.7557
       1096.6032
       1039.2611
        508.2111
        551.2116
        445.1915
        173.4342
          0.0000
          0.0000
          0.0000
          0.0000
          0.0000
          0.0000
          0.0000
          0.0000
       -148.8203
       -204.9561
       -306.8204
        -40.9501
          0.0000
          0.0000
          0.0000
       -116.7153
       -142.2846
       -135.0982
       -319.9260
       -365.2094
        -90.0369
        218.4913
        351.4741
        763.9955
        894.5067
        327.4765
        554.1880
        657.5821
       1232.6759
       1344.8667
       1063.0658
        340.3764
          0.0000
          0.0000
          0.0000
          0.0000
          0.0000
          0.0000
          0.0000
          0.0000
        -57.0996
       -236.3906
       -402.3435
       -303.2203
        -65.0579
        -32.7081
         13.5306
        608.3055
        214.6813
       -152.3240
       -229.8723
       -269.4246
       -144.8629
        -33.6032
        -99.1460
       -260.6195
       -296.1909
       -268.3636
       -225.1763
          0.0000
          0.0000
          0.0000
          0.0000
       -111.5843
       -538.1950
       -404.8383
       -356.5647
       -192.7397
        -65.3581
       -132.4705
        -83.6568
       -237.4985
        -10.0969
       -211.9863
        221.4762
        314.1549
        -67.1340
       -165.1397
       -248.4632
       -372.2697
       -371.5476
       -226.3364
          5.6525
        299.0447
        274.7216
        704.3705
        300.9859
        382.4959
       -291.8182
       -150.7677
        -46.3756
         71.1444
        228.6068
        588.4542
        428.3795
        -53.3791
       -264.8949
       -142.5069
         29.6493
        324.8561
        105.0532
        410.2816
        642.1279
        -85.6785
          0.0000
         -5.1546
        -50.0959
        109.3271
         19.3559
         78.5615
       -118.9498
        205.0800
        -42.6699
         -0.3095
        203.1180
        133.9080
        125.5445
        430.4334
        177.1340
         89.7721
       1019.0620
        234.4293
       -150.4479
        -43.5008
       -228.6081
        298.0615
        645.2000
        263.5989
          0.0000
        115.9139
         78.5018
        -54.5744
        -28.2694
        -20.1883
        -56.2387
         85.0697
        114.7767
          0.0000
          0.0000
          0.0000
          0.0000
         16.1708
         29.6247
        -59.0319
        486.3376
        391.5863
         21.3172
        194.7536
        203.8586
        267.7837
        980.9521
        443.6797
          0.0000
        317.6093
        890.9631
        868.1092
        328.5068
          0.0000
          0.0000
          0.0000
          0.0000
          0.0000
          0.0000
          0.0000
          0.0000
          0.0000
          0.0000
        -43.7145
       -159.1622
       -211.9342
       -307.2433
       -282.3434
          0.0000
       -124.1272
        -95.0984
       -200.7341
       -247.0278
       -154.0424
       -124.9958
         66.7627
        200.0195
        -92.6794
         -7.8728
        189.9212
        316.1134
          0.6075
         15.1821
         80.8328
        117.4724
        335.4895
        629.6733
       1347.9921
        231.6915
          0.0000
          0.0000
          0.0000
          0.0000
         68.1967
         61.8905
        119.1269
        618.2076
        370.3706
          0.0000
          0.0000
          0.0000
          0.0000
        349.4932
         39.4268
        -38.7019
       -173.2870
       -205.2866
       -139.7803
       -133.2877
        -98.1095
       -108.0637
        -81.7942
        311.0874
         -0.6789
       -217.3335
       -182.1816
        -84.9886
       -101.9694
        -72.0144
        -44.9669
        241.8693
        340.5713
        151.3762
       -589.2053
       -156.8397
        -74.3928
        274.5059
         63.9530
       -109.9093
        -89.4347
        -33.3739
       -210.0742
       -268.3450
        -74.9328
       -213.7811
       -287.9842
        -59.3553
        -66.9229
         25.8687
        360.4077
        236.5510
        -34.4700
          0.8692
       -190.3766
        292.1007
         75.4675
       -125.2517
        -34.0438
        343.1262
        275.8805
       -360.7684
       -221.0093
       -420.0968
       -308.0832
        -19.7178
        311.4484
        111.2595
          0.0000
         34.3757
         22.7490
        139.2224
          0.0000
        -23.4154
          0.0000
          0.0000
          0.0000
          0.0000
         -4.7135
        -67.0669
        -52.3491
        -96.9798
       -131.5068
       -189.5845
         -5.9166
          0.0000
          3.8421
        214.7329
        182.3791
         73.2200
        626.8229
       1011.1890
        184.0735
        -12.7705
        -83.1928
        402.2987
        154.0236
        -15.4625
        -29.8529
        948.6805
        798.9771
        116.0513
        587.5221
       1413.3338
        773.6046
        120.0545
         44.3606
         90.3788
         59.3652
       -101.7061
       -119.0193
         77.7679
         42.8751
        -51.7459
         83.6727
         45.6172
         20.4508
         -1.0155
        165.7799
        301.3070
        -68.6375
       -134.7239
        -79.3860
       -117.8234
        -96.3539
        261.8069
        563.1598
        808.7866
        102.6734
          0.0000
          0.0000
          0.0000
          0.0000
          0.0000
          0.0000
        101.4618
         13.0147
        -21.4424
         34.9352
         25.0683
         89.9566
        289.0940
         10.2324
        275.2451
        110.5676
       -201.0191
       -134.8672
        -17.6892
        -26.9977
        -17.5987
        388.1827
        129.3557
        -49.1097
        -37.9875
        494.3127
        328.4372
        342.4017
        269.8532
         69.3775
        299.1044
          0.0000
          0.0000
          0.0000
         14.0550
         19.9878
         25.0945
         82.9554
        -28.2139
       -101.6774
        100.1452
        308.6168
        110.7231
         10.2454
        213.9020
        215.0483
        471.2410
         78.4671
       -282.9486
          0.0000
          0.0000
          0.0000
         63.8576
        -20.0565
        208.7214
         73.2757
        -26.1654
        247.9542
        320.9940
        175.9943
        111.9232
        247.9268
        607.0899
        627.1985
         22.3881
         39.9428
        -83.5688
        -46.4095
       -176.0703
         71.9448
        316.5057
        164.4437
        -48.8277
          4.5465
         43.6897
         32.4728
        -13.6237
        412.2307
        669.8109
        -94.3325
       -301.3263
       -182.0761
          0.0000
        -54.2696
         42.4576
        -69.4555
        -32.5575
        -70.2465
        -85.0474
          0.0000
          0.0000
          0.0000
          0.0000
          0.0000
        -37.6285
        -53.1591
        -61.2585
        -60.1289
         -6.2095
        135.5275
        104.1229
         58.3906
        423.2622
        506.8607
        411.8378
        182.8810
        204.8114
        566.7264
        341.8947
        167.7510
         42.3699
         33.4771
        146.8380
         47.0248
       -114.1408
        -92.8765
        -76.5547
       -222.7235
        -22.3528
        -58.4756
        -37.8692
        -14.1121
        -82.5483
       -103.3432
       -286.0776
       -389.1195
        134.9314
        569.7637
         45.7259
        254.9085
       1035.8752
       1087.1834
        850.1214
        819.2399
        -90.4728
         42.7133
        -19.3626
         -7.4502
          0.0000
          0.0000
          0.0000
          0.0000
         97.7325
        215.1038
        406.5393
        257.8683
        -25.9446
          0.0000
          0.0000
          0.0000
         -1.4389
       -105.5763
        -82.4084
          0.0000
          0.0000
          0.0000
          0.0000
          0.0000
       -215.7376
       -278.7675
       -252.3399
       -132.9577
        -33.4434
        -54.4954
        -52.9009
        -67.7655
         63.3931
         -8.7721
        -13.2494
        -10.6784
        285.5560
        553.6722
        835.1390
       1033.1431
        708.3085
        385.8280
        -25.8796
        106.2217
         63.2831
         -7.6676
        -49.6116
        -32.6114
        146.4458
        123.8348
         -5.6548
         70.6432
        218.6569
        476.0636
        470.8820
        319.9163
        693.1204
        431.5869
          4.8478
          0.0000
          0.0000
          0.0000
          0.0000
          0.0000
         18.5965
         50.3116
         48.1254
        -64.2086
         28.3385
        155.8725
        313.7310
        302.8683
        440.5882
        247.1391
       -131.5072
       -307.4107
       -163.3953
       -114.6998
        -26.6655
        -20.1080
        -52.0050
         18.6367
         -8.2471
         -3.4598
         84.2263
        132.7723
        -97.3571
       -308.2081
       -146.7337
        -64.4737
        -56.4832
        202.4388
        388.5666
        214.1837
         17.3365
        725.7172
        268.1621
          0.0000
          0.0000
        135.3607
        201.3089
         80.5870
         47.7231
       -151.9459
         55.1515
        194.1820
          0.0000
          0.0000
          0.0000
          0.0000
          0.0000
          0.0000
          0.0000
          0.0000
        -45.6736
         86.0164
         71.0803
        153.2774
        171.8617
        481.3562
        273.7828
         70.6080
        -79.9886
        -56.9564
        -39.8982
        -79.4502
        -97.5644
        -82.8579
        406.3659
          0.6525
       -147.1621
          5.9508
         69.4492
         22.6645
        101.6732
        127.9904
        767.5606
        541.9803
          0.1851
        -98.7465
        -23.3096
         24.0303
        103.5408
         94.1554
        478.9387
        184.7572
         58.4479
        -91.4619
       -145.5674
       -173.2143
       -126.8123
       -218.9875
       -154.6066
       -158.5442
        -13.2128
        -25.3881
         83.4698
        372.8733
        242.0649
        215.7450
        510.1900
        110.1665
         -8.4912
        -30.5962
         43.3154
        -20.1747
          0.0000
       -150.1814
         22.7380
         -5.8037
       -141.6964
        -23.0434
        267.9838
        426.1284
        -82.0449
        168.0612
        160.3463
        574.1452
        248.2874
        219.4262
        293.2342
        178.0555
         95.1445
        243.2813
         83.4470
          0.0000
          0.0000
          0.0000
          0.7997
          0.0000
         11.2075
         10.9987
        283.0544
        182.5235
        137.4039
        102.0126
         89.7813
         58.1867
        104.8049
        444.0069
        913.5249
        233.6454
         33.8540
        -73.0370
          0.0000
         18.0699
        259.3519
        619.2050
        243.2142
        -20.8277
          0.0000
          0.0000
          0.0000
        140.0368
         29.0147
         72.5453
         61.4674
        134.4673
        -25.8414
        -48.0988
          0.0000
          0.0000
          0.0000
          0.0000
         -6.4312
          0.0000
          0.0000
         33.4810
          3.1473
          0.0000
          0.0000
          0.0000
          0.0000
          0.0000
          0.0000
          0.0000
          0.0000
          0.0000
          0.0000
          0.0000
          0.0000
         24.6608
        303.5810
        442.3794
        306.7218
         37.1578
         92.8569
        -49.3812
       -283.0556
       -390.9615
       -123.1577
         73.0255
        304.8314
        240.3944
        -34.3101
       -190.7945
       -212.4002
       -109.9582
          0.0000
         55.8302
        120.9650
        322.6180
        178.6304
        212.6238
        478.6262
        342.9190
        -35.7775
         82.1463
         98.1588
         -7.6894
        -21.2715
       -170.6721
       -148.8712
         51.2755
        -74.2138
        -91.3304
       -105.5342
        -70.6341
         -7.8051
          0.0000
          0.0000
         27.7840
       -106.5594
        -80.8738
       -101.4988
        -27.8552
          0.0000
        -29.6960
        123.7029
        166.5000
         50.6051
         24.3100
       -104.0655
       -222.4314
        -29.5481
       -191.3084
       -219.5441
       -125.3959
          0.0000
        237.6597
        223.9053
         15.4943
        476.3810
        519.5868
        818.0148
        933.0773
          0.0000
          0.0000
          0.0000
          0.0000
         23.7903
          0.0000
         64.1444
         40.7559
          0.0000
          0.0000
          0.0000
          0.0000
          0.0000
          0.0000
          0.0000
          0.0000
          0.0000
          0.0000
          0.0000
          0.0000
          0.0000
          0.0000
          0.0000
          0.0000
          0.0000
          9.3602
         13.5914
         12.8504
          4.9505
          1.5827
          0.0000
         -5.6707
          3.5056
         76.4601
         -3.5549
        -17.2195
         22.9216
         75.0226
         43.5006
          0.0000
         13.3487
        147.6017
        174.1201
         39.6500
          5.5616
         52.5566
        116.9774
        305.6030
        227.0998
         77.1605
        267.8411
         12.9422
          0.0000
          0.0000
        441.7921
         87.8387
          0.0000
          0.0000
          8.2576
        213.5524
        595.7612
        547.5384
        405.9743
        -69.4301
       -125.3844
        -24.4483
         43.8247
         97.8817
        101.0930
        195.3755
        454.5368
        421.0085
        794.3929
        407.0993
        -34.2937
        -15.3828
          0.0000
          0.0000
          0.0000
        281.1573
        190.1760
         -4.1479
         42.9403
         -1.0877
         12.7949
          0.0000
          0.0000
         99.4479
       -183.2329
        -17.8794
        124.0429
          5.9358
        -87.8119
       -134.8065
       -136.7543
        -47.7130
          0.0000
          0.0000
          0.0000
          0.0000
          4.0696
         13.4819
         61.3184
          0.0000
         35.3497
        124.5129
        -36.1148
          1.9920
        -17.3193
         85.5986
         84.8196
         63.6939
         54.3680
        -34.7712
        -96.4014
         62.4658
        595.2562
        567.8481
        698.7896
        229.7836
        138.2619
         37.4762
        -42.0898
        -36.9467
        -49.9959
         46.7611
        155.6647
         70.0110
        122.0857
        197.1056
        -34.4094
        -87.6464
       -169.7966
       -254.8467
         38.8210
        580.8495
         -5.0625
        228.3909
        127.3319
        449.4697
        623.7243
        428.7355
         94.7115
         81.7557
        -11.9769
         29.2785
        192.6637
        381.4450
         19.5982
         74.2697
        259.4271
         16.0537
        -48.8508
        -36.5441
          5.4625
          6.1807
         21.8538
         27.4414
        -70.3283
          0.0000
          0.0000
          0.0000
          0.0000
         13.9263
         33.2238
          0.0000
          0.0000
        102.8686
         69.9086
         67.4240
        312.1183
        773.7563
        468.9925
        -73.2015
        229.0463
        -42.6293
         28.7379
         69.7783
         30.5153
         -3.2443
        -17.3037
        -18.3471
         77.4051
        -38.2008
          0.0000
          0.0000
        -19.8020
        -27.8051
         -6.4560
        -18.5640
         65.5094
        -16.4616
       -186.8798
        -91.2710
         -7.4618
          6.3793
        -28.9039
        -21.6002
          0.0000
          0.0000
          0.0000
         83.6278
       -196.9061
       -108.2814
        -16.2539
        -37.3376
        -71.9122
         21.4952
        107.7867
         61.1917
        -34.7740
        -32.6887
        -26.2874
        -17.5771
          0.0000
          0.0000
          0.0000
         65.6862
         96.1743
         79.1180
        125.9818
        214.6096
        103.6897
         16.5515
         17.4765
        113.4046
        245.5785
        263.9208
        239.2458
        155.5686
        -45.0857
        -46.5316
        281.4779
        347.0802
        115.4741
       -101.6940
        -70.5851
        658.5194
        841.8330
        151.9685
        117.7607
        181.8453
        221.6738
         32.7716
       -156.2529
        -21.4278
       1091.2179
         88.4712
        -45.3963
         98.7329
         56.0293
          0.9101
         62.2298
          0.0000
          0.0000
        369.6332
        106.2967
         46.6508
         67.7025
         16.9650
        -56.8495
       -164.2205
        -42.7961
        338.0458
        416.7951
        374.0086
       -102.7669
       -182.3660
        122.0090
       -210.2111
        -59.4316
        354.0186
        300.7789
        378.6640
         -4.4040
        -86.1591
       -208.2237
       -279.3604
          0.0000
         19.8022
        216.1180
        581.3936
        246.7771
        -26.3250
       -189.5867
       -340.8663
       -150.0292
         -2.2501
         47.3386
        114.0159
        -39.9958
       -159.7280
        -46.4510
        -83.5555
        -87.5247
       -164.5200
        -27.5452
         -0.4910
        258.2604
        116.4958
         88.9234
        -68.1544
       -122.4856
        -64.0433
         61.9284
        270.1729
        224.7891
          9.5171
       -156.8001
       -240.1189
          0.0000
          0.0000
        194.3359
        317.5396
        345.7754
        320.8265
        101.7398
       -176.9161
          0.0000
         11.8301
        296.6526
        701.6644
        195.1235
       -130.7338
       -150.2768
        -89.6153
         44.0659
          0.0000
          0.0000
          0.0000
          0.0000
          0.0000
         63.3880
        -69.7210
       -196.8640
          0.0000
          0.0000
          0.0000
          0.0000
          3.7017
         23.1035
         -7.7961
        -38.5134
       -213.2887
         -3.0207
         61.9638
         26.6582
        -60.6113
        -41.4718
         -9.2387
          0.0000
          0.0000
          0.0000
         19.3424
        189.9427
        134.0654
        -19.5927
       -136.2026
       -143.9601
          0.0000
          0.0000
          0.0000
         22.4058
         30.1656
         65.4059
         52.1568
        180.2375
          4.3619
         50.1132
         50.6003
          6.9318
        163.8291
         89.2661
        250.1831
         21.0005
          0.0000
          0.0000
        131.0940
         87.8808
         84.1529
        213.4487
         18.0918
        350.4248
          0.0000
          0.0000
          0.0000
          0.0000
         81.6429
        104.2722
         83.2430
         93.0303
        214.8211
        159.1569
          3.8846
       -149.9146
       -120.1784
        -53.0449
        246.9533
        607.9672
        373.3332
        214.4544
         38.7254
       -294.6814
       -294.9445
       -191.1687
        -31.4160
          0.0000
        -45.8863
         40.2149
        -79.7160
          0.0000
          0.0000
          0.0000
          0.0000
         46.7840
         -1.3181
       -111.5701
       -190.5752
          0.0000
          0.0000
          0.0000
          0.0000
          0.0000
         93.1517
        266.3728
        182.4187
        -46.5863
       -135.0065
        -33.3338
        -86.3596
        432.3521
        341.7044
         -6.0860
         36.1924
        -32.7015
        -65.3843
        -57.6110
       -143.8473
          4.4345
        994.5214
        721.3095
        428.2126
        338.0338
        284.4480
        146.5523
       -369.1251
       -122.0558
        -50.1290
        123.1760
        104.4909
        143.6764
        104.9900
         35.2089
        461.2050
        120.2332
          0.0000
          0.0000
        195.3591
        265.4919
        -78.2279
       -138.8974
        -11.9668
          0.0000
        210.4322
        100.7804
         43.8055
        105.3463
         37.7891
         50.5027
        157.0905
        479.6380
        241.4732
         71.3436
        -47.9961
        -87.3183
        -84.9887
        101.1305
        457.8796
        719.4064
        386.4967
         72.3317
          6.4407
       -137.1920
        -60.0366
         49.9271
        -13.3274
         92.3593
       -330.8510
          0.0000
          0.0000
         34.7725
        -32.2095
        -17.1688
        -12.7482
        -48.9683
          0.0000
          0.0000
         50.0408
        237.8438
        185.8605
         -0.8291
       -166.2858
        -57.0030
       -179.5545
         78.7682
          9.6816
       -213.9272
        -85.6604
        -55.1606
       -236.5557
        -20.1234
        -35.5097
          3.5943
        153.6754
        160.9309
        111.0163
         69.6548
        211.0966
        827.4469
        222.3939
        217.4600
        571.0569
        140.9621
        127.3959
       1260.1815
       1026.9099
       -118.1699
        -14.6132
          0.0000
          0.0000
          0.0000
         46.0135
         35.1484
         27.8922
          0.0000
          0.0000
          0.0000
          0.0000
          0.0000
          0.0000
          0.0000
          0.0000
        -52.5602
          0.0000
          0.0000
          0.0000
          0.0000
          0.0000
          0.0000
          0.0000
          0.0000
          0.0000
          0.0000
          0.0000
          0.0000
          0.0000
          0.0000
          0.0000
          0.0000
          0.0000
          0.0000
          0.0000
          0.0000
          0.0000
          0.0000
          0.0000
        -19.3563
        -12.3351
        -11.8990
         26.0219
         17.0304
        -66.8746
         -4.6602
        -99.5647
          0.5067
        182.4581
        194.3998
        202.3579
        -46.0351
       -146.0069
         -3.5894
        -19.9050
        -90.2832
        -33.5634
          0.0000
        -61.6161
       -110.0908
       -111.2289
        -72.6052
       -199.0023
       -198.1221
       -176.8189
       -139.5170
       -122.6966
       -149.6722
       -231.2966
       -229.6992
       -392.3411
       -529.9366
       -327.3155
       -109.1172
          0.0000
          0.0000
        217.2866
        116.6145
         78.8499
       -145.6812
       -205.5933
         23.7058
         56.7845
        -10.1049
       -136.8750
       -211.1949
       -249.6006
         36.6099
       1087.3507
        386.9065
        502.3637
        384.9162
        100.8648
       -277.7375
       -313.6493
       -190.0429
       -111.9675
        -55.5880
        -21.6682
        -61.1418
        -77.0108
        -68.2419
        -56.3613
         71.0929
       -101.3551
        -47.4704
        -44.2293
        -88.5094
        -39.4145
        -68.6067
        -98.2232
         44.3204
        216.0881
        101.1609
         93.3436
         28.5276
        225.4491
        645.9124
         32.3302
        -20.7474
         -1.2907
         86.7771
        125.9023
         60.2541
         44.0765
        -19.1980
        -90.3619
        -21.9666
        231.3416
       -250.0449
       -146.0757
          0.0000
          0.0000
          0.0000
         96.6270
       -168.5657
       -363.8514
       -475.2473
       -362.9520
       -106.9501
        -45.5631
         -6.1580
       -161.2527
        -56.3294
       -177.2177
       -221.9618
       -147.4882
        -23.2310
          0.0000
          0.0000
          0.0000
         14.5078
        -69.0234
          4.6022
        113.9512
         30.8675
        -15.1748
        -34.1762
        -71.7519
        -63.5614
       -107.5995
        -47.5367
         74.9014
         71.6263
          6.9265
        -46.7954
         63.9507
        622.3246
        352.2766
        580.2464
        381.4430
       -478.4588
       -308.3664
        -11.9982
       -190.3647
        718.2926
        384.7549
        -12.6931
        -52.0325
        -24.2686
         21.4978
         96.2809
        -14.4992
        576.3231
        478.9062
       -102.0111
       -152.1684
       -170.3480
        -95.1856
        -24.0950
       -175.7136
       -158.0380
       -213.5356
       -184.0873
         57.0558
         39.6499
          0.0000
          3.7809
        -58.0949
       -188.1211
       -220.9569
       -249.3015
       -192.9047
        -21.7008
        -45.5862
       -199.0672
       -349.2570
         -0.4474
        -18.1398
       -151.0672
       -111.5388
        -19.9184
         -8.3193
       -143.6112
        481.2995
        431.8721
          0.0000
         29.0032
        480.7825
        400.4013
         63.6485
       -229.9216
       -339.4211
       -149.2016
         57.6217
       -102.5252
        -74.5676
        185.5882
         39.0964
       -220.3294
       -242.5162
          0.0000
          0.0000
        134.5396
        354.8486
         25.4717
       -110.8602
       -230.5135
       -250.6033
       -263.3113
       -129.2460
       -135.2149
       -197.4582
       -258.0704
       -104.5188
       -131.5178
         72.0410
         68.8761
         63.9769
        239.1775
        272.7708
        196.7399
         32.6147
         19.8315
        659.3808
       1074.0649
          0.0000
          0.0000
        143.5689
        380.4864
        612.2403
         25.7138
       -196.3218
        248.0049
        232.8580
        -28.4231
        152.2985
        138.0576
         66.1692
        152.8119
        105.7653
         80.4309
       -221.0775
       -419.6014
       -285.5076
       -134.5171
       -147.5736
       -220.9383
       -336.1872
       -357.7882
       -119.1903
          0.0000
          0.0000
        172.3303
        113.2914
        -17.5065
       -133.9924
       -221.7069
       -186.0415
          4.7993
        -83.0396
       -233.9474
       -172.8678
        -82.4233
        -78.7619
       -202.3360
        -18.7195
        124.5315
         71.7012
         72.9012
         94.6287
        -40.7915
       -271.1581
       -274.8476
       -160.3278
        -12.9635
         97.5630
        147.2433
         37.8989
       -163.8889
       -185.0759
        245.9626
        267.7088
        -38.6981
        -34.2007
         10.8873
         68.8905
         79.0099
         90.5306
        523.1547
        174.4268
       -184.4455
       -267.9682
       -313.3725
       -372.3210
       -147.2145
       -330.1316
       -253.6512
       -241.2262
       -173.8863
        -60.9922
         18.3026
          3.9940
        -33.9510
        -62.2011
        -12.8193
        -40.3032
        -25.5839
       -218.9205
       -380.1483
       -209.1481
        -75.6100
       -148.8052
       -199.4585
       -166.1898
        -12.4562
         82.8380
        -78.2437
       -152.6065
       -190.5370
       -119.0787
          0.1005
        -79.6963
       -164.4994
       -127.0082
       -248.9885
       -187.0973
        -70.8059
        -18.7212
        266.8071
        119.6056
        -53.2490
        -36.8891
       -273.1265
       -285.4332
       -221.9976
       -186.2095
        -69.9661
        -73.0836
        223.9986
        132.2046
       -356.3115
        169.4157
        205.9677
        151.3381
       -151.4746
        -32.1736
          0.0000
        119.4798
         48.3235
         -3.4013
        -93.0911
       -146.2494
        803.0581
        984.0673
        277.9453
        383.4952
        649.6575
        259.9500
        588.6573
        651.3787
        264.4622
         46.7616
        -60.3670
        -31.5816
        -97.7097
        -62.0207
         28.1905
        -29.9307
       -149.6796
       -180.0847
          0.0000
          0.0000
        178.6073
        153.1206
         46.5726
        214.3151
        947.1134
        300.5028
        186.8106
        678.6264
        369.9332
         32.1320
       -255.5256
       -288.9010
          0.0000
          0.0000
          0.0000
         84.6868
         67.5618
        -92.7269
       -175.4582
       -177.1625
        -45.2763
         -2.6912
        228.7677
        297.4355
         16.9847
       -260.9628
       -392.1901
       -316.6314
         56.6740
         82.7042
        268.3629
          0.9920
        -22.0514
        182.1772
       1293.2937
        366.2209
         36.7821
        131.6728
        781.6456
        431.6437
       -231.3856
       -185.0555
        -12.3449
       -231.9195
       -176.9709
       -237.6851
        429.6573
       1647.1933
       1743.4433
        842.9198
        -71.0040
        -38.7450
        -98.4448
       -106.2322
        -34.1687
       -157.8451
        364.6603
       1428.2774
        869.8836
       1290.6706
         67.9802
          0.0000
          0.0000
        599.2190
         97.6058
        -58.6837
          7.2002
        -33.3019
        705.5697
        265.0947
        174.9102
        166.5810
       -118.4438
       1150.2961
          0.0000
       -122.0257
        -65.9210
       -197.7571
         19.2751
        294.2980
         93.5108
       -212.1892
       -477.7670
        271.5904
          0.0000
          0.0000
          0.0000
         49.5090
        143.3343
        157.4514
        143.2337
        -46.7531
        -40.3777
       -267.0114
        112.3642
        245.1821
         -5.3702
       -133.7239
        405.6283
        937.1128
          0.0000
        133.3783
        339.8657
        340.9256
         85.5795
       -118.4522
        -81.1232
       -251.0489
       -295.4130
       -153.5107
         57.6171
         83.7261
         -0.4357
          6.2931
         41.5677
        -50.5083
        -69.0083
       -277.8054
         23.7016
        536.8291
        239.6978
        111.9215
        352.2355
        422.7422
       1224.3316
        351.5679
         48.0642
        107.3689
         66.8005
        -38.6632
       -148.6159
        -92.8919
        449.6664
        176.1692
        -16.5255
        -22.9715
        -55.1138
        -61.1077
        -40.9557
        450.5547
        232.5310
       -128.7532
        -22.0710
        -96.1840
       -133.4580
        -76.1328
         -0.9422
        -19.0402
        415.9844
        260.3731
        -23.3756
        -23.6974
         67.8729
         86.4860
         71.3916
         88.2418
        572.2219
        316.1991
        117.7192
          0.0000
          0.0000
          0.0000
        135.7919
         91.7794
       -186.2910
       -206.7885
        -96.7311
          0.0000
          0.0000
          0.0000
         47.4220
        -51.3763
        -64.5205
        104.1609
        205.7125
         28.5836
          0.0000
        -23.5992
        134.3110
         50.5856
       -262.2797
       -299.8280
         -9.3288
        -56.6064
       -258.7745
       -411.5348
        -46.4633
          0.6575
        129.7174
        -93.9213
       -219.6217
       -126.3616
       -187.7543
       -183.0680
       -160.4147
       -190.0558
       -226.9756
       -432.8640
       -392.7155
       -363.5065
       -577.4817
       -494.1512
          0.0000
       -142.5202
         87.9001
       -299.8721
       -428.1522
       -429.1045
       -104.6493
        -35.7041
          0.0000
       -135.6382
       -156.4026
       -165.7779
        -77.4271
         40.5377
         -3.5171
        -18.5170
          3.3782
        -34.7909
         18.1817
       -180.7003
       -132.3208
        -12.2783
        -50.2525
       -140.1981
       -148.8788
       -241.3101
       -340.1582
       -141.4598
        242.4454
        311.5751
        193.1545
        154.0266
        162.7532
        231.5172
        749.9117
        185.8922
        -53.8047
          2.2517
         60.6426
        113.5022
        180.1224
         21.5721
        467.9039
       -129.2408
        -29.9303
         79.8802
         27.1977
        -24.8586
        111.4481
        138.4473
        143.7355
        224.8266
         39.8425
       -278.0922
          0.0000
          0.0000
          0.0000
        135.3856
          1.3453
       -204.6359
       -153.6462
       -105.6068
       -216.7734
          0.0000
          0.0000
         16.9345
        -36.4655
       -249.9470
       -284.0187
       -171.7138
       -254.0062
       -275.1900
       1333.3339
       1569.3646
         25.6966
          0.0000
          0.0000
          0.0000
         23.2525
          0.0000
          0.0000
        214.8088
       -122.4038
       -266.4293
        -87.4550
        -40.9674
        -76.6892
        -68.4918
        -53.3765
         83.7794
         -9.1692
         75.8774
        -68.4581
       -305.7314
       -186.3527
        122.3905
        477.7632
        633.4645
        602.6163
       -122.7711
       -308.8439
         66.3595
        547.4849
        368.0573
       1105.8192
       1419.6713
        820.6425
       -164.3504
          0.0000
        140.4630
        286.1237
        163.4693
        254.3323
       -135.1768
       -510.8261
       -366.4876
        -98.0214
         91.5833
        144.0092
        312.6857
        514.8336
       1038.4642
        786.5370
          0.0000
          0.0000
          0.0000
          0.0000
          0.0000
          0.0000
          0.0000
        -58.3113
       -144.7092
          1.6191
         20.1549
         24.4961
         78.0242
        -16.1588
       -156.4895
        261.2492
        709.3283
        374.9151
        187.1013
        -21.5526
       -111.2722
         -2.1067
        -42.2942
       -159.4357
        -66.5780
       -120.0099
       -161.6528
       -121.4768
        -74.0267
        237.0793
        334.7148
        372.0068
        385.4654
         23.3919
        -15.3228
        184.1619
        570.1823
        581.1661
        411.4843
        262.9676
         81.1518
          0.0000
          0.0000
          0.0000
         41.2980
        295.8325
        183.4657
       -182.4928
        -60.1557
        115.6958
        858.1784
       1098.5853
        720.7192
        333.3123
        338.3429
        207.0084
          0.0000
          0.0000
         34.7776
         14.7044
         11.4700
        -30.5547
       -151.7664
       -296.7544
       -187.6567
        -86.3162
         53.5701
         64.8787
        -77.4383
        -81.4410
       -251.3994
       -344.9808
       -260.1847
       -121.5009
       -187.1782
       -215.7786
        -27.2926
          0.0000
         -6.4313
         37.4549
       -130.1688
       -136.1910
       -140.1289
       -326.7722
       -367.8120
       -178.9957
       -246.7645
       -225.7111
       -250.0187
       -204.2879
        -44.6279
          7.8530
        160.7884
        494.6657
        826.3261
        855.0243
        430.1155
        148.2518
        136.7706
        -52.6989
          0.0000
          0.0000
          0.0000
       -153.9221
       -109.5876
          0.0000
          0.0000
          0.0000
          0.0000
          0.0000
          0.0000
        -76.5841
       -230.6346
       -213.9335
        -13.3371
         -8.4901
       -136.8339
       -149.3080
        -58.5778
       -109.6798
       -238.8150
       -127.4349
         34.3013
        -20.1350
       -117.5239
       -135.2476
       -249.3742
       -459.7926
       -489.2503
       -287.2758
       -115.6777
        -70.7172
       -197.0541
        -30.8982
        191.8418
        295.9077
       -241.0800
       -143.3788
       -105.4628
        -18.3955
        -53.2632
        -54.1250
         45.4961
         59.8009
       -359.7933
       -246.1654
       -135.3353
        -95.9665
        -12.9333
         11.8763
        138.8312
        153.7198
         54.8999
        -14.4164
         36.9708
         78.3095
         31.7147
        -77.6620
         23.6761
        376.8384
         36.2866
       -286.4942
       -231.4782
       -202.4682
       -193.5710
       -119.2922
        208.9169
        159.8331
         90.9581
        -33.9096
        -27.4871
         81.5667
        206.2293
         35.0642
        430.0256
        225.6984
       -285.3965
        -63.6647
         59.7049
        262.7960
        152.7577
        -58.3037
          0.0000
          0.0000
          0.0000
        177.0828
        212.4026
       -104.2382
       -200.9290
       -116.1648
       -149.0435
       -227.4170
       -313.2001
       -219.0608
         26.0158
         21.7847
         56.8190
        492.4961
        970.1209
        -70.2884
         -6.9678
         40.3502
        462.1754
        147.6195
        408.4599
        387.1654
        591.7317
         62.9301
          0.0000
          0.0000
          0.0000
          0.0000
         93.6387
        171.9101
         96.3916
        171.4933
         96.8125
       -215.9147
       -187.6741
       -192.9670
       -225.5762
       -115.8518
       -280.9455
       -284.3020
        -89.5784
         92.8474
        -24.3388
       -255.8291
        -97.0098
        327.3699
       1159.1709
        980.4057
       -108.5590
          0.0000
        -42.7877
         -1.4154
         30.2965
          3.1022
        -60.5274
        -59.1067
        -65.3830
        124.8320
        423.6504
        283.1803
       -141.6472
       -113.6624
        -45.0980
       -269.4428
        -93.4411
          0.0000
          0.0000
          0.0000
        -10.7969
         46.4327
        154.4018
         98.3258
        -78.5330
        -91.6551
         48.2405
        154.6516
        308.9833
        317.2281
        657.0820
        397.5541
        161.4610
       -202.0777
        140.2504
        -84.2944
        101.0633
        237.0136
        132.3680
        223.9485
        321.7348
         83.0671
        223.3912
        548.0747
         73.6469
          0.0000
       -206.2970
       -239.0229
       -276.5350
       -306.9541
       -116.6085
        -63.1037
       -142.4827
        -97.7952
         94.1115
        128.5184
         13.9394
         -0.1736
        -15.1192
       -135.8932
        -34.2507
         16.3986
       -298.9968
       -337.6068
       -291.7212
        108.9869
        208.4113
         73.7129
        123.4554
         -1.0272
        160.3151
        703.5658
        157.0010
        -62.3138
       -100.5409
        -62.1796
        158.8935
        395.1889
        601.2959
        391.3748
       -301.5049
        -45.9866
          8.6222
        374.8389
        250.6049
        -94.0583
        286.3488
        446.7026
         56.1796
        146.5501
        289.6593
          5.3537
       -154.5351
       -136.5912
       -149.2619
       -165.9345
       -183.1070
       -119.8574
          0.0000
          0.0000
          4.1343
         26.2438
         25.3310
         20.0537
       -104.3116
        -85.5381
        -58.9289
        -44.9997
        -56.2154
        -58.1296
       -189.2126
       -150.1861
       -104.6592
        -92.0870
         16.8371
       -113.8605
       -160.7048
        320.5545
       1082.6457
        150.0409
         51.8885
        322.0518
        137.5187
       -214.2851
       -265.8369
        -17.2060
        -45.3489
        -87.3716
        -45.3665
         17.5471
         28.8949
        -27.5137
         -4.3870
          8.3748
        173.3972
         73.9130
         73.9130
         41.0459
         41.0459
          1.3686
        -36.0867
         32.7284
        -20.9415
        -95.0425
         18.2861
          0.0000
         56.7803
          8.3903
         -1.3993
         48.7858
        162.9523
        239.9878
       -131.8762
        265.5718
         97.6774
       -138.8819
       -133.8969
       -178.7301
       -188.2303
       -138.6720
       -237.1098
       -109.4421
        -10.5479
        -12.1786
        -50.8932
         -7.5703
        615.2106
        552.1521
         -3.9347
         27.6548
         32.6221
         86.9262
       -103.7665
         53.2566
        455.2127
          0.0000
         13.7425
         75.8501
         95.0195
          1.1031
        -32.6572
         -7.0274
         11.4141
        149.7419
        -56.3462
        -46.5596
        -59.5986
        -11.2292
          0.0000
         25.9202
          0.0000
          0.0000
         42.5894
        272.6762
        248.8564
        164.5572
        146.6707
         76.1437
        138.6885
        -26.3941
       -101.4278
         53.5883
        347.1180
         22.7195
        304.8266
       -323.5473
        179.3929
       -341.8315
       -245.3836
         77.1677
        135.3904
       -128.3313
       -162.5815
        101.9069
        431.4399
          0.0000
        -56.5719
        114.9230
         96.2448
         26.2283
        -21.5326
        364.1860
        502.6424
        269.0499
          0.0000
          0.0000
          0.0000
          0.0000
          0.0000
          0.0000
          0.0000
          0.0000
          0.0000
          0.0000
          0.0000
          0.0000
          0.0000
          0.0000
        -47.1214
       -280.2726
         23.0291
        227.2796
        306.0041
        176.0414
        -36.4968
       -145.3757
        116.9692
        162.2178
          0.0000
          0.0000
          0.0000
          0.0000
         83.4491
        198.5067
         54.5446
        -43.1793
       -137.3337
       -175.7949
        -60.6225
        -98.5227
        -69.4464
          0.0000
        -25.2438
         -3.0708
          8.6701
         34.5625
          0.0000
        178.9979
        108.3494
        -53.7407
       -116.2188
         17.8057
        313.2080
          0.0000
         21.6143
        143.9670
         74.5779
        -49.4843
       -286.4627
       -266.1861
        327.9545
        509.9486
        365.7710
         71.8630
         -4.7877
         29.2214
        -69.3656
        380.3614
        322.1425
          0.0000
          0.0000
         21.9725
          0.0000
          8.8058
          0.0000
          0.0000
        148.8045
         24.5741
         46.7492
          8.6195
        -37.1604
         -8.0507
        -52.6376
          0.0000
        280.6245
        132.5444
          9.0068
       -156.0120
       -109.1205
         58.1636
       -137.1796
          4.4102
        285.6216
        399.9011
        330.8763
        146.7997
         -8.9471
        101.5015
        250.3206
        267.3363
        146.8714
         58.1419
        148.8621
        143.9977
         72.1414
       -181.9256
       -101.1408
        126.6826
          0.0000
          0.0000
          0.0000
          9.9910
         73.4496
        247.7829
         71.2702
       -136.5843
       -134.8694
          0.0000
          0.0000
          0.0000
        148.3035
        135.8228
        -12.7244
       -206.1111
        -20.7261
          0.0000
          0.0000
          0.0000
          0.0000
          0.0000
          0.0000
       -209.8219
       -103.9475
         -3.7084
         45.9502
         38.3980
         -0.7345
         20.9597
       -104.7306
       -125.5994
         63.0723
         37.5753
        127.0762
        106.1285
        -53.9161
        117.2642
        183.7293
        621.6081
        592.9608
        144.4280
        144.5037
        445.5378
        253.3677
       -264.8463
        -95.1280
        313.5158
        869.3609
        402.8123
        201.5813
        206.8262
        246.7183
       -740.3704
        116.2577
        359.8483
         65.1673
       -224.2163
       -122.4053
        -14.1573
         48.8629
       -112.8878
        458.0660
        493.2758
        -18.6926
          0.0000
         86.0457
         48.4076
         53.2650
       -414.0135
       -243.2625
         73.1879
        -74.6557
          0.0000
          0.0000
          0.0000
          0.0000
          0.0000
        -22.8853
        -24.9301
       -137.1285
       -265.7787
       -191.6766
        -35.3262
         13.3296
          9.0682
        -62.5070
       -248.8337
        -96.8746
       -141.4308
        -98.6464
          0.0000
          0.0000
          0.0000
          0.0000
       -241.8444
       -396.3895
       -236.3842
          0.0000
          0.0000
          0.0000
          0.0000
          0.0000
         -6.0595
          0.0000
          0.0000
          0.0000
          0.0000
          0.0000
          0.0000
          0.0000
        -79.9143
        -68.0087
        -92.9326
       -174.6861
       -109.7812
        -85.1729
          0.1251
         -2.7649
        143.7138
         70.0569
       -151.7878
       -248.1158
       -246.2361
       -105.0015
        186.9750
        185.6915
        200.9330
        393.6045
        471.3759
        383.1335
         -6.7186
          0.0000
          0.0000
        -45.1993
        -66.7446
       -345.9721
       -352.3889
         20.8717
        121.0541
        -45.1774
        -42.0529
        -24.4380
         47.2603
        -73.9347
         -4.8387
         91.3927
        -57.0871
         -2.7788
        165.4538
       -121.6595
       -424.8692
       -367.8914
        -90.0225
         55.8528
        -29.1852
        -38.6980
         88.2871
        118.0111
        106.1205
         73.1196
        -19.6392
        125.7083
         43.3554
        -16.7710
       -105.8038
       -190.1038
       -355.4292
       -538.3430
       -350.3368
        -52.0161
        109.4969
         78.7576
         25.1487
        282.7947
         78.9895
       -248.1642
         15.8391
        287.0004
        191.1705
         53.3419
        -60.0329
       -109.7820
         64.4630
       -109.6722
         47.1513
        216.1105
         19.9394
        -87.1844
        -34.5922
        619.6793
        384.3872
         96.4847
         79.9972
        270.9907
        289.6144
        153.3115
        145.9501
        567.0336
        -21.5105
          0.0000
          0.0000
          0.0000
          0.0000
          0.0000
          0.0000
          0.0000
       -135.7308
       -285.6564
       -463.9255
       -193.5472
          0.0000
          0.0000
          0.0000
        -53.4572
       -124.0596
       -216.5500
       -310.2671
       -229.6436
       -135.4366
       -116.6727
        -41.8064
        -40.0524
        167.9212
        301.9116
        -25.5208
        -29.4180
        -27.9064
        -38.3935
       -172.5332
        218.5765
        830.2054
        876.1096
        606.2967
         91.1725
          0.0000
          0.0000
          0.0000
         -0.3135
        146.3796
         72.4432
       -105.3601
       -100.5549
        -63.5137
         41.8480
         93.6633
        318.2812
        462.7183
        324.7749
         79.2893
        -39.6195
        -32.3819
        -48.5626
        -97.5501
       -205.7664
         28.7227
         18.2027
        -26.1373
         -4.6032
        -11.5622
          0.0000
          0.0000
          0.0000
        200.1279
        292.7283
        275.7078
        358.3490
        182.1658
        219.7415
        150.2701
       -211.3386
       -124.4227
       -155.3405
        -99.8770
        -60.2203
         -2.0211
         95.5189
        152.4138
       -108.7567
       -443.8937
       -262.7818
        267.9742
       1342.3356
        432.6433
        187.0557
        291.2327
        246.0561
       1580.3785
       1558.3854
        616.6379
         47.4075
         -0.3419
         89.9456
        -14.3499
         74.2461
        421.3406
        409.1695
        -31.5943
       -238.8300
       -275.2920
       -163.5332
        -15.5146
        -18.3565
        434.0989
        254.1561
       -129.5516
        -99.7926
        -24.1295
         41.3505
        257.3050
        271.6931
        121.3874
       -203.1744
         10.8774
        175.4313
         71.0978
       -161.8891
       -245.6149
         45.6151
         77.9976
        103.9683
          1.9828
        132.8273
        121.3071
        170.6801
        259.2243
        623.2442
         64.3580
          0.0000
          0.0000
          0.0000
          0.0000
          0.0000
          2.0482
        -33.5258
        124.5368
        -21.8399
        -66.8268
        -57.9130
        -37.9117
         11.3656
        -14.7544
       -172.2294
        151.1773
        175.0126
        -63.0632
       -183.9041
        -34.7659
        179.5243
        107.2662
       -152.6298
        466.8772
        -32.1926
          0.0000
         67.0498
        -15.0528
        -53.0756
         32.2986
         51.8805
        174.3707
         17.1415
        170.6775
         -2.4264
       -115.2451
         93.0266
       -128.2264
         -9.9625
          0.0000
          0.0000
          0.0000
          0.0000
          0.0000
          0.0000
          0.0000
          0.0000
        -33.4872
        -93.5629
       -187.8590
       -202.2504
        -97.5136
         69.7950
        -36.9570
       -151.2539
         23.5314
         -3.5493
        -93.8084
        -70.5226
        -11.7880
        275.0018
        -64.5181
       -142.5873
         98.6514
        506.8992
         66.9652
         34.3102
         70.1555
         63.1365
          1.0580
        208.2784
        362.3316
         66.0072
         82.1161
        131.2714
        165.9885
        107.0251
       -606.0113
       -433.0397
       -121.8985
        640.8402
        -81.5665
        270.8249
        152.8645
        222.6260
        284.7818
         66.6874
       -527.8222
        234.5414
        373.7033
        293.7555
        221.7959
        163.3790
        128.0359
         16.7274
        -22.9983
         51.9726
         79.5106
         86.3522
         27.5295
        -57.9955
       -193.5962
         45.2609
       -403.9481
       -142.6399
        141.8034
         27.3880
         -3.1569
         86.0169
        105.1787
         61.4574
         13.0215
          0.0000
          0.0000
          0.0000
          0.0000
          0.0000
         42.0036
          0.0000
        -98.9723
         20.4700
          1.7062
        245.4591
         10.7816
        -40.7143
        -23.7567
          0.0000
          0.0000
        170.2018
        383.9877
        317.9783
        404.7385
         64.5470
       -135.8676
       -120.2124
        687.8023
        896.2032
        569.0511
       1306.3358
        976.9596
        558.6647
        160.3132
          0.0000
          0.0000
          0.0000
          0.0000
          0.0000
          0.0000
          0.0000
          0.0000
          0.0000
        -43.7831
          0.0000
          0.0000
          0.0000
          2.0743
         25.6459
        -61.6447
       -198.3230
       -131.4449
        -60.1018
       -182.8465
       -161.1815
       -205.2206
       -220.7531
          6.4007
       -115.1534
       -136.9943
        138.5090
        105.6275
        266.1466
        407.9221
        698.6477
        715.2499
       1410.3363
        602.0119
        148.5463
        110.5014
        -26.4397
       -129.0159
         80.1175
        313.8819
       1043.9916
        415.7223
        -28.9428
       -162.5488
        -56.2389
        -22.9224
          6.6214
         30.1985
        515.1088
        623.7408
        125.1264
       -175.9928
       -205.1977
        -42.4470
        288.4382
        369.4906
        436.9391
        536.9088
        601.6752
         28.9250
          0.0000
          0.0000
          0.0000
          0.0000
          0.0000
          0.0000
          0.0000
          0.0000
          0.0000
          0.0000
          0.0000
          0.0000
        -37.0893
        -74.0588
       -185.1501
       -325.0255
       -321.4066
       -214.6932
        -53.2184
          0.0000
        -57.9510
          7.0658
        -88.6076
        -78.1873
          0.0000
          0.0000
          0.0000
          0.0000
          0.0000
          0.0000
        -27.5239
         -1.8598
         -3.0825
       -154.6188
       -244.1347
        -88.4331
       -171.8153
         60.3794
        -86.4055
       -158.2327
        -51.5620
       -119.5804
       -160.6197
       -207.3840
       -121.9153
          0.0000
          0.0000
          0.0000
         77.3168
        -24.7732
       -118.7366
        -37.8952
        -25.2913
          8.2303
        124.6328
        -13.8565
        -57.5386
        -65.7531
        -79.1301
       -101.8697
        -32.7447
         76.7912
        192.3492
        401.0717
        378.9301
       -121.8184
        152.4763
         92.6913
         56.2304
         11.1829
          0.0000
          0.0000
          0.0000
         53.0555
         72.8682
        186.0301
        323.0962
         -0.2526
          0.0000
          0.0000
        -48.5806
        -87.2973
        -49.4467
          0.2909
        -12.8486
         -4.7421
        103.2863
         48.9109
        115.8625
        175.8144
        666.4540
        450.2457
        242.4475
        222.4207
        101.8720
       -111.6258
       -116.9699
       -116.3256
        223.3389
        170.6661
        148.5919
          0.0000
          0.0000
          0.0000
          0.0000
          0.0000
          0.0000
         73.5397
        -61.8700
         -1.9319
        305.0265
        165.4667
         41.8554
       -108.1362
       -128.5670
        -88.1011
       -223.6151
         78.7916
        -76.7740
        -22.9171
         46.3179
         50.5331
         30.7131
        163.5178
        743.7596
        147.9295
         41.4693
        -32.1007
          1.8114
        194.7572
         50.4274
        -16.5192
        548.1658
        567.0092
         15.9680
         63.2413
        149.5312
        105.0771
         33.1454
        111.0576
        566.5097
        711.4404
        -86.9550
          0.0000
         69.8941
          4.5903
        161.8402
         32.8943
         19.0790
         82.4540
        -40.6173
       -162.3875
        -92.3255
        -39.5870
         74.2457
         62.7323
        -79.7592
         71.2842
        116.3779
        -27.8492
        -88.7858
        -19.3267
        -99.6014
        -97.9869
        -75.5427
        431.3707
        -86.0505
          0.0000
          0.0000
          0.0000
         31.5187
         74.3414
         93.2413
         49.2061
         65.8312
        -37.5822
         -0.2812
        -24.4072
        -58.5041
        166.8447
       -216.0270
        321.0294
       -298.8196
       -101.5580
        359.7634
        387.7596
         -9.0766
         61.7108
        363.6680
          0.0000
          0.0000
          0.0000
        139.4975
        240.4366
         66.2955
        358.7562
        685.5724
        191.4285
          0.0000
          0.0000
        103.4247
        160.9814
        -78.1302
          0.0000
          0.0000
         29.9048
          0.0000
          0.0000
        149.3047
        216.0350
         -0.9856
       -144.6888
       -321.5887
       -244.3385
       -128.7433
        242.1203
        742.8178
        341.8420
       -178.8732
        -33.6298
        438.3659
        223.2547
        404.8896
         14.8541
        -70.5916
         35.3413
        265.0217
        325.1589
        270.8095
        130.8146
        137.0237
         -4.7261
         43.6291
        -11.8509
        329.9672
         57.7797
         98.2569
        331.2054
        332.7039
        224.5475
        282.3453
        298.1401
        264.9695
        124.1646
        245.4733
          0.0000
          0.0000
         70.4038
        136.0750
        113.9930
         73.4978
         30.8991
        -49.9031
        248.2741
        937.6163
        537.3412
         -4.2413
          0.0000
        192.7040
        126.1055
       -145.4799
       -347.6812
       -173.6022
        -31.7284
        -49.3638
        -65.2853
          0.0000
          0.0000
          0.0000
         17.7282
       -122.8889
         -6.0486
        110.8768
        -39.3602
        -35.1477
        -97.5563
        215.6980
          0.0000
          0.0000
          0.0000
        313.8550
        269.7655
        443.4896
        467.4379
       1249.7804
          0.0000
          0.0000
          0.0000
          0.0000
         44.8730
        173.1205
        -51.2775
         39.6427
         83.4617
          0.0000
          0.0000
         -8.0389
         36.4530
         -1.5659
         42.6685
        259.2636
        350.1767
       -159.7632
        -61.8860
        113.6490
        263.8856
        146.3545
       -215.5566
       -211.9736
        -10.4090
        -15.2069
        -23.7677
          0.0000
          4.1690
        268.3924
        434.7507
        773.3629
        179.1346
          0.0000
          0.0000
          0.0000
          0.0000
         62.9981
         92.0886
        408.7926
         82.4472
          0.0000
          0.0000
          0.0000
          0.0000
          0.0000
          0.0000
          0.0000
          0.0000
          0.0000
          0.0000
         14.9649
        195.4656
        138.4788
         10.0868
        -16.4520
          0.0000
          0.0000
        297.1583
        492.7476
        351.7732
          8.5187
       -245.5028
         54.2149
          0.0000
          0.0000
          0.0000
          0.0000
          0.0000
          0.0000
         30.5301
          0.0000
          0.0000
          0.0000
          0.0000
          0.0000
        122.6651
        113.2207
        507.5161
        363.4400
          0.0000
        196.3185
        395.5063
         84.3259
         75.9585
          0.0000
          5.6411
          0.0000
          0.0000
        482.0015
        618.4622
        390.4130
        386.2545
        484.8898
        230.5627
        -53.3360
        186.8072
        278.0584
        444.6968
        908.8131
       1109.6849
        927.4688
        601.8350
       1061.9848
          0.0000
          0.0000
        110.5997
        200.3199
        143.8895
         87.4810
         26.9094
        -37.7450
         96.3758
        -42.2606
        -65.4660
       -105.6780
          0.0000
        -38.0205
        -44.7035
        147.7067
        426.7426
        317.8677
         16.9966
       -210.9218
          0.0000
          0.0000
          0.0000
        330.5240
        897.2758
         67.1678
        -53.6956
        -16.2015
        -57.3467
        -49.3768
          0.0000
        -15.8571
        562.2323
        120.0258
         -2.2250
          0.3623
       -105.8829
       -163.3258
         61.2795
        456.4252
        265.7515
        177.8249
        215.2673
        211.7200
        -50.4823
        -43.2366
         23.5879
         82.5022
        507.2816
        213.0965
         60.5322
        306.9227
        946.6149
        197.0552
         -2.8152
        173.9272
        314.2242
        -33.7006
        -57.3973
         68.7735
         79.9083
         48.6049
          5.1428
         22.5779
        126.3671
        515.8605
        320.3491
        132.8315
       -276.3613
       -165.0514
          0.0000
          0.0000
          0.0000
          0.0000
         65.4752
        378.2409
         95.0763
         76.9452
        136.5277
       -124.6380
       -180.1222
          0.0000
          0.0000
          0.0000
         38.2045
         48.7077
        -32.2541
         42.8919
         72.5188
         48.9975
         18.3147
          0.0000
          0.0000
          0.0000
         44.8613
        154.3441
        313.1626
         12.7634
         35.5872
        131.8202
          9.5051
        -79.5654
        -10.5370
        279.6976
        136.5476
        271.1701
        186.4891
         -7.8391
       -212.7885
       -158.0987
         -3.6483
        -30.6608
        449.8571
       -131.1773
          0.0000
        192.9123
        -54.4801
       -188.9807
        -18.5587
          0.0000
          0.0000
          0.0000
          0.0000
        278.9039
         83.8475
        -53.0657
          0.0000
        -47.4280
        171.9956
         19.1662
        -86.6024
        -78.9203
        -28.9241
        -59.7153
        -49.8651
       -141.7336
       -102.4234
        -70.7378
        -11.6708
         83.2307
        244.6636
        268.4517
        162.2746
        179.4737
        -65.6007
         -1.3953
        107.1313
          6.9826
       -120.0569
       -114.5924
        -37.4433
        178.8401
        176.9857
          0.0000
         72.0554
          0.0000
          0.0000
          0.0000
          0.0000
          0.0000
          0.0000
          0.0000
          0.0000
        118.7575
        131.9854
        165.1201
         34.8802
        236.3423
        271.2327
          0.0000
         10.9678
        157.1011
        -27.6349
       -109.5037
       -146.3964
        -44.8836
        177.6130
        -56.5551
        160.3227
        172.5610
         17.2113
         98.2989
        -53.7842
          0.0000
          0.0000
          0.0000
          0.0000
        -67.2577
         35.3897
         -6.9231
        -47.6906
       -366.9180
          0.0000
          0.0000
          0.0000
         70.4178
        -17.0681
         49.0027
         85.8912
        101.4854
        135.2354
        -25.7950
          0.0000
          0.0000
        -17.7078
         39.1157
         68.7325
        118.1710
        269.3759
        -98.1808
         91.7177
         29.2383
        -33.7181
        -24.6363
          9.8011
         56.2897
         77.5920
        -30.4066
         -2.4681
        -21.4298
          0.0000
          0.0000
          0.0000
          0.0000
        -76.0232
        -47.2975
       -174.7144
          0.0000
          0.0000
          0.0000
         16.1881
         38.9033
         88.7087
        128.0867
         98.4655
        -19.2079
        -83.4277
       -112.7827
         11.4024
        682.8733
       1010.6908
         35.8150
         67.3476
        212.6421
        192.0449
         18.1265
        -71.9912
       -203.2048
        204.3419
        235.7812
        241.8626
        519.1314
        326.5794
         54.8162
        153.8669
         97.0444
          0.0000
          0.0000
          0.0000
        279.3672
        226.9516
        112.8504
        397.0132
        949.8943
          0.0000
          0.0000
          0.0000
        111.9976
        201.1874
        -47.7362
       -132.1639
        -13.8777
          0.0000
         86.1792
        158.2321
        -34.9944
       -107.4121
        -24.4097
        327.8916
        800.2313
        189.1490
          0.0000
          0.0000
          0.0000
          0.0000
          0.0000
         29.0924
          0.0000
          0.0000
          0.0000
          0.0000
         25.6604
         14.6719
          1.6688
          3.9093
          0.0000
          0.0000
          0.0000
          0.0000
          0.0000
          0.0000
          0.0000
         35.1977
        126.7079
         85.8099
        -52.9909
        208.3362
        245.4031
        332.9488
        263.1398
        351.8000
        881.7237
          0.0000
          0.0000
          0.0000
          7.1113
        104.2441
          0.0000
          0.0000
          0.0000
          0.0000
          0.0000
          7.4548
          0.0000
         -9.5210
          0.0000
          0.0000
          0.0000
          0.0000
          0.0000
          0.0000
         72.2293
        105.7353
         24.6156
         53.2667
       -136.9669
       -135.7327
        -93.8755
        -72.4501
         -7.3303
          0.0000
          0.0000
          0.0000
          0.0000
          0.0000
          0.0000
          0.0000
          0.0000
          0.0000
          0.0000
          0.0000
         15.1934
         24.7497
         15.1695
        -22.8289
         67.7221
        -85.8097
       -154.8320
         -1.5388
         58.8392
        323.4396
        356.7104
        -42.9231
         54.1178
         23.3521
          2.6364
        -31.2916
       -127.8577
       -107.0484
        -47.7513
         55.2802
        160.7319
        -41.4497
        -75.3073
         61.6674
         99.2276
        162.6115
         74.6235
         80.6588
         99.6034
        221.7232
        -44.5733
        -78.4588
       -111.1206
         13.9858
        458.7061
         47.5464
         53.7775
         46.3935
        115.9711
         59.9047
        -69.2454
          0.0000
          0.0000
          0.0000
          0.0000
          0.0000
         30.7500
         92.7283
        -26.0889
        137.8333
        121.6875
        168.3190
        131.3209
        -15.9459
          0.0000
          0.0000
          0.0000
        -99.9613
          0.0000
          0.0000
        157.0282
        -18.8189
        -51.9587
          0.0000
          0.0000
          0.0000
          0.0000
          0.0000
         13.4590
         12.7992
          0.0000
          0.0000
          0.0000
          0.0000
          0.0000
        -13.6417
          0.0000
          0.0000
          0.0000
          0.0000
          0.0000
       -247.7291
       -160.8257
       -233.6106
          0.0000
          0.0000
          0.0000
         29.3595
          0.5021
          0.0000
         11.9483
        -58.1776
        -15.5070
         -7.7525
          0.0000
          3.8049
         22.0099
         24.6334
        279.9362
          0.0000
         -7.8610
        -64.6879
          0.0000
          0.0000
         61.5145
        -90.9517
       -144.0227
        -45.1981
         90.0585
        389.4744
        803.8194
        924.2328
        346.4926
          0.0000
          0.0000
          0.0000
          0.0000
          0.0000
          0.0000
          0.0000
          0.0000
          0.0000
          0.0000
          0.0000
          2.8518
         14.7480
         36.6596
          3.9946
        -11.4741
          0.0000
         23.6795
         55.9356
          0.0000
          0.0000
          0.0000
          0.0000
          0.0000
        299.0241
        467.7161
        -85.4581
        -93.2489
         36.0792
         55.1307
        168.8530
        348.1596
        368.9889
        396.8014
        240.9958
       -110.3889
         58.0383
        484.4942
        -11.5521
        -80.1856
        223.9698
         85.6605
         59.7210
         54.8646
        111.2029
        826.0436
        699.3804
        639.3016
        816.9879
        410.8068
        254.8664
         74.2907
        226.7563
        424.9824
        -55.7016
        -81.7832
        448.7478
        255.4283
        240.4018
        260.9457
        607.3264
        606.6902
          4.7392
         27.1757
        -12.5763
        -15.9222
         57.7735
         73.7387
          8.4615
        -57.1376
         30.8788
        851.1075
        867.7354
          0.0000
          0.0000
          0.0000
          0.0000
         66.2173
         60.0856
          9.4288
        666.2343
        675.0690
        -88.6590
        -52.4869
          0.0000
         -5.6914
         99.7311
        202.5787
        541.6817
        332.3055
        202.5262
        -21.9873
       -236.1604
       -322.2428
       -105.5524
        -31.0834
          0.0000
          0.0000
          0.0000
         27.6909
         23.6877
          0.0000
          6.5836
         47.8966
       -116.2616
        -40.9240
         69.7075
        -97.0903
        118.2484
         35.2841
        -69.9802
       -145.5141
        666.5846
        320.7214
          0.0000
          0.0000
         31.6503
          0.0000
         30.2937
          4.0556
        149.6155
          0.0000
          0.0000
          0.0000
         33.5443
        103.3307
        -27.9149
       -289.9043
         68.4219
        -41.4058
        114.2922
        248.5023
          7.1740
       -159.9105
        -30.1529
        -36.6449
        483.5109
        357.0554
       -132.0994
       -216.6873
          0.0000
         60.0843
         59.2454
         68.3050
        111.1300
       -161.1446
        -15.2068
          0.0000
          0.0000
          0.0000
          0.0000
          0.0000
       -234.9202
       -184.5527
       -129.2658
        -17.6385
        143.2760
         85.8264
         26.9728
        -81.3128
        415.8204
        389.1464
        255.8804
        169.2146
       -135.1354
       -362.1941
       -172.6031
       -265.6413
       -481.5270
       -171.5949
          0.0000
          0.0000
          0.0000
          0.0000
          0.0000
          0.0000
        -99.9327
       -139.7087
        -67.7573
          0.0000
          0.0000
          0.0000
          0.0000
          0.0000
        -53.5788
        -52.7491
        -17.0065
          5.3980
         28.0460
        -34.2557
        -26.0267
        -59.6804
        122.9177
        142.1561
        -18.9810
       -186.9711
          0.0000
          0.0000
          0.0000
        -14.2754
       -374.7742
       -317.5647
        -24.2617
          0.0000
          0.0000
          0.0000
         30.9503
       -143.0121
       -543.9603
       -126.9021
          0.0000
          0.0000
          0.0000
         22.9758
         52.8987
         79.0913
        733.2043
        292.7160
         23.1495
         74.1521
         44.9453
         35.7884
         44.7498
         -0.7875
        372.6465
         83.9661
         -2.8008
       -226.6114
       -105.1079
          0.0000
          0.0000
          0.0000
        -24.9802
        -17.7406
         41.6883
         50.5160
          0.0000
          0.0000
          0.0000
          0.0000
       -151.6134
       -204.9587
       -249.5967
       -132.5673
       -140.9059
        -34.3096
        -24.8791
        -30.0663
        -16.8635
          0.0000
          0.0000
         13.9174
         15.3165
         -3.2501
        145.1174
        108.1027
        374.5698
          0.0000
          0.0000
         46.2067
         71.7705
         43.8584
        -54.5047
        180.4949
        876.5187
        373.9814
        -11.6702
       -184.8265
       -395.7524
       -293.4421
        -43.5804
        -95.1047
        139.6773
        170.2817
       -344.0391
          0.0000
          0.0000
          0.0000
         21.6739
        152.4560
        675.8985
        117.6588
        -72.0063
        -26.8034
        -24.6543
         -2.0116
         12.3550
         32.8004
        569.2802
        317.1073
        -21.0649
        -15.4000
          8.9885
        -23.4405
        -42.6971
        -32.2934
         -2.3750
          0.0000
          0.0000
          0.0000
          0.0000
          0.0000
          0.0000
          0.0000
        -25.3492
        -33.4668
          8.4300
        147.5611
         77.5647
        -47.2292
        -83.7598
        -81.0282
        -36.8158
       -249.5414
       -146.2826
        -36.5476
        545.3167
        -23.9481
         97.7158
         -7.6791
        623.9199
         42.3837
        564.9268
        477.9735
        158.1976
       -199.5612
        252.8879
        159.4290
        -46.0399
         57.1404
       -220.8403
        -25.1761
        -20.5323
         -9.5313
          0.0000
       -135.4597
        -44.7728
       -358.8018
       -288.7941
        -87.4106
        -76.0704
        -48.4212
          3.0616
        -16.1694
         66.1107
        105.6352
         89.2315
         68.4064
         55.3832
        792.9748
        190.2259
        185.9265
        251.7829
        193.4989
        -83.6593
        -87.7973
       -140.8523
          3.3879
         48.9673
       1027.4268
        235.2819
       -334.0550
          0.0000
        123.8737
         25.9983
       -138.2180
        -70.3291
         27.8133
        -55.2984
        -97.3599
        105.1256
         -5.2438
       -220.1020
        -89.3965
          0.0000
          0.0000
         22.4467
          0.0000
          0.0000
         21.0320
          0.0000
          0.0000
          0.0000
          4.3689
        426.2562
        318.6182
        223.6541
        131.0552
         63.4915
        -50.0682
       -101.1932
         47.0392
        699.1875
       -164.4188
        -37.2703
        141.7959
         61.8499
        -14.0794
         56.1295
        -22.2628
        867.3360
        420.5302
         11.7136
        -57.5294
         24.4101
        137.2668
        140.9730
       -108.4813
       -401.4204
       -307.8000
        -63.5688
         16.6406
        197.2155
        143.2804
       -124.9406
       -133.1307
        -13.9852
       -114.5834
       -288.4537
       -344.2110
       -218.5204
       -118.0331
        -76.8788
        -63.6045
         59.8003
       -163.5649
       -293.3286
       -329.8611
        -30.9508
          0.0000
          0.0000
         37.2618
          8.5280
       -145.2557
       -137.1458
          0.0000
          0.0000
          0.0000
          0.0000
          0.0000
        102.2132
        -28.7871
          0.1528
          0.0000
          0.0000
          0.0000
          0.0000
          0.0000
          0.0000
          0.0000
          0.0000
          0.0000
          0.0000
          0.0000
          0.0000
        -49.3162
         53.3269
        -71.6872
        -39.9107
         14.8666
          3.2036
          4.3940
         21.5255
         -2.9410
         88.3385
        -69.6190
       -135.3968
        -16.3035
         11.3480
        -50.0440
        -46.6669
        -32.4793
         50.7436
        381.6628
        -63.2932
          9.1355
       -132.4001
        -50.0326
         37.2429
        -78.9655
       -253.2925
       -357.4842
       -144.1417
        -53.1336
       -115.9710
         -3.8566
        429.2698
        863.3271
        264.9665
         62.3158
        481.8185
        130.2725
        -83.8827
       -196.7951
       -256.9502
       -215.6849
        -24.5380
         22.9714
        566.4126
        -18.9518
        -71.0425
       -220.4128
       -242.7395
       -349.8502
       -633.3278
       -552.0331
       -132.0972
        -61.1737
         75.8065
       -207.3679
       -300.0423
       -433.6229
       -417.4976
       -255.4526
         93.8947
        163.7644
          9.8759
       -117.3182
          0.0000
       -120.5081
       -182.3767
       -174.4451
       -129.8994
          6.0313
        -16.3202
         -2.8447
         45.5553
       -146.7393
       -306.8927
       -419.3815
       -354.5289
       -186.2206
          0.0000
          0.0000
          0.0000
          0.0000
         69.2987
         -5.1168
         -8.7041
         -7.2285
          0.0000
          0.0000
          0.0000
          8.6194
         43.1052
        -89.3394
       -235.7064
       -270.6399
          0.0000
          0.0000
          0.0000
        -18.7416
        124.0762
        -29.1619
       -113.6167
       -168.9354
        -27.2442
        -11.7894
         20.3280
         64.5735
        -16.5499
       -154.3816
       -263.4460
       -278.1291
       -253.4739
       -383.6533
       -182.5997
          3.3702
        379.7070
         38.7079
        -65.2436
         43.4635
       -105.2818
       -121.0168
       -115.1059
       -217.0083
       -285.6294
       -310.8058
        -74.9567
         18.5753
         18.3979
        -29.9567
        -57.4469
        -89.0215
        -63.0175
       -277.2967
       -385.5019
       -289.5383
       -389.0477
       -253.6624
          0.0000
        -89.6380
        -59.8864
       -176.0152
       -284.5535
       -176.5899
       -168.1197
       -326.6215
       -298.3387
       -417.4529
       -339.8481
       -466.4836
       -466.0941
       -208.1612
        -94.1977
        -93.3401
        -64.5311
        -62.8112
         26.0345
       -106.6766
       -126.2400
         44.1717
         47.6040
        -71.3598
       -142.5922
         73.4972
        557.2402
        157.4776
        200.2014
        162.5396
         65.1161
         59.0320
       -137.6162
       -258.2261
       -122.9054
       -104.9741
         29.1303
          4.1894
        -58.0192
        -33.9158
          0.0000
       -159.8126
       -253.1353
       -186.1471
          0.0000
         -4.8489
       -116.8824
        -49.4269
          0.0000
          0.0000
          0.0000
          0.0000
          0.0000
         22.5093
         39.4138
         92.9667
         80.4438
        -21.5117
         88.6687
        -15.8351
       -132.7357
        -83.2908
       -213.6601
       -376.8925
        284.9810
        172.5217
         -5.9248
       -219.4158
        504.4093
        419.1395
       -150.4043
         88.1609
         30.3333
        -68.3289
        175.1352
          9.2155
       -105.7205
       -124.8663
       -164.2709
          0.0000
          0.0000
        -15.8695
       -110.0663
       -202.6041
       -179.2000
         18.2758
         93.4830
       -128.0831
       -211.9994
         60.7225
        229.3038
       -400.3076
       -638.5439
       -462.6528
       -447.5020
       -333.9300
       -278.6110
       -465.8563
       -211.2101
       -134.9035
         33.8627
         -4.8682
       -281.9765
       -215.3663
       -136.9777
       -316.7515
       -232.2858
       -261.8820
       -341.5831
       -231.1502
       -106.9807
        -80.1524
         -1.5612
       1143.7008
        726.8569
       -168.8968
        212.6495
        268.3617
        238.0387
        247.4538
         65.9179
        166.9142
        624.0159
          0.0000
         74.5943
        227.4625
       -130.7386
        -55.2759
          0.0000
        -99.0233
          9.1965
        -40.5578
       -145.5039
       -105.4661
       -184.7520
       -125.4211
        -36.6174
        -59.5801
        -23.3013
         51.0951
        -18.5385
       -188.5068
       -311.8124
       -159.8219
        -37.5564
        -60.6713
        229.0186
         91.7780
       -100.1526
       -128.3694
       -258.3561
       -200.7536
       -158.7142
        -50.9733
         61.0377
        -19.2391
         32.1159
        185.4777
         21.0752
       -131.9783
       -164.3916
       -207.4229
        -81.7157
        -91.7148
       -109.1581
        -11.1646
         -4.6636
        748.6536
        594.9506
        541.7031
        295.2929
         -7.5026
       -205.2684
       -104.3782
        -93.3463
        -93.6107
        -85.7936
        104.7157
         93.4559
       -267.1796
       -244.7842
       -154.0365
          0.0000
         76.4149
        243.8099
        195.1413
        494.7246
          9.3227
       -257.2057
       -200.1050
       -435.8300
       -300.2274
        -13.7134
        -81.6301
        -13.0919
       -222.7311
        -46.7789
        280.1664
        127.7854
        -40.3058
        -94.9869
        -13.4317
        215.0617
         30.3231
        101.2057
        181.7290
          6.7053
        490.2660
       -284.2805
        -85.5896
        130.5194
       -138.1865
        -29.9056
        240.1213
        509.0703
        508.4900
        985.3372
       -111.5699
       -213.3031
        373.1586
        109.3723
        -37.1382
         37.0561
         16.3386
       -111.3680
       -231.2680
       -273.6710
       -230.2155
       -171.9345
       -103.8520
       -134.3327
       -131.3353
        -83.6441
         45.3902
        270.6332
        191.8887
         11.6466
        127.0164
         -6.4753
        -98.8614
         66.7959
       1147.2052
       2179.8769
        886.3640
          0.0000
         59.0054
        194.6092
        437.5878
       1026.3668
        643.4398
          0.0000
          0.0000
          3.8618
          0.0000
          0.0000
          0.0000
          0.0000
          0.0000
       -147.2356
       -389.4553
       -264.0529
         -4.2244
        -70.8354
        -78.7867
         47.7152
         46.1975
        319.6062
        596.1202
         26.6280
       -243.7107
       -201.2771
       -172.9318
         13.7432
         -6.8106
       -101.2028
       -703.4869
       -336.1037
       -133.1890
       -129.4877
       -108.3858
         92.6199
        545.9442
        734.6201
        190.7985
        514.7215
        711.0471
        390.5682
        179.5011
        146.6626
        530.2227
       1400.9218
        -27.5467
       -199.6671
        -95.1351
        -92.2249
         31.8056
        151.0225
        336.8706
       2186.5996
       2728.3455
        227.3333
        571.3639
        420.1687
         66.6650
       -104.9155
       -280.5715
        180.3335
       1328.3716
        581.5381
        410.3307
        417.9124
       1522.1626
       2244.7074
       2508.7334
        109.3048
          0.0000
          0.0000
          0.0000
          0.0000
          0.0000
          0.0000
          0.0000
        -10.6158
          0.0000
          0.0000
          0.0000
         55.9822
         41.4230
        142.3363
         34.3607
        -23.5480
        -43.7354
        293.7280
         79.1378
       -128.1042
       -205.1182
       -254.8961
        -66.9790
          0.0000
          0.0000
         61.0997
        580.6360
        368.4392
        111.7741
        103.7868
        -43.5538
        -60.8435
        257.3699
        394.1241
        241.9107
         33.0268
         44.0609
        -65.2503
       1043.4119
       1798.5066
        372.4249
        -26.6547
        -66.2795
       -123.3496
        -94.2103
        -81.1901
        -69.9400
         52.9888
       -141.2650
       -220.2908
       -184.4961
       -195.5653
       -199.4517
        -17.7295
         95.1410
        797.5447
        934.0141
       -322.8881
       -183.4711
         23.3359
        -59.7738
        290.3771
        531.8486
        431.5037
       -356.6826
          0.0000
        -13.8479
       -308.3497
       -368.0808
       -254.3076
       -352.7303
       -107.5114
       -204.4781
          0.2607
          0.0000
          0.0000
          0.0000
          0.0000
          0.0000
        -54.9469
          0.0000
          0.0000
          0.0000
          0.0000
          0.0000
          0.0000
          0.0000
          9.4969
          0.0000
          4.4059
          1.3380
         17.2346
        -49.3986
        -67.7170
        -61.1768
        -65.4867
        -46.9427
       -172.2280
        -66.5800
       -132.8884
       -305.4378
       -333.7017
       -122.2965
        487.1117
       1550.5335
       2312.1829
       1960.1419
       1711.1853
        416.2746
        -30.9883
        -88.0100
         14.5115
        273.9007
       -182.1417
         65.5780
         61.2312
       -268.1928
       -299.7104
       -274.3047
        179.4219
       -182.8853
       -183.2203
       -364.5917
       -241.0567
       -339.4789
       -405.0833
        -96.2733
        -69.5225
       -315.0070
       -130.9048
        -47.2035
       -275.7109
       -211.5533
          0.0000
       -138.2940
       -203.6742
       -228.3604
        -78.4904
        161.5382
        131.8419
       -167.9840
        -45.0904
       -117.4052
         49.1126
        -46.3615
       -206.3656
       -146.9949
       -160.1530
        -50.7664
         44.4874
        477.7048
        781.5187
       -171.8409
        -49.7522
        111.5707
       1867.9273
       2157.9603
       2068.0484
        906.0968
        225.1153
        120.8308
        682.9348
       1547.4253
        377.8054
        136.0942
        109.7627
       -152.2410
         -0.5220
        106.7464
       -206.2182
       -117.2083
       -131.9607
       -127.7723
       -151.6647
        -83.4802
        -98.5392
       -325.2464
       -259.6501
        -60.5280
        -63.1714
        -44.1645
          0.0000
       -240.8524
       -168.8114
       -338.2962
        -17.9151
         35.6039
         25.9370
          0.0000
          1.1955
        -52.8251
       -252.8787
       -249.2968
        -23.9303
         11.3863
          2.6249
         -9.6640
        -22.9841
        -13.9827
        -15.6816
        -49.5287
        -34.1586
        128.9873
         65.0853
         11.7749
        -46.2097
       -180.9706
       -125.5570
        -74.1427
       -142.6907
       -111.1844
         -8.5562
         73.6524
        351.6420
       1913.9365
        476.6870
        334.3724
        413.5287
        274.2255
       -108.6577
        307.3656
        446.6173
       -122.9886
       -447.5215
       -411.5814
         70.6364
        917.8032
        867.4690
       -130.3001
       -148.8893
        -56.0179
        164.5578
       -201.8626
        138.7404
        152.3849
       -144.9949
       -229.3116
         89.0670
       1188.0638
         75.6412
          0.0000
          0.0000
         12.6349
         30.3294
         11.8404
         -1.0637
         60.6292
        294.9336
        212.9243
         24.3743
         33.3355
       -151.1956
       -181.2569
          3.4370
       -128.9409
         20.7569
         32.2050
         83.0182
         -1.0813
       -206.0552
       -102.1160
          0.0000
        -57.7596
       -158.0201
       -200.6183
       -105.9038
        -64.2686
          9.9300
         -2.1709
        -22.8394
        161.1205
        125.4028
         34.6722
       -180.9078
        -67.0787
        -47.2961
        161.4162
        957.1055
       1307.7463
        103.1460
       -393.2058
       -157.8160
        184.0417
        529.8193
         21.9191
       -773.8232
       -581.4912
        -45.2916
        230.3076
        141.0852
        146.4312
        -97.1187
        291.4690
        214.5138
       -183.1885
       -199.8399
       -221.1285
         16.5285
        159.4682
       -164.3571
       -245.7809
       -171.0881
       -302.0003
       -154.7386
       -236.3195
       -219.6898
       -171.8423
        -83.2719
         19.9977
        105.8865
        213.7142
        910.5044
        206.8250
        570.8500
        178.1690
        118.8273
        148.0916
         72.4305
         56.8231
        111.0799
        -80.0854
         35.3390
        173.4510
        -72.3698
         41.3316
        156.7799
       -296.1126
       -405.2354
       -323.7387
       -236.2642
        -25.2225
       -101.1834
         39.8729
        -49.7152
       -355.8028
       -505.3415
       -287.0950
       -150.1246
        -85.3273
        -67.5651
        -36.9247
       -118.8335
       -107.2493
         51.6437
        -46.0048
         -4.0775
        218.5148
        256.5943
        245.8104
        217.3276
        232.5687
        333.6388
        132.9640
        143.1220
        276.8593
        592.4742
         38.2087
       -434.9341
       -351.6306
         39.4342
       -185.5032
        -37.9392
         54.9535
         63.0407
        164.7107
        343.2202
        118.2931
        186.3158
       -111.3772
       -156.8293
        -12.6658
       -124.2566
          5.8150
         15.5262
         70.8302
        769.1746
        148.8960
         -9.7321
         41.1314
          0.0000
          0.0000
         17.6768
          0.0000
          0.0000
        139.3970
        120.2798
        198.6925
        -10.3275
        351.6861
        665.0017
       1116.6237
        726.1921
        261.6419
          0.0000
          0.0000
          0.0000
          5.7869
         18.4761
          0.0000
          0.0000
          0.0000
         54.2499
         89.7078
        -26.5317
        -71.2969
         -2.9656
         16.4894
        151.9018
         30.3840
        128.3021
        174.9720
        -29.5718
        -87.2423
        -67.4457
        -17.0110
        147.6680
        172.7435
        234.6400
        211.9905
       -183.0777
        522.0678
        236.0170
        100.2456
        -36.6711
          0.0000
          0.0000
        203.7802
         92.2506
        885.5321
        471.4979
       -224.9552
        -48.4684
         46.4876
         12.3359
        128.4262
         28.7355
        -47.3288
       -207.8950
        194.2367
        265.7551
        265.7551
