          0.0000
          0.0000
          0.0000
          0.0000
          0.0000
          0.0000
          0.0000
          0.0000
          0.0000
          0.0000
          0.0000
          0.0000
          0.0000
          0.0000
          0.0000
          0.0000
          0.0000
          0.0000
          0.0000
          0.0000
          0.0000
          0.0000
          0.0000
          0.0000
          0.0000
          0.0000
          0.0000
          0.0000
          0.0000
          0.0000
          0.0000
          0.0000
          0.0000
          0.0000
          0.0000
          0.0000
          0.0000
          0.0000
          0.0000
          0.0000
          0.0000
          0.0000
          0.0000
          0.0000
          0.0000
          0.0000
          0.0000
          0.0000
         44.8784
         15.3369
         56.4018
         56.0330
         55.7632
         55.3781
         57.2018
         58.1344
         57.6539
         57.1680
         56.6767
         56.1801
         55.6782
         55.1712
         54.6590
         54.1418
         52.0604
         49.9943
         47.9209
         45.8981
         44.2854
         42.2192
         40.1521
         38.1175
         36.0155
         31.0580
         26.7472
        -28.2353
        -33.1064
          9.8614
          5.2470
          0.5065
         -4.2380
         -8.9884
        -10.7163
        -12.4567
        -14.2096
        -15.9749
        -17.7527
        -19.5432
        -21.3464
        -23.1565
        -24.9767
        -23.2661
        -21.5559
        -19.9255
        -18.3599
        -16.7924
        -15.2230
        -13.6518
        -12.0774
        -10.5024
        -11.7471
        -12.9906
        -14.2333
        -15.4749
        -16.7308
        -18.0191
        -19.4471
        -20.8739
        -22.3000
        -23.9335
        -25.5633
        -26.8184
        -27.9504
        -29.0764
        -30.6763
        -32.2822
        -33.8556
        -35.4231
        -35.6325
        -35.1661
        -37.9938
        -37.5051
        -36.9946
        -36.1538
        -34.5566
        -34.0625
        -33.5709
        -32.5114
        -31.4185
        -30.3257
        -29.2445
        -28.3381
         24.1598
         25.4014
         26.6425
         27.7339
        -24.3593
        -25.2259
        -26.1009
        -26.9792
        -27.8617
        -28.7477
        -29.6374
        -30.5307
        -31.4277
        -35.7051
        -39.5877
          7.7395
          3.2362
        -53.0569
        -57.5935
        -62.2063
        -66.8216
        -71.4438
        -69.2607
        -66.2866
        -66.0769
        -65.8821
        -65.7023
        -65.7106
        -65.5875
        -29.8397
          0.0000
          0.0000
          0.0000
          0.0000
          0.0000
          0.0000
          0.0000
          0.0000
          0.0000
          0.0000
          0.0000
          0.0000
          0.0000
          0.0000
          0.0000
          0.0000
          0.0000
          0.0000
          0.0000
          0.0000
          0.0000
          0.0000
          0.0000
          0.0000
          0.0000
          0.0000
          0.0000
          0.0000
          0.0000
          0.0000
          0.0000
          0.4029
          0.0000
          9.0294
          9.0955
          7.3041
          5.4049
          2.7817
          0.0035
         -2.8319
         -5.6628
         -8.4890
        -11.3107
        -14.1278
        -16.9407
        -19.7491
        -25.0343
        -30.3205
        -35.6077
        -40.8959
        -46.1852
        -51.4756
        -56.7669
        -62.0593
        -67.3528
        -71.1819
        -71.8074
        -74.9980
        -61.1264
        -23.7957
          0.0000
          0.0000
          0.0000
          0.0000
          0.0000
          0.0000
          0.0000
          0.0000
          0.0000
          0.0000
          0.0000
          0.0000
          0.0000
          0.0000
          0.0000
          0.0000
          0.0000
          0.0000
          0.0000
          0.0000
          0.0000
          0.0000
          0.0000
          0.0000
          0.0000
          0.0000
          0.0000
          0.0000
          0.0000
          0.0000
          0.0000
          0.0000
          0.0000
          0.0000
          0.0000
          0.0000
          0.0000
          0.0000
          0.0000
          0.0000
          0.0000
          0.0000
          0.0000
          0.0000
          0.0000
          0.0000
          0.0000
          0.0000
          0.0000
          0.0000
          0.0000
          0.0000
          0.0000
          0.0000
          0.0000
          0.0000
          0.0000
          0.0000
          0.0000
          0.0000
          0.0000
          0.0000
          0.0000
          0.0000
          0.0000
          0.0000
          0.0000
          0.0000
          0.0000
          0.0000
          0.0000
          0.0000
          0.0000
          0.0000
          0.0000
          0.0000
          0.0000
          0.0000
          0.0000
          0.0000
          0.0000
          0.0000
          0.0000
          0.0000
          0.0000
          0.0000
          0.0000
          0.0000
          0.0000
          0.0000
          0.0000
          0.0000
          0.0000
          0.0000
          0.0000
          0.0000
          0.0000
          0.0000
          0.0000
          0.0000
          0.0000
          0.0000
          0.0000
          0.0000
          0.0000
          0.0000
          0.0000
          7.3729
         13.8697
         13.9027
         14.0800
         14.2602
         15.0066
         16.9159
         18.9386
         21.3595
         23.7833
         25.9444
         26.8711
         29.3107
         31.7533
         36.1940
         41.0126
         46.1725
         51.3314
         56.4682
         61.7056
         67.6202
         73.5323
         79.4427
         70.1125
         60.9054
         51.7193
         42.5732
         33.9231
         25.2718
         16.6199
          7.9667
         -0.4366
         -1.6470
         -2.6556
         -3.9640
         -5.7865
         -7.6109
         -6.0368
         -7.5125
         -8.9912
         -9.9177
         -5.1004
         -0.4677
          4.1635
          6.1218
          6.2929
          6.4590
          6.6204
          6.7783
          6.9305
          8.5061
         11.1269
         13.7354
         16.3301
         19.9185
         24.0540
         28.1737
         32.2763
         36.3611
          8.7111
          0.0000
          0.0000
          0.0000
          0.0000
          0.0000
          0.0000
          0.0000
          0.0000
          0.0000
          0.0000
          0.0000
          0.0000
          0.0000
          0.0000
          0.0000
          0.0000
          0.0000
          0.0000
          0.0000
          0.0000
          0.0000
          0.0000
          0.0000
          0.0000
          0.0000
          0.0000
          0.0000
          0.0000
          0.0000
          0.0000
          9.4803
         12.7772
         16.0957
         45.3909
         23.2187
         21.4687
         19.3618
         17.2523
         15.1401
         13.0254
         10.9081
          8.8207
          6.7235
          4.6049
          4.2197
          3.3992
          2.4411
          1.4824
          0.5236
         -0.4219
         -1.1083
          0.0000
          0.0000
          0.0000
          0.0000
          0.0000
          0.0000
          0.0000
          0.0000
          0.0000
          0.0000
          0.0000
          0.0000
          0.0000
          0.0000
          0.0000
          0.0000
          0.0000
          0.0000
          0.0000
          0.0000
          0.0000
          0.0000
          0.0000
          0.0000
          0.0000
          0.0000
          0.0000
          0.0000
          0.0000
          0.0000
          3.3374
         20.4504
         30.1305
         29.4224
         28.7167
         28.0129
         26.9606
         25.7726
         22.1673
         18.5534
         15.0218
         11.6550
          8.1015
          4.8526
          1.6130
         -1.5681
         -4.7249
         -3.8994
         -3.5965
         -4.0278
         -4.9255
         -5.8340
         -6.7536
         -7.6260
         -8.1809
         -9.1933
          3.1885
         16.1786
         29.4624
         42.7298
         55.9805
         68.7030
         81.3837
         94.0682
        106.7171
        107.5140
        108.3396
        108.1987
        108.2057
        108.6404
        108.4414
        109.3300
        110.2995
        111.3042
        126.8241
        142.2908
        157.5079
        164.4517
        178.4429
        191.2994
        204.2217
        218.1118
        232.6894
        236.5658
        240.1067
        244.3558
        244.3351
        247.9056
        251.4232
        253.6434
        255.1312
        256.6069
        233.6951
        210.9094
        187.3861
        165.7006
        134.7600
        128.3733
        108.7905
         90.2503
         70.8558
         51.3665
         22.4823
          0.0000
          0.0000
          0.0000
          0.0000
          0.0000
          0.0000
          0.0000
          0.0000
          0.0000
          0.0000
          0.0000
          0.0000
          0.0000
          0.0000
          0.0000
          0.0000
          0.0000
          0.0000
          0.0000
          0.0000
          0.0000
          0.0000
         -3.9292
        -14.9677
        -10.4650
        -10.9033
        -17.7021
        -18.3808
        -19.0613
        -19.7434
        -20.4273
        -21.1130
        -21.8004
        -22.4895
        -22.1562
        -15.1354
         -3.2835
          0.0000
          0.0000
          0.0000
          0.0000
          0.0000
          0.0000
          0.0000
          0.0000
          0.0000
          0.0000
          0.0000
          0.0000
          0.0000
          0.0000
          0.0000
          0.0000
          0.0000
          0.0000
          0.0000
          0.0000
          0.0000
          0.0000
          0.0000
          0.0000
          0.0000
          0.0000
          0.0000
          0.0000
          0.0000
          0.0000
          0.0000
          0.0000
          0.0000
          0.0000
          0.0000
          0.0000
          0.0000
          0.0000
          0.6718
          0.7888
          1.1112
          0.7294
          2.6159
          4.4719
          6.2488
          8.3558
         10.5871
         12.8949
         15.1964
         17.4804
         20.1234
         19.9345
         19.7535
         20.2067
         20.1647
          1.8171
         20.3436
         20.4427
         22.1670
         26.5372
         26.2564
         25.8597
         25.1875
         24.5145
         23.8414
         23.1677
         22.4939
         21.8194
         21.1450
         17.6540
         14.1626
         10.6714
          7.1801
          3.6883
          0.3687
         -0.6970
         -3.9338
         -7.1700
         -3.1440
          0.8829
          4.9106
          8.9391
         12.9026
         16.8520
         20.6242
         24.3962
         28.1683
         31.6930
         35.2128
         38.3537
         41.6371
         44.6709
         47.7292
         50.7597
         53.7880
         56.8193
         57.0145
         57.4206
         57.5838
         57.7458
         57.9066
         58.0662
         58.2545
         58.4114
         58.5652
         55.9028
         53.2472
         50.5977
         47.8870
         45.2171
         42.5738
         39.9368
         37.5020
          2.8040
         28.8787
         23.1172
         17.1247
         11.3260
          5.5254
         -0.2772
         -6.0923
        -11.3465
        -16.5956
        -15.3368
        -14.1809
        -13.1868
        -12.4378
        -11.8097
        -10.8999
         -9.9735
         -9.0500
         -8.1287
        -10.0639
        -12.0015
        -13.9415
        -15.5500
        -17.1078
        -18.8305
        -20.7637
        -22.6995
        -24.6380
        -28.7350
        -32.1197
        -34.9376
        -37.7703
        -40.6026
        -42.7641
        -46.1440
        -50.0380
        -53.9325
        -52.4812
        -51.0208
        -49.5959
        -47.9064
        -35.0319
        -33.6264
        -32.2254
        -30.8287
        -29.5528
        -27.2095
        -24.6085
        -20.4132
        -15.7091
        -10.9984
         -6.2812
         -1.5568
          0.0000
        -14.4510
          0.0000
          0.0000
          0.0000
         -1.2899
         -1.3490
         -0.4544
          0.4381
          1.3284
          2.2166
         11.5228
         20.8170
         30.0996
         39.3707
         49.6260
         60.6419
         75.5569
         90.5069
        105.4379
        104.0317
        102.6286
        101.3623
         98.7665
         95.9881
         93.2170
         90.4531
         89.4464
         88.6556
         86.8429
         56.2592
         54.3751
         77.0704
         75.2873
         73.2613
         69.6375
         66.2670
         62.6970
         93.8000
        124.8885
        155.9633
        186.4151
        215.8522
        245.2730
        274.6658
        304.0267
        333.3741
        342.2380
        351.0974
        358.2981
        343.5776
        349.5698
        355.7461
        389.0353
        392.4448
        396.7785
        369.5604
        340.9563
        291.0053
        258.3076
        212.8954
        181.2847
        145.1323
        108.8683
         72.6989
         54.7936
         37.3663
         21.1360
          4.9002
          0.0000
          0.0000
          0.0000
          0.0000
          0.0000
          0.0000
          0.0000
          0.0000
          0.0000
          0.0000
          0.0000
          0.0000
          0.0000
          0.0000
          0.0000
          0.0000
          0.0000
          0.0000
          0.0000
          0.0000
          0.0000
          0.0000
          0.0000
          0.0000
          0.0000
          0.0000
          0.0000
          0.0000
          0.0000
          0.0000
          0.0000
          0.0000
         -3.4850
        -13.5786
        -19.0867
        -18.4691
        -17.8492
        -16.7786
        -15.6011
        -14.7710
        -14.0576
        -17.0240
        -19.9702
        -22.9373
        -25.5558
        -15.1969
         -4.8308
          0.0000
          0.0000
          0.0000
          0.0000
          0.0000
          0.0000
          0.0000
          0.0000
          0.0000
          0.0000
          0.0000
          0.0000
          0.0000
          0.0000
          0.0000
          0.0000
          0.0000
          0.0000
          0.0000
          0.0000
          0.0000
          0.0000
          0.0000
          0.0000
          0.0000
          0.0000
          0.0000
          0.0000
          0.0000
          0.0000
          0.0000
          0.0000
          0.0000
          0.0000
          0.0000
          0.0000
          0.0000
          0.0000
          0.0000
          0.0000
          0.0000
          0.0000
          0.0000
          0.0000
          0.0000
          0.0000
          0.0000
          0.0000
          0.0000
          0.0000
          0.0000
          0.0000
          0.0000
          0.0000
          0.0000
          0.0000
          0.0000
          0.0000
          0.0000
          0.0000
          0.0000
          0.0000
          0.0000
          0.0000
          0.0000
          0.0000
          0.0000
          0.0000
          0.0000
          0.0000
          0.0000
          0.0000
          0.0000
          0.0000
          0.0000
          0.0000
          0.0000
          0.0000
          0.0000
          0.0000
          0.0000
          0.0000
          0.0000
          0.0000
          0.0000
          0.0000
          0.0000
          0.0000
          0.0000
          0.0000
          0.0000
          0.0000
          0.0000
          0.0000
          0.0000
          0.0000
          0.0000
          0.0000
          0.0000
          0.0000
          0.0000
          0.0000
          0.0000
          0.0000
          0.0000
          0.0000
          0.0000
          0.0000
          0.0000
          0.0000
          0.0000
          0.0000
          0.0000
          0.0000
          0.0000
          0.0000
          0.0000
          0.0000
          0.0000
          0.0000
          0.0000
          0.0000
          0.0000
          0.0000
          0.0000
          0.0000
          0.0000
          0.0000
          0.0000
          0.0000
          0.0000
          0.0000
          0.0000
          0.0000
          0.0000
          0.0000
          0.0000
          0.0000
          0.0000
          0.0000
          0.0000
          0.0000
          0.0000
          0.0000
          0.0000
          0.0000
          0.0000
          0.0000
          0.0000
          0.0000
          0.0000
          0.0000
          0.0000
          0.0000
          0.0000
          0.0000
          0.0000
          0.0000
          0.0000
          0.0000
          0.0000
          0.0000
          0.0000
          0.0000
          0.0000
          0.0000
          0.0000
          0.0000
          0.0000
          0.0000
          0.0000
          0.0000
          0.0000
          0.0000
          0.0000
          0.0000
          0.0000
          0.0000
          0.0000
          0.0000
          0.0000
          0.0000
          0.0000
          0.0000
          0.0000
          0.0000
          0.0000
          0.0000
          0.0000
          0.0000
          0.0000
          0.0000
          0.0000
          0.0000
          0.0000
          0.0000
          0.0000
          0.0000
          0.0000
          0.0000
          0.0000
          0.0000
          0.0000
          0.0000
          0.0000
          0.0000
          0.0000
          0.0000
          0.0000
          0.0000
          0.0000
          0.0000
          0.0000
          0.0000
          0.0000
          0.0000
          0.0000
          0.0000
          0.0000
          0.0000
          0.0000
          0.0000
          0.0000
          0.0000
          0.0000
          0.0000
          0.0000
          0.0000
          0.0000
          0.0000
          0.0000
          0.0000
          0.0000
          0.0000
          0.0000
          0.0000
          0.0000
          0.0000
          0.0000
          0.0000
          0.0000
          0.0000
          0.0000
          0.0000
          0.0000
          0.0000
          0.0000
          0.0000
          0.0000
          0.0000
          0.0000
          0.0000
          0.0000
          0.0000
          0.0000
          0.0000
          0.0000
          0.0000
          0.0000
          0.0000
          0.0000
          0.0000
          0.0000
          0.0000
          0.0000
          0.0000
          0.0000
          0.0000
          0.0000
          0.0000
          0.0000
          0.0000
          0.0000
          0.0000
          0.0000
          0.0000
          0.0000
          0.0000
          0.0000
          0.0000
          0.0000
          0.0000
          0.0000
          0.0000
          0.0000
          0.0000
          0.0000
          0.0000
          0.0000
          0.0000
          0.0000
          0.0000
          0.0000
          0.0000
          0.0000
          0.0000
          0.0000
          0.0000
          0.0000
          0.0000
          0.0000
          0.0000
          0.0000
          0.0000
          0.0000
          0.0000
          0.0000
          0.0000
          0.0000
          0.0000
          0.0000
          0.0000
          0.0000
          0.0000
          0.0000
          0.0000
          0.0000
          0.0000
          0.0000
          0.0000
          0.0000
          0.0000
          0.0000
          0.0000
          0.0000
          0.0000
          0.0000
          0.0000
          0.0000
          0.0000
          0.0000
          0.0000
          0.0000
          0.0000
          0.0000
          0.0000
          0.0000
          0.0000
          0.0000
          0.0000
          0.0000
          0.0000
          0.0000
          0.0000
          0.0000
          0.0000
          0.0000
          0.0000
          0.0000
          0.0000
          0.0000
          0.0000
          0.0000
          0.0000
          0.0000
          0.0000
          0.0000
          0.0000
          0.0000
          0.0000
          0.0000
          0.0000
          0.0000
          0.0000
          0.0000
          0.0000
          0.0000
          0.0000
          0.0000
          0.0000
          0.0000
          0.0000
          0.0000
          0.0000
          0.0000
          0.0000
          0.0000
          0.0000
          0.0000
          0.0000
          0.0000
          0.0000
          0.0000
          0.0000
          0.0000
          0.0000
          0.0000
          0.0000
          0.0000
          0.0000
          0.0000
          0.0000
          0.0000
          0.0000
          0.0000
          0.0000
          0.0000
          0.0000
          0.0000
          0.0000
          0.0000
          0.0000
          0.0000
          0.0000
          0.0000
          0.0000
          0.0000
          0.0000
          0.0000
          0.0000
          0.0000
          0.0000
          0.0000
          0.0000
          0.0000
          0.0000
         17.9312
         17.4288
         16.9268
         17.0838
         16.9953
         16.4366
         16.9960
         18.3780
         19.4580
         18.6111
         14.6151
         10.6207
          6.6279
          2.6365
         -1.7751
         -7.2799
        -11.5891
        -15.8312
        -20.0725
        -23.4176
        -26.7046
        -30.0736
        -33.4751
        -36.0336
        -39.4834
        -42.9342
        -46.3858
        -49.8375
        -30.8798
        -11.6920
          0.0000
          0.0000
          0.0000
          0.0000
          0.0000
          0.0000
          0.0000
          0.0000
          0.0000
          0.0000
          0.0000
          0.0000
          0.0000
          0.0000
          0.0000
          0.0000
          0.0000
          0.0000
          0.0000
          0.0000
          0.0000
          0.0000
          0.0000
          0.0000
          0.0000
          0.0000
          0.0000
          0.0000
          0.0000
          0.0000
          0.0000
          0.0000
          0.0000
          0.0000
          0.0000
          0.0000
          0.0000
          0.0000
          0.0000
          0.0000
          0.0000
          0.0000
          0.0000
          0.0000
          0.0000
          0.0000
          0.0000
          0.0000
         -5.5498
         -5.3283
         -5.3829
         -5.2890
         -4.6928
         -3.9914
         -3.3009
         -2.6186
         -1.9496
         -1.3408
         -0.8476
         -0.3643
          0.1093
         -2.3089
         -4.7315
         -7.1495
         -9.5173
        -11.9511
        -13.8078
        -53.1883
        -54.9317
        -56.6663
        -52.7970
        -12.7464
        -10.4330
         -8.0416
         -5.6031
         -3.3225
         -1.0420
          1.2379
          3.5190
          7.0152
         10.5205
         14.0208
         17.5176
         21.0533
         24.5263
         27.9959
         31.4624
         34.9256
         30.5748
         25.0484
         19.2323
         14.1450
          9.7070
          5.2652
          0.8252
         -3.3208
         -7.4533
         -8.9238
        -10.5512
        -12.1853
        -12.8449
        -14.3546
        -15.9347
        -17.4905
        -18.0298
        -19.4573
        -17.4658
        -15.3158
        -12.1688
        -10.2866
         -8.4011
         -6.3246
         -3.1554
         -1.1164
          1.1412
          6.1514
         10.2229
         12.7569
         16.0129
         21.9086
         25.4638
         28.1422
         30.5481
         34.6614
         34.3086
         33.9609
         32.3042
         30.4150
         28.5248
         26.6335
         24.7411
         22.8477
         20.9532
         24.0765
         27.2364
         30.6428
         34.0460
         35.5014
         37.6756
         41.0364
         44.3942
         47.7494
         54.3314
         45.7836
         42.3068
         42.9941
         29.5440
         26.9212
          8.9126
          0.0000
          0.0000
          0.0000
          0.0000
          0.0000
          0.0000
          0.0000
          0.0000
          0.0000
          0.0000
          0.0000
          0.0000
          0.0000
          0.0000
          0.0000
          0.0000
          0.0000
          0.0000
          0.0000
          0.0000
          0.0000
          0.0000
          0.0000
          0.0000
          0.0000
          0.0000
          0.0000
          0.0000
          0.0000
          0.0000
          0.0000
         11.4542
         19.8364
         21.2023
         22.7920
         24.6674
         27.3453
         28.8649
         28.7745
         29.6530
         32.0073
         33.1801
         35.9898
         39.5522
         41.8649
         42.8907
         45.2848
         41.6289
         37.9709
         34.3107
         30.6486
         26.9868
         23.3485
         19.6911
         16.0215
         12.3499
          8.0417
          3.7343
         -0.5724
         -4.8786
         -9.1842
        -13.8272
        -18.1765
        -22.5252
        -26.8972
        -26.2769
        -25.4144
        -24.6446
        -23.8826
        -23.1284
        -21.6410
        -20.9111
        -18.9603
        -17.6584
        -16.7825
        -16.0131
        -15.2420
        -14.2986
        -13.1606
        -12.0453
        -11.6021
        -10.8372
         -9.9487
         -9.7451
        -10.0730
         -9.1438
         -8.2167
         -7.2908
         -6.0922
         -4.7052
         -3.3842
         -2.0695
         -0.4622
         -1.4297
          2.2314
          6.1708
         11.3105
         18.4723
         25.8053
         31.9139
         37.3906
         40.2630
         43.1388
         46.0180
         48.6961
         51.5174
         54.3419
         57.1690
         59.9720
         62.8030
         70.9661
         79.3768
         87.7772
         96.1669
        104.5457
        112.9148
        121.2739
        129.5061
        137.5791
        131.2919
        124.6242
        117.9578
        111.2943
        104.6452
         98.0295
         91.4296
         85.4998
         79.6480
         72.1222
         64.8254
         57.7366
         50.6501
         43.5641
         36.4832
         29.4018
         22.4933
         15.3448
         14.6206
         13.8952
         12.7320
         11.5368
         10.3403
          9.1457
          7.9518
          6.7566
          5.5602
         10.4486
         15.3356
         20.2151
         25.0872
         29.9519
         35.2854
         41.4600
         47.6259
         52.9724
         55.2647
         57.5557
         59.8670
         62.1555
         64.6412
         21.9768
         24.1693
         26.3609
         28.3531
         77.6673
         82.1329
         86.6122
         91.1071
         95.6226
        100.1516
        104.6940
        109.2498
        113.8190
        103.6165
         93.4429
         83.2431
         73.0478
         62.8565
         53.1456
         42.9474
         32.7523
         22.5595
         14.9222
          7.3409
         -0.3124
         -7.5689
        -12.5486
        -17.8850
        -23.2315
        -29.6908
        -36.9301
        -44.6468
        -50.3292
        -55.2359
        -60.4200
        -66.4232
        -71.1667
        -75.5364
        -80.7117
        -84.6189
        -58.1778
        -56.2600
        -74.3175
        -68.5176
        -42.7827
         -9.2031
          0.0000
          0.0000
          0.0000
          0.0000
          0.0000
          0.0000
          0.0000
          0.0000
          0.0000
          0.0000
          0.0000
          0.0000
          0.0000
          0.0000
          0.0000
          0.0000
          0.0000
          0.0000
          0.0000
          0.0000
          0.0000
          0.0000
          0.0000
          0.0000
          0.0000
          0.0000
          0.0000
          0.0000
          0.0000
          0.0000
          0.0000
          0.0000
          0.0000
          0.0000
          0.0000
          0.0000
          0.0000
          0.0000
          0.0000
          0.0000
         -2.2901
         -6.1497
         -4.7949
         -4.4381
         -3.6109
         -1.9396
         -0.2677
          1.0724
          0.1762
         -1.1396
         -2.5860
         -3.7056
         -3.9880
         -4.2708
         -4.9632
         -5.1282
         -4.2235
         -7.3328
        -10.7163
        -14.1015
        -17.5235
        -21.4273
        -25.3321
        -29.2381
        -33.1454
        -37.0539
        -40.8590
        -44.6659
        -48.4752
        -52.2869
        -52.0614
        -25.9213
          0.0000
          0.0000
          0.0000
          0.0000
          0.0000
          0.0000
          0.0000
          0.0000
          0.0000
          0.0000
          0.0000
          0.0000
          0.0000
          0.0000
          0.0000
          0.0000
          0.0000
          0.0000
          0.0000
          0.0000
          0.0000
          0.0000
          0.0000
          0.0000
          0.0000
          0.0000
          0.0000
          0.0000
          0.0000
          0.0000
          0.0000
          0.0000
          0.0000
          0.0000
          0.0000
          0.0000
          0.0000
          0.0000
          0.0000
          0.0000
          0.0000
          0.0000
          0.0000
          6.6793
         13.6072
         14.2120
         14.8187
         15.4262
         17.5172
         19.7379
         21.7558
         23.9566
         26.0256
         29.1334
         29.4616
         31.8040
         35.0475
         36.7828
         38.5122
         40.2357
         41.9533
         43.6653
         45.3716
         47.0724
         48.7677
         50.4575
         47.4985
         44.2570
         41.1982
         38.2048
         35.2101
         32.2142
         29.1921
         26.1864
         23.1828
         21.9993
         18.8912
         17.0464
         15.9712
         14.8863
         13.6024
         12.6781
         11.3952
         10.0450
          0.5833
         -0.6927
         -2.0252
         -3.6392
         -5.1755
         -6.4820
          0.0000
          0.0000
          0.0000
          0.0000
          0.0000
          0.0000
          0.0000
          0.0000
          0.0000
          0.0000
          0.0000
          0.0000
          0.0000
          0.0000
          0.0000
          0.0000
          0.0000
          0.0000
          0.0000
          0.0000
          0.0000
          0.0000
          0.0000
          0.0000
          0.0000
          0.0000
          0.0000
          0.0000
          0.0000
          0.0000
          0.0000
          0.0000
          0.0000
          0.0000
          0.0000
          5.8102
          8.1423
         10.6817
         13.2123
         38.5721
         13.2107
         15.0125
         17.2674
         18.2916
         19.1362
         19.9681
         21.4660
         23.5891
         21.7746
         18.6678
         16.3543
         15.6619
         14.2600
         11.2243
          8.0916
          5.4289
          3.8641
          7.1851
         10.7024
         14.6374
         18.5711
         22.5035
         26.4345
         30.3642
         34.2925
         38.2194
         42.3354
         46.2428
         50.0200
         53.8326
         57.6188
         61.3938
         65.1679
         68.9408
         72.7129
         76.3622
         80.1931
         83.7643
         87.3285
         90.8918
         88.0830
         91.1793
         94.2745
         97.3683
         94.1595
         96.2252
         91.7628
         87.3074
         82.8531
         78.4000
         73.9480
         69.7891
         65.4908
         64.2458
         62.9930
         61.7388
         60.4809
         59.2780
         58.7975
         57.6843
         56.6551
         55.6594
         50.8628
         46.0645
         41.2641
         36.0392
         30.4509
         25.2466
         20.0563
         14.4266
          8.8007
          9.5390
         10.2739
         11.0086
         11.7534
         12.4951
         13.2336
         13.9661
         14.7671
         15.5877
         12.1891
          8.7637
          5.5337
          2.3031
         -0.9283
         -4.1606
         -7.3936
        -14.1439
        -17.6515
        -16.2552
        -14.8586
        -13.4624
        -11.4182
         -9.3695
          0.0000
          0.0000
          0.0000
          0.0000
          0.0000
          0.0000
          0.0000
          0.0000
          0.0000
          0.0000
          4.1932
         26.2412
         28.9900
         28.4096
         27.8292
         27.2486
         26.6682
         13.4225
         20.6972
         20.3979
         20.1118
         19.8257
         24.5225
         26.1722
         26.0542
         25.7890
         25.8911
         25.8237
         25.2225
         24.8955
         24.5785
         21.1490
         17.6834
         14.2168
         11.6668
          7.6155
          3.5764
         -0.3778
         -4.4039
         -8.4393
         -6.7261
         -4.4998
         -2.4880
         -0.7461
          0.9902
          2.7209
          4.4459
          6.1654
          7.8792
         14.4840
         21.0851
         27.6826
         34.2765
         40.8668
         47.4535
         54.0367
         60.6165
         67.1927
         70.2904
         73.2365
         76.1806
         78.8532
         81.1147
         83.3594
         85.5952
         87.7541
         89.9624
         90.4715
         91.7460
         93.0167
         94.2837
         95.5468
         96.8061
         97.8507
         97.3001
         96.7451
         99.4901
        102.2340
        105.2916
        108.5755
        111.8087
        115.1340
        118.4588
        121.7832
        125.1071
        128.4215
        131.7354
        135.0487
        137.9076
        114.6211
        117.4460
        120.2683
        123.0886
        126.2893
        131.5595
        127.6531
        135.6817
        131.4028
        125.8726
        120.9677
        116.0681
        111.1744
        106.2860
         97.5527
         88.8187
         80.0847
         70.9850
         61.8308
         52.6951
         43.5737
         34.3606
         25.2305
         28.7782
         32.3255
         35.8723
         39.4188
         42.9649
         46.5107
         50.0561
         53.6012
         57.1461
         61.6693
         66.1882
         70.7401
         75.2592
         79.7240
         84.1759
         88.6230
         93.3606
         98.2473
