          0.0000
          0.0000
          0.0000
          0.0000
          0.0000
          0.0000
          0.0000
          0.0000
          0.0000
          0.0000
          0.0000
          0.0000
          0.0000
          0.0000
          0.0000
          0.0000
          0.0000
          0.0000
          0.0000
          0.0000
          0.0000
          0.0000
          0.0000
          0.0000
          0.0000
          0.0000
          0.0000
          0.0000
          0.0000
          0.0000
          0.0000
          0.0000
          0.0000
          0.0000
          0.0000
          0.0000
          0.0000
          0.0000
          0.0000
          0.0000
          0.0000
          0.0000
          0.0000
          0.0000
          0.0000
          0.0000
          0.0000
          0.0000
          0.0000
         32.9480
         36.6509
         81.7040
        126.7569
        172.3857
        217.9693
        259.2024
        301.7419
        344.1792
        386.5154
        428.7500
        470.8845
        512.9181
        554.8523
        596.6857
        606.7272
        616.7210
        626.6963
        636.6305
        646.6460
        657.0665
        667.4428
        677.7701
        688.0842
        681.2264
        674.3383
        667.4225
        661.4901
        591.5405
        591.1568
        591.4227
        591.9881
        592.5788
        567.5527
        542.4664
        517.3851
        492.2729
        467.1327
        441.9628
        416.7658
        391.5390
        366.2790
        358.6222
        350.9497
        343.3488
        335.7992
        328.2388
        320.6610
        313.0704
        305.4627
        297.8440
        293.5176
        289.1836
        284.8380
        280.4848
        276.1372
        271.8133
        267.6186
        263.4156
        259.2013
        278.3753
        297.5354
        316.6786
        335.8068
        354.9195
        374.4952
        394.0703
        413.6342
        433.1811
        441.5177
        449.8605
        533.5125
        551.9362
        570.3293
        588.6923
        607.0932
        626.5681
        646.0210
        659.2480
        672.4060
        685.5291
        698.6285
        711.8736
        673.5312
        686.3751
        699.1845
        712.1220
        701.4570
        690.9375
        680.4092
        669.8710
        659.3252
        648.7662
        638.1958
        627.6184
        617.0275
        587.7094
        558.4855
        530.1308
        501.7481
        525.1565
        496.8845
        469.5452
        442.1720
        414.7580
        362.8813
        312.9764
        265.7088
        218.3309
        170.8399
        123.7591
         76.8566
         29.8397
          0.0000
          0.0000
          0.0000
          0.0000
          0.0000
          0.0000
          0.0000
          0.0000
          0.0000
          0.0000
          0.0000
          0.0000
          0.0000
          0.0000
          0.0000
          0.0000
          0.0000
          0.0000
          0.0000
          0.0000
          0.0000
          0.0000
          0.0000
          0.0000
          0.0000
          0.0000
          0.0000
          0.0000
          0.0000
          0.0000
          0.0000
          0.0000
          0.0000
          0.0000
         18.6975
         39.2260
         60.0557
         78.4855
         98.1260
        117.7955
        137.4333
        157.0418
        176.6181
        196.1651
        215.6818
        235.1682
        233.1306
        231.0920
        229.0542
        227.0145
        224.9779
        222.9374
        220.8980
        218.8572
        216.8164
        176.5699
        136.2384
         98.3743
         61.1264
         23.7957
          0.0000
          0.0000
          0.0000
          0.0000
          0.0000
          0.0000
          0.0000
          0.0000
          0.0000
          0.0000
          0.0000
          0.0000
          0.0000
          0.0000
          0.0000
          0.0000
          0.0000
          0.0000
          0.0000
          0.0000
          0.0000
          0.0000
          0.0000
          0.0000
          0.0000
          0.0000
          0.0000
          0.0000
          0.0000
          0.0000
          0.0000
          0.0000
          0.0000
          0.0000
          0.0000
          0.0000
          0.0000
          0.0000
          0.0000
          0.0000
          0.0000
          0.0000
          0.0000
          0.0000
          0.0000
          0.0000
          0.0000
          0.0000
          0.0000
          0.0000
          0.0000
          0.0000
          0.0000
          0.0000
          0.0000
          0.0000
          0.0000
          0.0000
          0.0000
          0.0000
          0.0000
          0.0000
          0.0000
          0.0000
          0.0000
          0.0000
          0.0000
          0.0000
          0.0000
          0.0000
          0.0000
          0.0000
          0.0000
          0.0000
          0.0000
          0.0000
          0.0000
          0.0000
          0.0000
          0.0000
          0.0000
          0.0000
          0.0000
          0.0000
          0.0000
          0.0000
          0.0000
          0.0000
          0.0000
          0.0000
          0.0000
          0.0000
          0.0000
          0.0000
          0.0000
          0.0000
          0.0000
          0.0000
          0.0000
          0.0000
          0.0000
          0.0000
          0.0000
          0.0000
          0.0000
          0.0000
          0.0000
          0.0000
          3.2728
         13.0647
         22.8590
         32.6420
         40.3979
         48.0734
         55.7265
         63.3598
         70.9689
         79.0556
         82.0545
         89.8968
         97.7189
         98.8314
         99.9320
        101.0204
        102.0965
        103.1804
        104.2997
        105.4070
        106.5026
        107.5861
        100.5921
         93.5974
         86.6290
         79.7469
         72.8656
         65.9835
         59.1008
         52.2188
         45.3373
         40.1031
         34.9146
         30.0196
         25.6354
         21.2469
         23.2930
         21.8514
         20.4043
         18.9509
         13.1605
          7.7404
          2.3172
          0.0000
          0.0000
          0.0000
          0.0000
          0.0000
          0.0000
          0.0000
          0.0000
          0.0000
          0.0000
          0.0000
          0.0000
          0.0000
          0.0000
          0.0000
          0.0000
          0.0000
          0.0000
          0.0000
          0.0000
          0.0000
          0.0000
          0.0000
          0.0000
          0.0000
          0.0000
          0.0000
          0.0000
          0.0000
          0.0000
          0.0000
          0.0000
          0.0000
          0.0000
          0.0000
          0.0000
          0.0000
          0.0000
          0.0000
          0.0000
          0.0000
          0.0000
          0.0000
          0.0000
          0.0000
          0.0000
          4.0678
         23.9635
         43.7989
         39.6137
         59.2984
         62.2060
         65.4591
         68.7000
         71.9330
         75.1542
         78.3668
         81.5672
         84.7642
         87.9708
         75.9986
         64.7803
         53.6792
         42.5601
         31.4211
         20.3047
          9.2756
          0.0000
          0.0000
          0.0000
          0.0000
          0.0000
          0.0000
          0.0000
          0.0000
          0.0000
          0.0000
          0.0000
          0.0000
          0.0000
          0.0000
          0.0000
          0.0000
          0.0000
          0.0000
          0.0000
          0.0000
          0.0000
          0.0000
          0.0000
          0.0000
          0.0000
          0.0000
          0.0000
          0.0000
          0.0000
          0.0000
          0.0000
          0.0000
          7.8546
         26.0903
         44.3209
         62.5438
         81.1135
         99.8147
        108.9625
        118.1300
        127.3320
        137.2128
        147.3952
        157.5679
        167.7280
        177.8784
        188.0524
        196.9837
        206.3940
        216.4930
        227.0156
        237.5026
        247.9593
        258.3821
        269.1077
        280.3742
        285.6179
        290.8454
        296.0551
        301.2488
        306.4236
        312.0954
        317.7748
        323.4382
        329.0830
        315.8295
        302.5622
        290.2931
        278.0704
        266.0589
        254.6648
        243.2576
        231.8342
        220.3986
        203.6045
        186.8329
        171.2558
        167.1222
        149.2621
        154.1485
        159.0186
        164.1025
        169.3854
        160.0098
        150.9224
        141.8047
        116.7677
        110.8331
        104.9137
        100.2555
         96.2911
         92.3034
         80.8581
         69.3728
         58.6100
         48.8374
         48.2574
         38.1682
         28.2449
         18.2890
          9.3454
          0.0000
          0.0000
          0.0000
          0.0000
          0.0000
          0.0000
          0.0000
          0.0000
          0.0000
          0.0000
          0.0000
          0.0000
          0.0000
          0.0000
          0.0000
          0.0000
          0.0000
          0.0000
          0.0000
          0.0000
          0.0000
          0.0000
          0.0000
          0.0000
          3.9292
         14.9677
         19.6643
         21.8201
         23.9676
         26.1109
         28.2451
         30.3749
         32.4959
         34.6131
         36.7212
         38.8247
         26.9834
         15.1354
          3.2835
          0.0000
          0.0000
          0.0000
          0.0000
          0.0000
          0.0000
          0.0000
          0.0000
          0.0000
          0.0000
          0.0000
          0.0000
          0.0000
          0.0000
          0.0000
          0.0000
          0.0000
          0.0000
          0.0000
          0.0000
          0.0000
          0.0000
          0.0000
          0.0000
          0.0000
          0.0000
          0.0000
          0.0000
          0.0000
          0.0000
          0.0000
          0.0000
          0.0000
          0.0000
          0.0000
          0.0000
          0.0000
          0.0000
         18.4099
         37.5610
         56.6660
         77.3370
         91.4361
        105.5694
        120.0537
        135.1008
        150.3652
        167.3794
        184.3629
        201.3842
        219.0050
        231.8275
        244.6026
        257.5590
        271.9446
        286.4727
        282.5110
        296.9350
        311.3375
        327.1412
        316.5400
        306.0498
        295.8325
        285.6093
        275.3823
        265.1511
        254.9179
        244.6795
        234.4370
        217.0297
        199.6021
        182.1542
        164.6863
        147.1999
        129.9729
        142.9516
        125.6736
        108.3740
        101.3747
         94.3347
         87.3018
         80.2515
         73.2645
         66.5677
         60.4955
         54.4062
         48.3015
         53.9512
         59.5898
         65.5998
         71.7806
         78.6626
         85.5689
         92.4912
         99.4025
        106.3071
        112.4896
        118.7177
        125.1872
        131.6505
        138.1038
        144.5538
        150.9988
        157.4705
        163.9364
        179.8185
        195.6830
        211.5533
        227.8908
        244.4168
        260.9093
        277.3849
        293.8445
        310.4834
        286.1708
        293.6675
        301.7821
        310.0928
        318.3808
        326.6448
        334.9258
        343.1968
        351.4452
        357.2849
        363.1884
        369.2132
        375.4452
        381.7595
        388.0388
        394.2841
        400.4966
        406.6747
        398.8285
        390.9737
        383.1093
        375.2358
        367.3523
        359.6227
        352.0915
        344.5515
        337.0016
        321.2976
        305.5810
        289.9147
        274.2488
        258.5713
        242.9619
        228.7691
        215.0751
        201.3683
        181.9684
        162.5505
        143.1192
        123.9543
         80.9026
         69.3069
         57.6873
         46.0423
         34.4900
         29.8044
         25.1116
         20.4132
         15.7091
         10.9984
          6.2812
          1.5568
          0.0000
         14.4510
          0.0000
          0.0000
          0.0000
          1.2899
          3.7711
          6.2539
          8.7346
         11.2146
         13.6922
         23.8067
         33.8957
         43.9557
         53.9898
         63.9984
         73.9795
        136.3732
        156.9421
        177.4436
        196.6036
        215.6810
        235.1964
        256.4191
        277.7493
        298.9951
        320.1551
        341.2342
        362.6586
        388.4629
        414.1897
        439.8147
        440.7603
        466.0820
        491.5455
        518.5067
        545.4182
        572.8402
        555.7239
        538.5959
        521.4508
        504.9036
        489.3440
        473.7751
        458.2068
        442.6484
        427.0764
        385.7567
        344.3246
        304.4366
        286.3500
        247.4460
        208.8869
        170.6073
        134.3723
         98.7955
         58.5850
         19.5383
         12.9891
          0.0000
          0.0000
          0.0000
          0.0000
          0.0000
          0.0000
          0.0000
          0.0000
          0.0000
          0.0000
          0.0000
          0.0000
          0.0000
          0.0000
          0.0000
          0.0000
          0.0000
          0.0000
          0.0000
          0.0000
          0.0000
          0.0000
          0.0000
          0.0000
          0.0000
          0.0000
          0.0000
          0.0000
          0.0000
          0.0000
          0.0000
          0.0000
          0.0000
          0.0000
          0.0000
          0.0000
          0.0000
          0.0000
          0.0000
          0.0000
          0.0000
          0.0000
          3.4850
         13.5786
         23.6236
         33.6210
         43.5682
         53.4683
         63.3187
         73.5200
         83.8134
         73.6834
         46.2992
         35.9283
         25.5558
         15.1969
          4.8308
          0.0000
          0.0000
          0.0000
          0.0000
          0.0000
          0.0000
          0.0000
          0.0000
          0.0000
          0.0000
          0.0000
          0.0000
          0.0000
          0.0000
          0.0000
          0.0000
          0.0000
          0.0000
          0.0000
          0.0000
          0.0000
          0.0000
          0.0000
          0.0000
          0.0000
          0.0000
          0.0000
          0.0000
          0.0000
          0.0000
          0.0000
          0.0000
          0.0000
          0.0000
          0.0000
          0.0000
          0.0000
          0.0000
          0.0000
          0.0000
          0.0000
          0.0000
          0.0000
          0.0000
          0.0000
          0.0000
          0.0000
          0.0000
          0.0000
          0.0000
          0.0000
          0.0000
          0.0000
          0.0000
          0.0000
          0.0000
          0.0000
          0.0000
          0.0000
          0.0000
          0.0000
          0.0000
          0.0000
          0.0000
          0.0000
          0.0000
          0.0000
          0.0000
          0.0000
          0.0000
          0.0000
          0.0000
          0.0000
          0.0000
          0.0000
          0.0000
          0.0000
          0.0000
          0.0000
          0.0000
          0.0000
          0.0000
          0.0000
          0.0000
          0.0000
          0.0000
          0.0000
          0.0000
          0.0000
          0.0000
          0.0000
          0.0000
          0.0000
          0.0000
          0.0000
          0.0000
          0.0000
          0.0000
          0.0000
          0.0000
          0.0000
          0.0000
          0.0000
          0.0000
          0.0000
          0.0000
          0.0000
          0.0000
          0.0000
          0.0000
          0.0000
          0.0000
          0.0000
          0.0000
          0.0000
          0.0000
          0.0000
          0.0000
          0.0000
          0.0000
          0.0000
          0.0000
          0.0000
          0.0000
          0.0000
          0.0000
          0.0000
          0.0000
          0.0000
          0.0000
          0.0000
          0.0000
          0.0000
          0.0000
          0.0000
          0.0000
          0.0000
          0.0000
          0.0000
          0.0000
          0.0000
          0.0000
          0.0000
          0.0000
          0.0000
          0.0000
          0.0000
          0.0000
          0.0000
          0.0000
          0.0000
          0.0000
          0.0000
          0.0000
          0.0000
          0.0000
          0.0000
          0.0000
          0.0000
          0.0000
          0.0000
          0.0000
          0.0000
          0.0000
          0.0000
          0.0000
          0.0000
          0.0000
          0.0000
          0.0000
          0.0000
          0.0000
          0.0000
          0.0000
          0.0000
          0.0000
          0.0000
          0.0000
          0.0000
          0.0000
          0.0000
          0.0000
          0.0000
          0.0000
          0.0000
          0.0000
          0.0000
          0.0000
          0.0000
          0.0000
          0.0000
          0.0000
          0.0000
          0.0000
          0.0000
          0.0000
          0.0000
          0.0000
          0.0000
          0.0000
          0.0000
          0.0000
          0.0000
          0.0000
          0.0000
          0.0000
          0.0000
          0.0000
          0.0000
          0.0000
          0.0000
          0.0000
          0.0000
          0.0000
          0.0000
          0.0000
          0.0000
          0.0000
          0.0000
          0.0000
          0.0000
          0.0000
          0.0000
          0.0000
          0.0000
          0.0000
          0.0000
          0.0000
          0.0000
          0.0000
          0.0000
          0.0000
          0.0000
          0.0000
          0.0000
          0.0000
          0.0000
          0.0000
          0.0000
          0.0000
          0.0000
          0.0000
          0.0000
          0.0000
          0.0000
          0.0000
          0.0000
          0.0000
          0.0000
          0.0000
          0.0000
          0.0000
          0.0000
          0.0000
          0.0000
          0.0000
          0.0000
          0.0000
          0.0000
          0.0000
          0.0000
          0.0000
          0.0000
          0.0000
          0.0000
          0.0000
          0.0000
          0.0000
          0.0000
          0.0000
          0.0000
          0.0000
          0.0000
          0.0000
          0.0000
          0.0000
          0.0000
          0.0000
          0.0000
          0.0000
          0.0000
          0.0000
          0.0000
          0.0000
          0.0000
          0.0000
          0.0000
          0.0000
          0.0000
          0.0000
          0.0000
          0.0000
          0.0000
          0.0000
          0.0000
          0.0000
          0.0000
          0.0000
          0.0000
          0.0000
          0.0000
          0.0000
          0.0000
          0.0000
          0.0000
          0.0000
          0.0000
          0.0000
          0.0000
          0.0000
          0.0000
          0.0000
          0.0000
          0.0000
          0.0000
          0.0000
          0.0000
          0.0000
          0.0000
          0.0000
          0.0000
          0.0000
          0.0000
          0.0000
          0.0000
          0.0000
          0.0000
          0.0000
          0.0000
          0.0000
          0.0000
          0.0000
          0.0000
          0.0000
          0.0000
          0.0000
          0.0000
          0.0000
          0.0000
          0.0000
          0.0000
          0.0000
          0.0000
          0.0000
          0.0000
          0.0000
          0.0000
          0.0000
          0.0000
          0.0000
          0.0000
          0.0000
          0.0000
          0.0000
          0.0000
          0.0000
          0.0000
          0.0000
          0.0000
          0.0000
          0.0000
          0.0000
          0.0000
          0.0000
          0.0000
          0.0000
          0.0000
          0.0000
          0.0000
          0.0000
          0.0000
          0.0000
          0.0000
          0.0000
          0.0000
          0.0000
          0.0000
          0.0000
          0.0000
          0.0000
          0.0000
          0.0000
          0.0000
          0.0000
          0.0000
          0.0000
          0.0000
          0.0000
          0.0000
          0.0000
          0.0000
          0.0000
          0.0000
          0.0000
          0.0000
          0.0000
          0.0000
          0.0000
          0.0000
          0.0000
          0.0000
          0.0000
          0.0000
          0.0000
          0.0000
          0.0000
          0.0000
          0.0000
          0.0000
          0.0000
          0.0000
          0.0000
          0.0000
          0.0000
          0.0000
          0.0000
          0.3810
         12.6930
         24.9342
         37.1086
         50.0221
         63.3329
         76.7958
         91.6554
        113.0921
        137.2579
        145.5089
        153.7192
        161.8943
        170.0315
        178.5514
        188.1304
        197.6714
        207.1723
        216.6611
        197.7026
        178.7041
        159.7664
        140.8216
        122.0119
        104.0823
         86.1328
         68.1657
         50.1769
         30.8798
         11.6920
          0.0000
          0.0000
          0.0000
          0.0000
          0.0000
          0.0000
          0.0000
          0.0000
          0.0000
          0.0000
          0.0000
          0.0000
          0.0000
          0.0000
          0.0000
          0.0000
          0.0000
          0.0000
          0.0000
          0.0000
          0.0000
          0.0000
          0.0000
          0.0000
          0.0000
          0.0000
          0.0000
          0.0000
          0.0000
          0.0000
          0.0000
          0.0000
          0.0000
          0.0000
          0.0000
          0.0000
          0.0000
          0.0000
          0.0000
          0.0000
          0.0000
          0.0000
          0.0000
          0.0000
          0.0000
          0.0000
          0.0000
          0.0000
         11.7320
         37.9878
         64.4220
         91.1701
        102.5453
        113.8801
        125.1778
        136.4329
        147.6537
        158.8840
        170.1822
        181.4400
        192.6603
        191.5479
        190.4088
        189.2438
        188.0670
        186.9011
        185.7731
        185.5518
        185.2777
        184.9776
        178.4672
        135.7708
        130.8020
        125.8247
        121.3561
        117.0378
        112.7131
        108.3840
        104.0470
        113.4668
        122.8892
        132.2995
        141.6948
        151.3164
        161.1224
        170.9139
        180.6897
        190.4508
        188.7244
        188.1665
        187.8890
        187.6087
        187.3250
        187.0372
        186.7456
        186.4513
        186.1532
        186.2980
        186.5783
        186.8423
        187.1521
        188.4786
        189.8508
        191.2363
        192.6040
        194.8521
        202.8587
        210.8898
        219.0154
        228.3818
        237.7227
        247.0378
        256.3770
        266.8217
        277.4230
        292.7928
        309.0415
        326.7692
        344.4459
        362.0706
        382.1384
        403.0257
        424.1340
        445.1934
        447.2735
        449.3432
        452.7150
        456.3066
        459.8865
        463.4532
        467.0065
        470.5502
        474.0793
        433.7032
        393.4737
        353.2125
        312.9157
        274.5305
        236.6723
        198.7805
        160.8519
        122.8889
         80.3047
         48.4589
         26.1344
          4.3980
          0.0000
          0.0000
          0.0000
          0.0000
          0.0000
          0.0000
          0.0000
          0.0000
          0.0000
          0.0000
          0.0000
          0.0000
          0.0000
          0.0000
          0.0000
          0.0000
          0.0000
          0.0000
          0.0000
          0.0000
          0.0000
          0.0000
          0.0000
          0.0000
          0.0000
          0.0000
          0.0000
          0.0000
          0.0000
          0.0000
          0.0000
          0.0000
          0.0000
          0.0000
          0.0000
         13.4284
         35.1230
         57.6567
         81.3643
        105.9763
        132.0130
        137.6954
        161.0636
        184.7070
        209.8157
        235.8059
        265.0418
        298.4423
        333.5500
        369.6855
        384.2921
        398.8507
        413.3667
        427.8364
        442.2596
        456.6399
        470.9936
        485.3114
        499.5874
        482.7057
        465.8061
        448.8916
        431.9597
        415.0106
        398.6675
        382.6013
        366.5176
        350.4466
        323.4107
        297.0967
        272.2475
        247.3630
        222.4417
        198.5018
        175.6798
        154.3972
        135.3095
        127.6574
        120.1031
        112.5377
        104.9602
         97.3725
         89.8018
         82.9446
         76.4255
         69.8947
         70.8655
         82.2856
         83.1339
         83.9809
         84.8274
         85.6691
         86.5940
         87.8390
         89.0865
         99.0127
        107.1004
        121.3214
        135.9288
        150.6952
        166.4178
        184.1113
        203.2641
        223.0222
        228.8114
        234.5822
        240.3352
        246.4618
        252.9393
        259.3967
        265.8379
        272.3148
        278.7722
        282.6031
        286.4049
        290.1779
        293.9230
        297.6381
        301.3269
        304.9874
        308.7370
        312.6092
        302.9936
        293.7426
        284.4679
        275.1755
        265.8638
        256.5317
        247.1785
        237.8535
        228.7597
        223.3452
        217.9175
        212.4724
        207.0111
        201.5374
        196.0444
        190.5396
        185.4474
        180.6303
        173.5260
        166.4216
        159.7494
        153.1054
        146.4614
        139.8129
        133.1623
        126.5114
        119.8558
        130.7333
        141.6128
        152.4845
        163.3455
        174.1954
        185.0370
        195.8695
        206.6904
        218.3140
        241.5723
        264.8090
        288.0204
        311.2092
        334.3741
        357.5371
        380.6548
        403.7510
        427.0206
        402.5422
        422.8983
        443.2233
        463.5198
        483.7896
        504.0286
        524.2388
        544.4222
        564.5760
        578.7007
        592.8139
        606.9181
        620.9905
        635.0253
        649.2814
        664.0865
        678.8636
        693.6070
        676.8823
        660.1345
        643.4227
        626.6902
        610.5273
        594.7090
        578.8599
        564.0887
        550.1170
        511.7804
        473.4049
        434.9900
        397.0025
        361.3347
        325.6075
        289.8976
        256.8327
        223.8370
        179.4048
        137.6011
        118.8192
         79.3171
         42.7827
          9.2031
          0.0000
          0.0000
          0.0000
          0.0000
          0.0000
          0.0000
          0.0000
          0.0000
          0.0000
          0.0000
          0.0000
          0.0000
          0.0000
          0.0000
          0.0000
          0.0000
          0.0000
          0.0000
          0.0000
          0.0000
          0.0000
          0.0000
          0.0000
          0.0000
          0.0000
          0.0000
          0.0000
          0.0000
          0.0000
          0.0000
          0.0000
          0.0000
          0.0000
          0.0000
          0.0000
          0.0000
          0.0000
          0.0000
          0.0000
          0.0000
          2.2901
         19.7445
         37.3474
         55.9250
         74.4869
         93.0244
        111.5354
        130.7778
        144.7312
        159.0751
        173.5211
        187.9356
        202.3182
        216.6749
        231.4114
        246.9394
        262.4353
        253.0196
        243.8724
        234.7234
        225.6061
        216.9679
        208.3238
        199.6764
        191.0240
        182.3688
        156.3604
        130.3261
        104.2660
         78.1792
         52.0614
         25.9213
          0.0000
          0.0000
          0.0000
          0.0000
          0.0000
          0.0000
          0.0000
          0.0000
          0.0000
          0.0000
          0.0000
          0.0000
          0.0000
          0.0000
          0.0000
          0.0000
          0.0000
          0.0000
          0.0000
          0.0000
          0.0000
          0.0000
          0.0000
          0.0000
          0.0000
          0.0000
          0.0000
          0.0000
          0.0000
          0.0000
          0.0000
          0.0000
          0.0000
          0.0000
          0.0000
          0.0000
          0.0000
          0.0000
          0.0000
          0.0000
          0.0000
          0.0000
          0.0000
          0.0000
         21.8407
         49.9656
         78.0531
        106.1045
        129.8635
        155.1606
        180.8402
        206.4722
        232.1994
        258.2230
        250.8311
        276.7121
        303.2434
        313.8680
        324.4652
        335.0341
        345.5790
        356.0930
        366.5829
        377.0437
        387.4781
        397.8847
        382.1699
        366.7248
        351.7256
        336.7151
        321.6880
        306.6489
        291.6178
        276.6101
        261.5869
        234.8697
        210.0054
        185.3471
        160.6303
        135.8511
        144.0984
        118.8991
         94.0072
         69.1063
         94.7682
         78.3030
         61.8431
         45.6112
         29.3278
         12.9972
          0.0000
          0.0000
          0.0000
          0.0000
          0.0000
          0.0000
          0.0000
          0.0000
          0.0000
          0.0000
          0.0000
          0.0000
          0.0000
          0.0000
          0.0000
          0.0000
          0.0000
          0.0000
          0.0000
          0.0000
          0.0000
          0.0000
          0.0000
          0.0000
          0.0000
          0.0000
          0.0000
          0.0000
          0.0000
          0.0000
          0.0000
          0.0000
          0.0000
          0.0000
          0.0000
          1.8598
         11.7096
         21.5824
         31.4469
         10.2495
         12.5784
         14.8905
         17.2659
         20.8458
         24.5768
         28.2918
         31.9953
         35.6821
         39.9954
         45.5410
         51.0332
         57.0420
         63.6945
         71.9217
         80.1843
         88.3874
         97.2265
         86.4857
         75.7582
         65.0337
         54.2988
         43.5558
         32.8042
         22.0460
         11.2776
          0.5008
          8.1133
         16.1659
         24.3373
         32.4950
         40.6846
         48.8711
         57.0482
         65.2099
         73.3617
         73.1830
         72.9999
         73.0742
         73.1470
         73.2176
        108.6938
        111.2430
        113.7872
        116.3291
        123.4021
        104.0790
        119.3822
        134.6812
        149.9726
        165.2588
        180.5364
        195.8094
        211.2354
        211.8238
        212.4037
        212.9721
        213.5271
        214.0704
        214.6331
        215.9315
        217.3082
        218.6734
        233.0190
        247.3448
        261.6527
        276.3635
        291.4168
        306.4506
        321.5139
        337.0148
        352.4946
        346.6512
        340.8018
        334.9501
        329.0945
        323.2345
        317.3711
        311.5037
        305.6737
        299.9364
        276.2941
        253.4555
        231.0266
        208.5864
        186.1325
        163.6700
        141.1964
        117.1577
        107.5367
         87.4035
         67.2327
         47.0200
         27.7509
          9.3695
          0.0000
          0.0000
          0.0000
          0.0000
          0.0000
          0.0000
          0.0000
          0.0000
          0.0000
          0.0000
          0.0000
         10.1404
         16.5307
         24.9437
         33.3489
         41.7448
         50.1325
          0.0000
          2.8040
         13.3009
         24.0366
         34.7638
          0.0000
         26.5056
         55.9568
         86.1127
        116.2427
        146.5296
        178.9151
        211.4193
        243.9025
        254.6927
        265.4850
        276.2479
        287.0427
        299.6200
        312.1650
        324.6779
        337.2306
        349.7640
        356.6524
        363.5266
        370.5953
        377.9145
        385.2216
        392.5127
        399.7896
        407.0528
        414.3013
        404.1803
        394.0552
        383.9272
        373.7928
        363.6543
        353.5111
        343.3654
        333.2136
        323.0572
        314.4621
        306.8695
        299.2497
        291.8755
        284.8987
        277.9685
        271.0180
        264.3879
        258.4911
        238.6793
        218.8424
        198.9760
        179.0843
        159.1625
        139.2154
        119.4496
        101.2491
         83.0190
         78.2025
         73.3816
         68.5558
         63.7347
         59.1474
         54.7281
         50.3028
         45.8730
         41.4381
         35.2637
         29.0805
         22.8886
         17.1391
        106.6549
        108.7011
        110.7464
        112.7875
        114.8255
        113.5013
        114.6168
         74.8418
         83.0275
         67.5541
         82.7222
         97.8772
        113.0150
        128.1394
        135.5230
        142.8930
        150.2459
        157.9503
        165.6939
        173.4214
        181.1403
        188.9879
        197.0737
        198.1252
        199.1652
        200.1932
        201.2094
        202.2156
        203.2081
        204.1885
        205.1572
        206.1137
        201.7614
        197.4057
        193.0510
        188.8056
        184.6072
        180.4181
        176.2341
        172.0460
        167.8590
