          0.0000
          0.0000
          0.0000
          0.0000
          0.0000
          0.0000
        -10.0964
         -2.1833
          0.0000
          0.0000
          0.0000
          0.0000
          0.0000
          0.0000
         -5.2718
          0.0000
          0.0000
          0.0000
          4.1455
         17.3618
         13.3790
         -2.7264
         -1.5196
          0.0000
          5.3876
          3.5472
          0.0000
          1.1813
          8.9371
          1.2687
         -4.1011
          0.0000
         11.9227
         16.6987
         10.1198
         23.3365
         20.5683
         25.1646
        105.5081
          0.0000
          0.0000
          0.1782
          5.6791
         25.2514
         -7.6258
        -10.4423
         34.8341
          0.0000
          0.0000
         11.1985
          6.8541
         15.9819
         35.3991
        103.8186
        142.8971
         35.3425
          3.9106
          4.6902
          0.0000
          3.0672
         37.9807
         40.4910
        101.0732
        107.8618
         50.2488
         30.5586
         17.8723
          0.0000
          0.0000
         -0.8369
         16.9965
         39.1871
        -10.3081
        -19.8898
          6.6213
         64.4960
         32.2134
         -6.9915
         58.6967
        114.9587
        127.1149
        127.1580
         84.1620
         16.2340
          0.0000
          0.0000
          0.0000
          0.0000
          0.0000
          0.0000
          0.0000
          0.0000
          2.1649
         10.6817
         98.2007
        100.8582
         37.9313
         95.6066
        150.0833
        143.5484
         64.1866
         -0.2664
         -0.4944
          0.0000
          0.0000
          0.0000
          0.0000
          0.0000
          0.0000
          0.0000
         48.3908
         48.7076
         52.0998
          3.2404
         -2.3371
         -9.2099
         -5.8891
         -3.0583
         61.0292
         54.2611
         11.2843
          0.0000
          0.0000
          4.6596
          4.7533
          1.4522
          0.0000
          0.0000
          0.0000
          5.2617
          3.1875
         -5.2299
          0.1095
         99.6781
         67.2768
         -0.1243
         -7.7461
        -16.6700
         -3.2635
          4.2610
          3.6415
        188.1340
          7.9226
          0.0000
          0.0000
         31.4900
          9.5376
         14.5647
         38.7242
        128.7248
         10.5245
         -0.3628
         16.9573
         61.3840
         62.3930
          3.5892
          2.9782
          0.0000
          0.0000
          0.0000
         11.8214
         34.9404
          3.4530
          0.0000
          0.0000
          0.0000
         -1.3343
          0.0000
          0.0000
          0.0000
          0.0000
          2.4277
          9.0936
          4.6713
          3.9496
         -1.3135
          3.7135
          0.0000
          1.5879
         14.7508
         11.8366
          0.8553
          0.0000
          0.0000
          0.0000
          0.0000
          9.6807
         20.3122
          5.4904
         -4.3412
          0.0000
          1.2908
         17.2062
         16.0711
         28.7835
         12.3234
         12.4635
         -4.4394
         69.0188
         61.0086
         82.3409
        109.6751
         88.9749
         80.0141
        -31.0238
        -22.3612
         30.5589
         98.9091
         28.8917
          4.6871
          7.4883
         -5.9807
         -5.8330
        -15.4853
        136.0257
        145.5880
         23.5279
         20.6390
         38.8719
         35.0817
         24.0272
         -2.1192
         76.7895
        106.3297
         18.3704
         36.5001
         10.2751
         -0.0943
          3.0745
          0.0000
         -0.3268
          0.0000
          0.0000
          0.0000
          0.0000
          0.0000
          0.0000
          0.0000
          0.0000
          0.0000
          0.0000
          0.0000
          8.5970
          5.6859
         12.4895
         27.1160
        102.1663
         53.5163
        -19.7321
         -9.2566
         -9.7007
         -2.7079
          5.2641
          3.9731
         72.3665
          0.0000
          0.0000
          0.0000
          0.0000
         10.6210
         56.8538
         -3.4375
         -4.1558
         -0.1956
          0.0000
          2.1629
          4.9261
          5.7581
          8.2780
          2.6152
          2.7429
         68.9774
        136.9451
        102.5225
         52.9867
         14.0945
          4.8405
         -6.4690
          4.7337
        121.3181
         18.5494
         -7.9334
        -14.8761
         -5.1931
        -23.1844
        -14.9719
          0.0000
        210.6322
         20.3395
         49.4444
         27.6958
          0.0000
          1.3591
          0.0000
         76.0278
         38.1720
          7.4319
         -4.3851
         10.4877
          7.4055
         -1.4058
        213.9628
        248.8982
        127.7988
          0.0000
          0.0000
          6.8717
          9.7904
         10.7688
         11.7168
         10.6999
         14.2149
          0.0000
          5.9852
          2.9580
          3.1282
          8.0064
          2.4421
         -1.3870
          0.5372
         20.4016
         27.7702
         34.4003
         45.0191
         42.1262
         31.4907
        133.0148
        101.6221
         54.8792
         16.4810
          9.7386
        140.8288
        182.9752
         75.3616
         -3.0708
          0.0000
          0.0000
         12.2857
         22.8584
        101.8183
         95.1382
          0.8955
         19.3275
         21.2161
         35.7451
          7.3111
         -9.0671
         -6.4913
        -27.5024
        -39.4451
          5.9215
         27.3756
         -6.2100
         27.7167
        109.7976
        102.0214
         26.9932
         55.0050
         -3.4575
         48.9348
         50.6662
         36.4303
         17.6165
         16.0615
         15.9659
         28.4046
        151.1324
         85.0997
        -12.2420
        -15.6498
          4.6732
         -0.0212
          0.6077
         -0.6488
         64.6380
         87.8083
         44.7238
         -2.8555
          8.2587
          4.3184
         -3.3673
        -11.8093
        115.7482
        166.9926
         23.4051
        -15.2704
          0.0000
         11.2937
         34.0210
          5.4695
         64.8588
         54.8968
          0.0000
          0.0000
          0.0000
         10.1027
          0.0000
          0.0000
          4.8554
          5.9200
         10.8775
         -5.4777
          1.1119
         22.2234
         28.3046
          7.0125
          0.0000
          0.0000
         21.5058
         31.5039
         99.5247
        188.3798
        101.3553
          0.0000
          0.0000
          0.0000
          0.0000
          0.0000
          1.6491
         21.8373
         19.5774
         86.4379
         50.7932
         -5.0763
          0.0000
          1.2166
         11.2110
         25.2664
         29.1553
        122.7897
          0.0000
          0.0000
          0.0000
          3.5863
         14.1760
         15.2318
         23.5542
        105.6811
          0.0000
          2.4407
         -2.9855
         -0.1620
        -13.7028
         -7.3682
          7.3756
         -0.6784
        175.6076
         18.8780
          6.9680
         16.5550
         68.0034
         54.8410
        100.1314
        216.0735
        131.4949
         49.5704
          0.0000
          0.0000
          0.0000
          0.0000
          0.0000
          0.0000
         31.8128
         29.7039
          7.7423
          0.0000
         -1.8347
          1.7009
          9.7475
         -2.4172
         48.5733
         68.6651
          0.0000
          0.0000
         19.3624
         58.0914
         16.9456
         12.9064
         77.0948
         70.2966
        206.2766
        231.9220
        192.3316
        110.3471
         70.3227
          1.1340
          0.0000
          0.0000
          0.0000
          0.0000
          0.0000
          0.0000
          0.0000
          0.0000
         32.6936
         33.8360
         20.4457
         18.0899
         12.7087
          8.9838
         54.3376
         69.7634
         41.5823
         68.2907
          6.8733
         18.2014
         49.2763
         90.9473
         -6.5892
          0.0000
         95.3440
         64.6331
          0.0000
          0.0000
          0.0000
          0.4835
         -0.1379
          2.0172
         -2.5744
         12.6563
          0.0000
          0.0000
          0.0000
          2.7830
          9.8368
          2.4741
         94.6012
        167.5336
        192.5412
        192.0322
        160.1002
        197.4400
        199.0461
         29.2074
          0.0000
          0.0000
          0.0000
          0.0000
          0.0000
          0.0000
          0.0000
          0.0000
         -3.1935
         -2.2889
         -1.6448
          0.0000
          0.0000
          0.0000
          3.2943
          0.0000
         15.9615
         61.0809
          7.8289
        -33.8610
        -14.7052
          4.8511
         -2.2138
        119.6135
        220.7939
        141.9704
        150.1444
        165.6042
        175.6055
        176.2267
        131.1284
         68.5852
          0.0000
          0.0000
          0.0000
          0.0000
          0.0000
          0.0000
          0.0000
          9.7863
         78.3706
         45.8890
        -14.2808
        -24.4486
          0.0000
          9.3119
         26.2178
        102.8998
         95.8524
         17.5771
         -8.8140
         -6.1182
          0.0000
          0.0000
          0.0000
          0.0000
          0.0000
          0.0000
          0.0000
          0.0000
          0.0000
          0.0000
          0.0000
          0.0000
         -1.7094
         -0.1210
          0.0000
          0.0000
          0.0000
          0.0000
         -5.1606
          0.0000
          0.0000
          0.0000
          0.0000
         36.1828
          5.0557
         20.3634
         -2.7862
          0.0000
          0.0000
          0.0000
          0.0000
         44.3010
         55.6401
        129.7576
        148.2895
        127.0409
          0.0000
          0.0000
          7.1114
         16.1561
         28.8136
        136.5656
        139.8492
          3.4852
          0.0000
          0.0000
          0.0000
         18.6972
         21.8345
        137.4280
        125.9977
          0.0000
          0.0000
          1.9124
         16.7866
         30.6781
         22.4194
         27.9910
         -9.8865
         59.4646
         36.6478
         36.3838
         35.5902
         17.6058
         30.7311
         82.8948
         34.2118
         -0.5599
         31.0839
        113.8903
         43.2681
         11.4180
         10.4060
         43.8799
        110.9361
         65.3543
         36.8987
          5.9477
          0.0000
          0.0000
          0.0000
          0.0000
          0.0000
          0.0000
          2.7154
          0.0000
          0.0000
          0.0000
          0.0000
          1.4786
         11.5416
          7.6068
         56.4536
         74.3102
         29.6371
         35.0321
         26.8869
         48.0004
        121.0980
        112.0839
          9.1354
        110.8048
        111.1736
        159.3522
         59.3333
          0.0000
          0.0000
          0.0000
          0.0000
          0.0000
          0.0000
          0.0000
          0.0000
          0.0000
          0.0000
          0.0000
         41.2462
         30.6512
        -13.4034
        -17.8803
        -20.6832
        -14.0315
         -6.3251
        -23.6227
        -15.4442
        -20.7027
        -24.3987
         60.5255
        117.4611
          8.1289
          0.0000
         27.9051
         56.9401
         -0.5691
         20.5380
         15.9193
         24.3238
         67.5662
        126.0717
        262.4178
         85.6312
          0.0000
          0.0000
          0.0000
          0.0000
          0.0000
          0.0000
          0.0000
        128.4030
        106.2137
          0.0000
          0.0000
          0.0000
          0.0000
          0.0000
          0.0000
         -3.7850
        -10.5510
         -4.0837
        -11.0429
        -23.0887
        -21.5300
         -7.3192
         -7.3712
         68.4687
         14.3975
        -12.5580
        -24.5205
         -7.6496
         -9.7901
          0.9522
         -5.1014
         62.1318
         90.7299
         57.4317
        -30.8453
        -25.0224
        -11.4349
          5.9481
          1.5914
         18.2484
          8.7223
          1.3141
         -3.1571
          3.8073
         22.7873
          1.3193
         -1.8060
          0.0000
          3.4917
         21.1414
         56.0754
         -0.6487
        -11.7002
         10.0109
          4.5091
          3.6308
          8.0693
         11.7933
          1.9565
          0.5275
         27.0587
         32.2795
         78.6294
         14.2317
         10.7108
         28.4323
         93.5583
         44.1628
          0.0000
          5.6710
         12.3406
         54.3297
          1.0400
          1.7514
          0.0000
          0.0000
          0.0000
          0.0000
          0.0000
         -3.7443
         -0.7724
          9.4920
         10.0438
          3.1731
         -1.6591
          5.9132
          5.4626
         39.0015
         43.2196
         24.6830
        141.2578
        174.3523
         62.1296
        -10.6980
          0.0000
         23.3472
         17.5767
          5.1874
         -6.2498
        144.5529
        121.5387
         33.4069
        101.9838
        240.9449
        155.5428
          4.0206
          0.0000
          0.0000
          0.0000
          0.0000
         -0.2965
         -5.7954
         -3.2761
         11.5119
         21.8186
         11.7528
          5.0547
          1.2729
          0.0000
          8.8391
          0.0000
          3.0103
         17.7198
         18.1637
          5.8211
         49.5479
        180.1675
        140.2147
          0.0000
          0.0000
          0.0000
          0.0000
          0.0000
          0.0000
          0.0000
          0.0000
          0.0000
          0.0000
          1.1786
         15.8108
         19.7775
         49.6686
         -4.9072
         50.8860
         32.8981
         -8.8202
         -6.0081
          5.3059
         -2.1523
         -1.9843
         54.1487
          0.0000
          0.0000
          0.0000
         81.6990
        116.6217
        104.9148
         18.1634
          0.0000
         57.9859
          0.0000
          0.0000
          0.0000
          0.0000
          0.0000
         12.0708
         30.4803
         66.3637
         21.1615
         33.9430
         72.9613
         30.3353
          1.5985
         10.8847
         55.7669
        169.5562
         45.8501
         -6.0452
          0.0000
          0.0000
          0.0000
         18.5937
          4.3031
         45.0350
         26.3286
          7.0614
         51.5920
         65.1075
         22.2310
         14.2639
         25.2134
        162.6325
        157.1995
         21.7789
         30.7946
          8.4227
          5.9993
          1.7380
         17.7210
         70.8746
         58.6014
         -2.8779
         -8.3043
         -1.4458
         -3.4546
        -22.2241
         79.2257
        136.6401
          0.0900
          0.0000
          0.0000
          0.0000
          0.0000
          4.3408
          0.0000
         28.1918
          0.0000
          2.3966
          0.0000
          0.0000
          0.0000
          1.4317
          0.0000
          2.6886
          0.0000
          0.4905
          7.3786
         16.9642
         32.9080
         24.0732
         10.2210
         29.0163
        100.8534
         89.6479
         41.2206
         49.9360
         84.0572
         73.5135
         42.8323
          4.9294
         -3.6685
          1.0408
          7.8522
          4.5854
         -4.7227
          0.9030
         -5.5288
         -8.5505
         -1.7240
          8.7637
         16.4137
         16.9267
         10.5687
         -0.8070
          0.0000
          0.0000
         54.2553
         16.3957
         42.9264
        159.7274
        170.2268
        137.8842
        166.4586
         86.6710
         13.9568
        -10.2152
          0.0000
          0.0000
          0.0000
          0.0000
          0.8378
         33.0833
         42.4633
         78.2803
         55.8241
          5.7864
          0.0000
          0.0000
          0.0000
          0.0000
          0.0000
          0.0000
          0.0000
          0.0000
          0.0000
          0.0000
          0.1943
         -2.8700
          3.1873
         17.3941
          6.5960
          0.7269
         -7.8117
        -21.2999
         -1.5443
         34.8073
         21.2010
         19.9326
         28.2716
         49.9509
         96.3692
        161.6069
        233.8419
        180.9502
        105.1858
          0.0000
          0.0000
          0.0000
          0.0000
          4.8351
          4.2662
         20.4480
         39.3468
         24.7088
         27.5778
         38.4468
         71.2117
         68.2472
         68.5442
        147.8091
         98.0748
          0.0000
          0.0000
          0.0000
          0.0000
          0.0000
          0.0000
         13.3261
         17.4442
          9.1094
        -17.9162
         -5.4844
          0.0264
          4.1583
         22.8522
         71.9754
         66.2495
         28.2635
        -16.9214
        -17.8482
         -8.8482
        -11.0517
          0.0000
          0.0000
          0.0000
          0.0000
          0.0000
          0.0000
          6.8293
         -1.2931
          0.0000
          0.0000
          9.8837
         17.4019
         33.9900
         39.1845
         17.9184
         -7.4928
        172.4338
        146.2044
          0.0000
          0.0000
          0.0000
          5.3518
          3.8897
          4.6441
          0.0000
         22.6168
         19.8324
          0.0000
          0.0000
          0.0000
          0.0000
          0.0000
          0.0000
         -2.6621
          0.0000
          0.0000
          0.0000
         10.0669
         14.1673
         32.7065
         50.4837
         32.0082
          9.9160
          4.2641
         -2.7199
          1.4702
         -2.4884
          0.0000
          0.0000
          2.6373
          0.0000
          0.0000
         10.0669
         12.6084
          2.9385
          3.6751
         -1.0709
        116.6442
         87.5928
         -6.1264
        -23.9418
        -10.5671
         -0.4194
          8.6872
          4.0984
         64.5781
         34.4500
         10.7755
        -13.6689
        -20.7263
        -16.1145
         -4.0624
          0.0000
          0.0000
          0.0000
          0.0000
          0.0000
          0.0000
        100.6196
         67.0958
         70.4879
        131.9155
         23.4705
         -6.3907
         -8.7797
          2.7860
          0.0000
          2.4440
          0.0000
          0.0000
          1.7583
          3.2786
          7.4190
         30.6431
         35.1121
         16.5085
         22.9790
         43.9327
        137.3792
         48.8754
         28.7367
         34.2934
         21.5721
         -0.0290
         -0.1668
          0.0000
          0.0000
          0.0000
          0.0000
          0.0000
          0.0000
          9.3158
          7.2535
          8.3888
          8.7457
         25.4378
         30.4707
         28.5562
         18.0866
         26.7184
         35.8292
        103.9941
         21.1875
         11.8182
         10.7268
          8.5027
          4.4752
         54.4588
        110.7494
         -4.2544
          0.0000
          0.0000
          0.0000
          0.0000
          0.0000
          9.9554
          4.4249
         13.8510
         33.4367
         -4.7738
          0.9089
        -11.8307
         -6.1067
         -1.3915
         -2.8336
         -3.9061
          0.0000
          0.0000
         11.6316
         10.9210
          0.9131
          2.9776
          0.0000
          0.0000
          0.0000
          0.2643
          3.7039
          2.4457
          0.0000
          2.9825
          0.0000
          0.0000
          0.0000
         24.2890
         54.0242
         46.0326
         14.3960
          7.7050
         -4.0168
          0.0000
          0.0000
          0.0000
         18.2345
         23.8026
         19.7620
          0.7517
         -5.1470
          0.0000
          0.0000
          0.0000
          0.0000
          0.0000
         23.4956
         -0.0335
         26.9083
        101.3382
         71.3312
          0.0000
         14.1036
          5.5299
         -5.9736
          2.7083
          0.0000
          0.0000
          0.0000
          0.0000
          0.0000
          0.0000
          0.0000
          0.0000
          0.0000
          0.0000
          0.0000
          0.0000
          0.0000
          0.0000
          0.0000
          0.0000
          0.0000
          0.0000
         12.3272
         12.8585
          9.1278
          3.0357
          0.0000
          0.0000
          0.0000
          0.0000
          0.0000
          4.3073
         43.2396
         21.8130
          6.6365
         74.5307
         82.7668
        181.9281
        212.9438
          0.0000
          0.0000
          0.0000
          0.0000
          0.0000
          0.0000
          0.0000
          0.0000
          0.0000
          0.0000
          0.0000
          0.0000
          0.0000
          0.0000
          0.0000
          0.0000
          0.0000
          0.0000
          0.0000
          0.0000
          0.0000
          0.0000
          0.0000
          0.0000
          0.0000
          0.0000
          0.0000
          0.0000
          0.0000
         -0.0184
          0.6145
         -1.9491
          0.0893
         17.0168
         10.8478
         -1.9175
          0.0000
         30.1875
         22.8521
          0.0000
          0.0000
          0.0000
          0.0000
          4.1365
         10.8062
          7.6406
          7.7473
         43.1449
         16.3128
          4.8678
         42.3551
          7.8321
          0.0000
         -2.7487
        184.7623
         80.4870
         12.7075
          4.9759
          0.0000
         22.8171
        111.0126
        190.6545
         42.5343
          0.0000
          0.0000
          0.0000
          8.0249
          7.5664
          9.1799
          6.3655
         30.5047
         64.3264
        153.8486
         82.2592
          6.5121
         -2.9065
          0.0000
         -4.9930
         -1.4961
         33.8589
         30.5962
          6.6104
          9.6527
         -5.6710
         -2.0571
          0.0000
          0.0000
          8.2935
          5.1474
          4.1836
         23.5415
         -1.0900
         -0.2074
          0.0000
          0.0000
          0.0000
          0.5665
          2.3309
          2.1929
          0.0752
          3.0795
          7.1765
         14.1161
          0.1241
          0.8949
         23.5015
          7.4380
          6.7206
         13.3273
         18.2689
          0.0000
          0.0000
         13.3639
         12.6947
          6.7290
         17.4094
         70.4553
         64.8247
         82.8510
          0.0000
          1.2639
          6.1817
          0.0000
          2.4669
          6.8422
          5.4593
          8.3503
         13.8463
         22.8466
         36.9407
         16.1451
         13.1150
          5.1920
        -18.9275
          7.3076
        111.1333
          8.8761
         52.2059
         31.4019
         63.2106
         75.1174
         48.5069
         -7.3600
         -1.1425
          4.7609
          0.0000
         27.7057
         69.1939
          9.8677
          2.2811
          7.0959
          0.1491
          2.8951
          1.1714
          2.6971
          1.3614
          6.8798
          9.5535
         -2.5031
          0.0000
          0.0000
          0.0000
          0.0000
          3.0924
          8.0340
          0.0000
          0.0000
         11.4538
         19.3643
         15.4255
         43.9873
        135.8563
         95.8021
         -5.3140
          8.5701
          0.0000
         13.6615
         27.5544
         19.7776
          6.9226
          1.1367
          4.1006
         13.1827
         -5.2769
          0.0000
          0.0000
          0.0000
          0.0000
          0.0000
          0.0000
          0.0000
          0.0000
          0.0000
          0.0000
          1.8277
          5.9913
          3.9913
          0.0000
          0.0000
          0.0000
          0.0000
         11.6278
          2.9549
         -1.6489
          5.4339
          0.0000
          0.0000
          1.9866
          6.4577
          6.1839
          3.7172
          6.9900
          5.0246
         -5.8672
         -4.8189
         -2.4036
         -1.5273
         12.8686
          8.8937
         16.5201
         31.9929
         62.2587
         66.5104
          1.6395
          0.0000
         15.1246
         17.0040
         33.2940
         43.8120
         34.3846
         -2.1480
          0.0000
          0.0000
         25.5121
         14.8671
         -4.1896
          0.7394
         67.3175
         80.8424
          1.1999
         20.8798
         27.1941
         30.6156
         34.3501
         11.2576
          9.1512
         95.3960
          0.4194
          0.3716
         10.4230
          4.5855
         -0.9658
         11.5570
          0.0000
          0.0000
         66.2708
          8.9693
          0.0000
          7.7134
          2.1852
         -5.3579
        -10.1338
         -9.5771
          8.0186
         10.1363
         31.0181
         18.9123
          1.9592
         24.9346
          0.0000
          0.0000
          0.0000
          0.0000
         32.5462
         13.4835
          2.9292
         -0.8554
          0.0000
          0.0000
          0.0000
          0.0000
         16.7148
         12.5763
          8.9662
          4.7248
          0.0000
          0.0000
          0.0000
         10.7830
         25.9510
         11.2090
         -2.3914
          0.0019
         -0.4638
         -1.6786
          0.0000
          1.7129
          0.7995
         16.9170
          5.3880
          0.0000
          0.0000
          0.0000
          0.0000
          0.0000
         18.7908
         11.9997
          7.3708
          6.4115
          0.0000
          0.0000
          0.0000
          9.8523
         21.2360
         26.1164
         29.8674
         19.3007
         -4.7665
         -0.3749
          0.0000
         18.0051
         86.9630
         19.4865
          1.7838
          4.1866
          0.0000
          0.5114
          0.0000
          0.0000
          0.0000
          0.0000
          0.0000
          0.0000
          0.0000
          2.8916
          0.0000
          0.0000
          0.0000
          0.0000
          0.0000
          4.6718
          3.0479
          0.0000
          0.0000
         21.9797
         29.8533
         12.9513
         18.2876
         11.5740
         -1.7861
          0.0000
          0.0000
          0.0000
          0.0000
          0.0000
          3.8385
         12.9224
          0.0000
          0.0000
          0.0000
          0.0000
          0.0000
         10.5427
          2.8693
          6.6410
         21.7604
         20.1153
          3.1025
          4.3727
          0.0000
          0.0000
          2.4319
          0.0000
         42.7298
         12.0175
          0.0000
          0.0000
          0.0000
          0.0000
          0.0000
         10.1858
          0.8850
         45.4834
          0.0000
          0.0000
          0.0000
          0.0000
          0.0000
          0.0000
          0.0000
         -9.2982
          2.0073
          8.3256
         13.9309
         14.0672
         -2.7091
          3.7278
         28.2509
         65.3515
         16.1417
          0.9920
          0.0000
          2.6560
          0.0000
          0.0000
          0.0000
          0.0000
          0.0000
          0.0000
          0.0000
          0.0000
          0.0000
          0.0000
          0.0000
          0.0000
          0.0000
          0.0000
          0.0000
          0.0000
          0.0000
          0.0000
          1.3151
          3.8345
          0.0000
          9.7692
         19.6116
         10.6963
          4.5668
         15.7612
         10.1153
         48.8679
         40.4165
          0.0000
         22.2334
         16.9145
         -1.6214
        -17.8584
          0.0000
          0.0000
         41.3994
         45.4103
         37.6094
         35.3887
         42.1444
         46.2212
        -13.3082
         -0.6940
         -0.0678
         19.3611
         21.2210
         21.6478
         10.2186
         -6.0165
         65.3262
         50.9321
          0.0000
          0.0000
         10.0303
         10.8035
          6.2676
         -5.7800
         -4.3503
          0.0000
         20.9430
          0.0000
          0.0000
          3.2623
          2.6361
         14.5480
         16.0853
         36.2503
         17.2402
          7.3575
          6.3604
         10.9342
         -4.4669
         19.5485
         57.2451
        135.3654
         61.8080
          3.1066
          1.9728
          4.4288
         -0.7047
        -12.2710
         -2.6257
         19.2843
          0.0000
          0.0000
          0.0000
          0.0000
          0.0000
          0.0000
          0.0000
          0.0000
          0.0000
          0.0000
          0.0000
          0.0000
         15.0030
          3.1592
         -6.0037
          0.0000
          0.0000
          5.8038
         13.9698
          8.4089
          1.2573
        -12.9534
        -20.7947
         -5.2476
          0.0000
          0.0000
          0.0000
          0.7455
          6.8669
          8.0939
          7.9987
         68.7517
          2.4388
         30.2294
         74.1289
         16.5591
         10.2217
        174.8199
        147.1896
         -8.2128
          0.0000
          0.0000
          0.0000
          0.0000
          0.0000
          0.0000
          0.7136
         -8.6798
         -7.0039
          0.0000
          0.0000
          0.0000
          0.0000
          0.0000
          0.0000
        -13.6583
          0.0000
          0.0000
          0.0000
          0.0000
          0.0000
          0.0000
          0.0000
          0.0000
          0.0000
          0.0000
          0.0000
          0.0000
          0.0000
          0.0000
          0.0000
          0.0000
          0.0000
          0.0000
          0.0000
          0.0000
          0.0000
          0.0000
          0.0000
        -17.0000
         -1.6664
          0.0000
          0.0000
          0.0000
          0.0000
          0.0000
          0.0000
          0.0000
         23.0795
         25.2370
         28.3108
         10.3832
          0.0000
          0.0000
          0.0000
          0.0000
          0.0000
          0.0000
          0.0000
          0.0000
          0.0000
          2.2858
          0.0000
          0.0000
          0.0000
          0.0000
          0.0000
          0.0000
          0.0000
          0.0000
          0.0000
          0.0000
          0.0000
          0.0000
          0.0000
          0.0000
          0.0000
         20.5988
          8.1780
         -4.9529
          0.0000
          0.0000
         10.3429
          4.1735
          0.0000
         -1.8632
          0.0000
          0.0000
         75.5181
         22.3326
         23.0490
         12.2358
          7.3539
          3.0729
        -16.7050
         -9.5464
          0.0000
          1.1562
          4.7592
         -0.1486
          1.0033
          3.4001
          6.0145
         -3.3307
          0.0000
          2.5163
          4.7274
          2.5239
          8.3550
          7.8445
         -0.8997
          0.0000
          0.0000
          0.0000
          0.0000
          0.0000
         24.9859
         96.3825
          0.0000
          0.0000
          0.0000
          0.0000
          0.0000
          0.0000
          0.0000
          0.0000
          0.0000
          2.8953
         59.6679
         -8.3817
         -0.5593
          0.0000
          0.0000
          0.0000
          0.0000
          0.0000
          0.0000
          0.0000
          0.0000
          0.0000
          0.0000
          0.1756
          0.0000
          0.0000
          0.0000
          0.0000
          0.0000
         -2.3168
          0.0000
          0.0000
          0.0000
          0.0000
          0.0000
          0.0000
          0.0000
          0.0000
          0.0000
          0.0000
          0.0000
          0.0000
          0.0000
          0.0000
          0.0000
          0.0000
          0.0000
          0.0000
          0.0000
         24.6437
         11.9784
         33.3362
         54.9527
          0.1246
         -5.0820
         18.0567
         -1.0343
        129.7549
         60.8291
          6.4508
          7.1653
          8.7949
          6.5388
          0.9829
          0.0000
        211.8528
        134.9381
          0.0000
          0.0000
         12.4511
          3.4396
         -0.0235
         -0.0697
          0.0000
          0.0000
          3.5490
         24.8853
         19.2999
          0.0000
          1.9982
          0.4992
          0.0000
          0.0000
          0.0000
          0.0000
          0.0000
          2.4359
          6.8114
          0.0000
          0.0000
          0.0000
          4.9362
          8.8562
         11.2798
          8.9090
         -7.8667
         50.9758
         36.7656
          0.0000
          0.0000
          0.0000
          2.8282
          6.9062
         12.8192
         -0.5035
         -0.5005
          0.0000
          0.0000
          0.0000
          3.9753
          1.2316
          0.0000
          0.0000
          0.0000
          0.0000
          0.0000
          0.0000
          0.0000
          0.0000
          0.0000
          0.0000
          0.0000
          0.0000
          0.0000
          0.0000
          0.0000
          0.0000
          8.2354
          0.0000
          0.0000
          0.0000
          0.0000
          0.6208
          6.4610
          4.7796
          3.3294
         38.6637
         80.1010
          0.0000
          0.0000
          6.9275
         33.7532
         77.6157
          1.1797
         -9.2098
         19.6293
         14.4074
          0.0000
          0.0000
          0.0000
          0.0000
         20.7064
         15.6091
        -12.0435
         -0.3346
          0.0000
          0.0000
          0.0000
          0.4396
          1.2418
          0.0000
          0.0000
          0.0000
          0.0000
          0.0000
          0.0000
          0.0000
          0.0000
          0.0000
          0.0000
          0.0000
          0.0000
          2.5656
          0.6527
         -1.2877
          3.3968
          0.0000
          0.0000
          0.0000
          2.1534
          3.1885
          7.4853
          9.9774
          4.1663
          0.0000
          0.0000
          0.0000
          0.0000
          0.0000
         11.4826
         16.6301
         18.9378
          0.0000
          0.0000
          0.0000
          0.0000
          0.0000
          0.0000
          0.0000
          6.7826
          0.0000
         52.7687
         18.2187
          9.1600
          0.0000
          0.0000
          0.0000
          0.0000
          0.0000
          0.0000
          0.0000
          0.0000
          0.0000
          1.5902
          0.0000
          0.0000
          0.0000
          0.0000
          0.0000
          0.0000
          1.5291
          0.0726
         -0.3353
          0.0000
          0.0000
          0.0000
          0.0000
          0.0000
          0.0000
          0.0000
          0.0000
          0.1969
          0.0000
          0.0000
          0.0000
          0.0000
          0.0000
          0.0000
          0.0000
          0.0000
          0.0000
          0.0000
          4.1247
          0.0000
         19.7301
          1.7023
         -0.8740
          0.0000
          0.0000
          0.0000
         -3.4284
         16.0372
         37.0733
         17.6313
         49.4374
         41.3699
         14.9356
          0.0000
          0.0000
          0.0000
          0.0000
          0.0000
          7.4243
          2.7363
          0.0000
         29.0137
         54.7045
          0.0000
         31.4168
         78.5992
         40.1416
         75.1784
         79.3209
          0.0000
          0.0000
          0.0000
          0.0000
          0.0000
          0.0000
          0.0000
          0.0000
          0.0000
          0.0000
          0.0000
          0.0000
          0.0000
          7.4105
         12.3952
         22.2191
        130.7187
          0.0000
          0.0000
         22.1801
         35.8231
         10.4891
         -9.9208
         -3.0024
         -4.8577
         -0.2669
          0.6905
          1.6133
          0.0000
          0.3369
         -0.4764
          0.0000
          0.0000
          0.0000
          5.0228
         18.6650
          6.8780
         -1.4015
          6.1244
          0.0000
          0.0000
          0.0000
          0.0000
          0.0000
          0.0000
          4.6589
        204.8103
          0.5800
          0.0000
          0.0000
          0.0000
         13.2294
         11.9387
          0.0000
         -8.8689
          0.0000
          0.0000
          0.0000
          4.7724
         98.6031
        200.2068
        116.0313
         12.3573
         15.0725
         16.6283
         -2.1950
          0.0000
          0.0000
         12.9948
        187.2444
        190.8446
        224.4004
          0.2906
          0.0000
          0.0000
          0.0000
          0.0000
          0.0000
          0.0000
          0.0000
         84.0502
          0.0000
          0.0000
         19.4110
          0.0000
        169.3051
          0.0000
          0.0000
          0.0000
          0.0000
          0.0000
          0.0000
         10.7346
          5.8674
         -2.9716
         75.5451
          0.0000
          0.0000
          0.0000
          0.0000
          0.0000
          0.0000
          4.8985
          8.0448
         14.9653
          0.0000
          0.0000
         33.6767
         22.2958
          6.2701
         33.2057
        102.5440
          0.0000
          0.0000
          1.6808
         12.3845
          2.8632
         -0.2862
          0.8031
         -0.4177
          0.0000
          0.0000
          7.6578
          8.1269
          5.9963
         11.0027
         20.9951
          3.8636
          0.0000
          0.0000
          0.0000
         44.3294
         28.5445
          4.8373
         15.3811
         24.9327
        215.5440
         66.6326
          1.7575
          6.2693
         -5.0243
         -8.3049
          3.9957
         -7.8851
         68.4368
         19.1423
          1.8381
          6.7353
          5.2146
          4.1186
         11.7260
         56.5413
         48.2677
          0.0000
          0.0000
          0.0000
          0.0000
          0.0000
          7.9380
          5.1441
         93.8672
         62.5275
          3.7446
          0.0000
          0.0000
         14.6126
          9.5493
         17.9107
        140.9787
         71.2396
         11.2365
          0.0000
          0.0000
          0.0000
          0.0000
          0.0000
         -7.9185
          0.0000
          0.0000
          0.0000
          0.0000
          0.0000
          0.0227
          0.0000
          0.0000
          0.0000
          0.0000
          0.0000
          0.0000
          0.0000
          7.4168
         20.6233
         14.6071
        -23.4241
         -2.6700
         -0.7659
          0.0000
          0.0000
          0.0000
          8.3133
         12.1719
         -5.3463
          8.9892
         19.2821
         10.2405
         -4.5996
         -3.1051
        -33.5450
        -15.9414
         -6.7927
          0.0000
          0.0000
          0.0000
          0.0000
          0.0000
          0.0000
          0.6862
          0.0000
          0.0000
          0.0000
          0.0000
          0.0000
          0.0000
          0.0000
        -13.5892
         -7.1532
          1.9498
          0.0000
          0.0000
          0.0000
          2.3778
          0.0000
         -0.2806
          0.0000
          0.0000
          0.0000
          0.0000
          0.0000
          2.7562
          0.0000
          0.0000
          0.0000
          0.0000
         24.3889
         15.3886
         13.8295
         -3.7014
         50.5125
        199.7074
         85.3143
         24.8717
          8.8128
          0.0000
          5.7334
          5.3544
          7.4195
        134.5841
          0.0000
          0.0000
         12.0248
         -0.2424
         -4.5450
         10.7763
         -4.5482
          1.7131
         17.2313
         10.5871
          0.0000
          0.0000
          0.0000
          0.0000
          9.7572
         -2.5315
         -4.0222
          0.0000
          0.0000
          0.0000
          0.0000
          0.0000
          0.0000
        -11.6810
         -3.5655
          1.0517
         29.6922
          9.6021
         -9.4173
        253.0425
        287.8881
        307.7282
          0.0000
          0.0000
          0.0000
          0.0000
          0.0000
          0.0000
         28.7893
          3.9998
        -24.5704
         10.6118
          1.7428
          0.0000
          0.0000
         11.0730
         15.0956
          7.3871
          1.1735
         -1.0174
          0.0000
          0.0000
          0.0828
        -12.5803
         50.9265
        154.3901
         17.8906
        -22.3142
         59.9001
         97.6291
         25.7510
        146.1586
        225.3652
        168.5106
          0.0000
          0.0000
          0.0000
          2.3643
          0.0000
          0.0000
        -18.7496
        -17.2254
        -30.2065
         -2.0230
         15.8623
         -2.8494
         28.7684
        102.1002
        188.8652
        154.1489
          0.0000
          0.0000
          0.0000
          0.0000
          0.0000
          0.0000
          0.0000
          0.0000
          0.0000
          0.0000
          0.0000
          0.0000
         10.1597
        -10.2134
         -1.4450
         13.8006
        132.8506
         66.8097
         22.4070
          0.0000
          0.0000
          0.0000
          0.0000
         37.2409
         17.4627
          0.0000
         -0.0337
         -1.2972
          0.0000
         14.7409
         51.7394
        158.5016
        158.5693
         42.5806
          9.1540
          9.7035
        109.7024
        138.1993
        141.3878
        102.9412
         10.0319
          0.0000
          0.0000
          0.0000
          0.0000
          6.9653
         15.8163
         19.0522
         13.3894
         19.3616
        123.8549
        170.4646
         80.1806
         35.6326
         51.7964
          0.0000
          0.0000
          0.0000
          0.0000
          0.0000
          0.0000
          6.9240
         -1.6668
         -8.2751
         -0.4157
          3.4412
         19.5922
          9.2533
          1.4200
          9.6389
          6.9634
         -7.5187
          0.0000
          0.0000
          0.0000
          0.0000
          0.0000
          0.0000
          5.5720
         -1.8335
          0.0000
          0.0000
          5.2391
          0.0000
          0.0000
          0.0000
         -1.3132
         -7.6886
         -3.6305
          9.5394
         10.2978
         13.5227
         36.5617
         88.6152
        157.6300
        130.1110
         50.2948
          0.0000
          0.0000
          0.0000
          0.0000
          0.0000
          0.0000
          0.0000
          0.0000
          0.0000
          0.0000
          0.0000
          0.0000
          0.0000
          0.0000
         -9.8778
         -0.8337
          0.0000
          0.0000
          0.0000
          0.0000
          0.0000
          0.0000
        -10.5294
         -0.8278
          0.0000
          3.7591
          5.5611
          4.2706
         14.4737
         16.7792
        -22.2375
         -9.3739
         11.5682
         28.6258
          9.0139
          3.2908
         29.0225
         65.3300
         69.2385
          0.0000
          0.0000
          0.0000
          0.0000
          0.0000
         25.9689
         31.9443
          6.3976
        -15.0304
         15.8585
          6.4524
        -10.4625
         -0.2836
          6.4568
         27.3706
          4.1303
         -0.0287
         17.1511
          9.2089
          4.6801
         19.2401
         21.9044
         28.9565
        133.7465
         15.4056
         12.5874
         15.4911
          8.0664
          1.0434
         29.1383
         70.8663
         60.1699
         36.1139
          9.8380
         -5.8369
          2.9133
          1.2773
        -17.5883
        112.1267
        132.3471
        -12.3774
          0.0000
         13.2912
          0.0000
         42.0704
         20.7710
          0.0000
          0.0000
          0.0000
          3.2582
          4.4258
          0.0000
          0.0000
          0.0000
          0.0000
         -5.4651
         -3.2388
          0.5055
         36.8101
          3.4582
        -24.5606
         60.4780
        258.0920
         56.3564
          0.0000
          0.0000
         54.5310
         30.3682
         98.3863
        124.9047
        137.8001
         34.8697
          0.0000
          0.0000
          0.0000
          0.0000
          0.0000
          0.0000
          6.9304
         33.6941
         25.0099
        -23.3050
        -19.7493
        -34.6379
        -22.9705
          4.5103
         -5.1387
          0.0000
          7.4524
         14.9539
         24.7088
          9.1277
        -14.7673
         -1.8085
        201.1228
        212.5661
          0.0000
          0.0000
          0.0000
          0.0000
          0.0000
         11.7450
         -5.8071
          3.5613
         -2.7772
         34.2435
         94.6350
         41.5555
          0.0000
          0.0000
          0.0000
          0.0000
          0.0000
          0.0000
          0.0000
          0.0000
          0.0000
          0.0000
          3.9631
         32.0862
          2.0085
          9.3456
         14.0007
         20.5274
         14.0122
         -3.0024
        141.0947
         79.9481
          0.0000
          0.0000
          1.8764
         16.3268
         19.8552
         18.5123
         11.6349
         33.8041
         56.3703
         19.0407
         35.0685
         92.3721
         16.0104
          0.0000
          0.0000
         -1.2408
          0.0000
          0.0000
          0.0000
          0.4906
          0.3619
          8.0992
         10.7466
          0.0000
          0.0000
         10.0018
         16.8962
          5.5433
         10.2792
        -10.5442
        -30.1469
          0.0000
          0.0000
          0.0000
         16.4525
         16.3945
         21.7304
         15.8806
         24.8476
         94.4099
         24.4872
         -5.0882
         -2.2253
         13.8023
         22.0317
         37.9323
         90.4252
        151.7359
          0.0000
          0.0000
          0.0000
          7.9580
         23.8725
         12.8385
        100.3787
        148.5134
         23.1666
          0.0000
         15.1177
         -5.8853
        -19.9556
         -6.3780
          2.3234
        -10.5764
         -0.6614
          7.6849
          0.0000
          0.0000
          0.0000
         14.1907
          8.9710
         -0.6387
          0.0000
          0.0000
          0.0000
          0.0000
         13.7694
         19.0056
          2.3883
          0.0000
          0.0000
          6.0816
         41.3968
         10.5946
          2.1728
         61.9797
        161.7475
         20.2094
          2.0835
         24.8767
         27.8996
          6.8571
         -1.2785
         17.1436
          0.0000
          0.0000
          0.0000
          0.0000
          0.0000
         13.8033
         15.1286
         17.3207
         51.8895
         45.0649
         45.0649
         14.4431
         14.4431
         -1.7052
         -2.5015
         10.8994
         10.2204
         26.9640
         41.4261
          0.0000
          0.0000
          0.0000
          0.0000
         15.1835
         44.8165
         75.8134
        -10.5867
         42.6331
         26.3783
          8.0906
          8.2377
          8.7701
          2.6248
          0.0000
          0.0000
          0.0000
         31.6644
         21.4904
          3.4618
         18.9148
         78.7298
         61.6891
         -1.0912
          9.5544
         10.7664
         12.3948
         24.8204
         61.1002
        103.4875
          0.0000
          0.0000
          0.0000
          7.1969
         17.2337
          5.6151
         13.2452
         18.8012
         55.7369
         10.6964
         -1.9036
         -3.7996
         -2.3007
          0.3549
          9.7118
          3.1726
         -2.8909
          2.4036
         24.5037
         22.1859
         16.8129
         20.9036
         24.9342
         19.4124
         14.6164
          0.3202
         34.7880
         77.3102
         33.2639
         95.4142
         52.3273
         68.9296
          0.0000
          0.0000
          0.0000
         10.7198
         15.7019
         14.6251
         49.3881
         88.4253
          0.0000
          0.0000
          0.0000
          2.7509
         10.2138
         10.0446
         80.4256
        144.1016
         39.0273
          0.0000
          0.0000
          0.0000
          0.0000
          0.0000
          0.0000
          0.0000
          4.6014
          5.8754
          0.0000
          0.0000
          0.0000
          0.0000
          0.0000
         15.0432
         29.8885
         43.6248
          0.0000
          0.0000
          2.9348
          3.8606
          5.5940
         48.2060
         94.2623
         24.6388
          0.0000
          0.0000
          0.0000
          0.0000
         17.8604
          4.4049
          1.3249
         -4.6476
          4.5958
          7.8659
        -17.3126
        -23.1117
         -7.1735
        -10.9292
         73.2985
         70.7038
          0.8107
          0.0000
          0.0000
          0.0000
          3.4323
          0.0000
         16.4457
         61.2127
          0.0000
          0.0000
          0.0000
          0.0000
          2.2240
          0.0000
          0.0000
         71.8595
        102.5156
         62.7221
         11.0860
         -1.3350
         -6.5677
         -4.8890
        123.8743
        121.4636
         18.5712
          0.0000
          1.7665
          0.0000
          0.0000
          0.0000
         23.1755
         81.4334
         12.7542
         15.6719
          5.7085
         -2.1689
         -3.9944
         -0.9231
         -2.6525
         41.5272
          0.0000
          3.4513
         -0.2309
         -6.1152
          4.3901
         -9.6682
         31.9958
         97.0467
         98.9189
         71.2150
         17.5511
        -14.1838
         11.4742
        142.2881
         72.6523
         12.0253
          0.0000
          9.9785
         21.9236
          7.2557
         25.5797
         74.7645
         98.8232
          0.0000
          0.0000
          0.0000
          0.0000
          0.0000
         17.8842
          8.5783
        -13.0011
         -5.5719
          0.0000
          0.0000
          0.0000
          3.8105
         20.8954
         19.1188
          5.1825
          0.0000
          0.0000
          0.0000
          0.0000
          0.0000
          0.0000
          1.2261
          0.7065
          0.0000
          0.0000
          0.0000
          4.1430
          5.7456
          8.9586
          9.4360
         15.8389
         28.1626
         11.7064
         19.4127
        -10.9398
         -5.8913
         16.9286
         12.7910
        128.1381
        147.1367
         21.1415
          1.5045
         -1.5755
          4.5432
          8.0253
         -1.3592
          7.2210
        101.9091
         20.0556
         18.3962
         33.6465
         39.8875
        -43.9571
         98.9639
         43.4139
         13.4558
          4.6569
         -1.0145
         -1.7607
          6.3674
         41.6746
        168.0808
         42.8227
          0.0000
          0.0000
          0.0000
          6.8928
         21.2571
          2.0351
         20.3188
         23.3106
          0.0000
          0.0000
          0.0000
          0.0000
          0.0000
          0.0000
          0.0000
          0.0000
          0.0000
          0.0000
          0.0000
          0.0000
          0.0000
          7.8995
         14.8842
         12.5745
         16.4257
          0.1204
          4.1899
          3.6389
          0.0000
          0.0000
          0.0000
         -1.2341
          0.0000
          0.0000
          0.0000
          0.0000
          0.0000
          0.0000
          0.0000
         -7.1115
         -0.7646
          0.0000
          0.0000
          0.0000
          0.0000
          0.0000
          0.0000
         -0.9782
          0.0000
          0.0000
          0.0000
          0.0000
          0.0000
          0.0000
          1.7731
          3.9957
          9.1842
          3.0926
          0.0000
          0.0000
          0.8402
         23.2715
          3.9084
          6.9307
         73.1872
         91.1195
         87.4211
          0.0000
          0.0000
          0.0000
          0.0000
          0.0000
          0.0000
          0.0000
          0.0000
          3.1867
        -11.9067
         -0.4644
         22.7492
         54.8803
         12.8738
          0.0000
         17.9333
         -3.7354
        -14.8909
         -4.1305
          9.6996
        114.0206
         37.2637
          0.0000
          0.0000
          0.0000
          0.0000
          0.0000
          5.8994
          1.0342
          1.3588
         13.5791
         18.9183
          8.3136
         14.4436
         20.6576
         22.1990
         42.8530
         -3.7434
          0.5876
          6.3827
          3.4721
          6.5524
         20.0749
         52.2608
         27.1634
         -0.3497
         20.5704
         33.5469
         18.8782
         -0.6361
         -6.0529
         -5.0648
          2.6984
          0.0000
          0.0000
         31.1140
          9.6234
         -8.4269
         37.4243
        141.2544
         76.5740
          0.0000
          0.0000
          0.0000
         12.1421
          3.7749
         21.7665
        128.8741
          0.0000
          0.0000
          0.0000
          0.0000
          0.0000
          0.0000
          0.0000
          0.0000
          0.1724
         -2.3793
          0.0000
          0.0000
          0.0000
          0.0000
          0.0000
          0.0000
         -5.1652
         -1.6896
          0.0000
          0.0000
          0.0000
          0.0000
          9.1285
         -8.8731
         82.7634
         98.4250
         21.4716
          9.2766
         -2.2619
        -10.1838
        -26.0966
         44.2654
        150.2593
        180.7764
        129.5621
          0.0000
          0.0000
          0.0000
          0.0000
          0.0000
         12.4198
          6.7147
         -8.4659
        -12.7219
        -12.9266
          8.2060
         -1.4685
         51.4953
        131.3902
         74.9461
         -4.5828
        -23.4089
        -22.3465
        -26.0441
        -32.6223
        -35.5000
         46.4086
         34.4595
          0.1762
         23.7382
         20.4584
        -23.2214
          9.1303
         13.4463
         89.4707
         63.0658
          0.0000
         15.3572
         -2.9906
         30.5822
         33.0462
          0.0000
         -2.7678
          0.0000
          2.2490
          4.8051
         14.7901
         16.8230
         -4.0320
        -31.9931
        -37.1903
         -5.1054
         83.6967
        233.6760
         89.9273
         24.0561
         44.1532
         55.3327
        302.6919
        285.3165
        141.4534
         11.4937
          0.0000
          1.4909
         17.1274
         -1.4610
        111.0714
        115.8656
         10.1797
        -17.7042
        -12.5720
        -11.9730
         -3.5068
         -0.1927
         91.6100
         84.3280
         -9.5902
         -9.6044
          2.9476
         -3.7732
          6.9534
        146.7113
         13.3966
         -1.1142
          0.0000
         27.3393
         25.6320
         -2.4660
         -5.4269
         14.3075
         25.8950
          0.0000
          0.2061
         10.9207
          9.6467
         -1.5371
          1.5190
        111.2968
         59.2727
          0.0000
          0.0000
          0.0000
          0.0000
          0.0000
          0.0000
          0.0000
         65.6060
         12.5496
        -17.7065
        -24.3633
        -26.2569
         -6.5640
         -9.9613
        -32.3798
         40.7880
         71.6543
         27.2067
         -8.2961
         17.4978
         23.3539
         -9.1674
        -10.2806
        128.9679
          0.0000
          0.0000
         14.5782
         -1.1192
         -5.5266
          3.8579
         16.5515
        109.5961
         20.1018
          9.9398
         12.5661
         21.6883
         51.9164
         92.1964
          0.0000
          0.0000
          0.0000
          0.0000
          0.0000
          0.0000
          0.0000
          0.0000
          0.0000
          1.9761
          4.0225
          4.7771
          2.0277
         22.1431
         40.0881
         23.8976
         18.7692
         58.1089
         41.1291
         -6.7051
        -13.6367
          9.9604
         49.1349
         -0.2253
        -13.0305
         40.9954
        129.3635
         17.9475
         10.2584
         13.2895
          8.6864
          8.3330
         36.0801
         82.5870
         -0.1880
         15.9120
         11.5689
         19.5932
         19.8722
        -22.4525
         59.3323
         83.7549
        137.9453
         -0.0433
         52.1174
          0.0000
         19.9940
         23.9833
          5.5585
        -10.6642
         29.4128
         37.8476
         25.4359
         14.4603
          8.4669
         -2.6369
        -15.1103
         19.0975
         26.4598
          7.1300
         13.5018
         13.8240
        -25.3814
        -57.1026
          1.3456
         18.8665
          0.0000
          0.0000
          0.0000
          0.0000
         12.1003
         38.2256
         93.4082
         40.5575
          0.0000
          0.0000
          0.0000
          0.0000
          0.0000
          0.0000
          0.0000
         17.7529
         35.4920
         16.1899
         62.2982
          6.3493
         -6.9223
        -17.5688
         -3.5785
         76.2564
        101.5756
        120.1254
         88.3361
         72.7997
         25.0555
        -25.1631
        -22.3241
        156.6896
        193.8321
        130.7397
        197.8711
        177.1876
        131.8891
         40.1952
          4.2902
        -11.9139
          0.0000
          0.0000
          0.0000
          0.0000
          0.0000
          0.0000
          0.0000
         -7.2822
          0.0000
          0.0000
          0.0000
          8.0121
          6.7268
         -4.8879
         -6.3741
          0.0000
          0.0000
         -1.7434
          0.0000
         -4.5378
          0.0000
          1.6428
          7.4944
         21.6310
         54.9080
          8.6498
         15.5151
         36.3599
        118.2732
        143.1632
        235.2682
        128.6371
          0.0000
          0.0000
          0.0000
          0.0000
         13.1709
          7.6505
        138.8737
          4.0188
          0.0000
          0.0000
          0.0000
         -0.6138
          0.0000
         15.9437
         54.5641
         79.3157
         28.8556
          5.8613
        -19.7767
         -3.7136
         43.6206
        107.8498
        120.7293
         94.9769
         91.6875
          0.0000
          0.0000
          0.0000
          0.0000
          0.0000
          0.0000
         -5.5800
          0.0000
          0.0000
          0.0000
          0.0000
          0.0000
          0.0000
          0.0000
          1.3265
          0.4515
         10.3057
         -0.6460
          5.6690
         -0.4189
          5.1908
         -4.3292
          7.2885
        -10.3395
         17.4869
          9.9042
          4.1974
          0.0000
          0.0000
          0.0000
          0.0000
          0.0000
          0.0000
         11.2032
          4.3516
          0.0000
          0.0000
          0.0000
          0.0000
          0.0000
          3.2104
         19.4498
         14.0677
          4.7826
         -2.5518
         -4.6903
          0.0000
          0.0000
          3.5417
         38.4422
         16.9339
         -8.5025
          3.7426
          2.5118
         25.1423
         47.8593
          7.8889
         -2.7136
         -0.8307
          2.1643
         13.8564
         10.4354
         17.8153
         45.0644
         72.3072
        109.4861
          8.7001
         41.5110
         16.8433
         31.2639
         52.8328
          0.0000
          0.0000
          3.5242
          8.0062
          6.7423
         11.7835
         58.1382
         -4.9922
          0.0000
          0.0000
         10.7439
         12.1821
          0.0000
          8.6899
          3.8282
         11.8224
         27.7724
         23.0385
          9.0426
          8.3571
        108.4835
        108.5305
         16.4215
         18.9403
          9.9753
         -3.6412
        -12.2430
         -8.2795
         74.9391
        144.6386
         61.9739
          0.0000
          0.0000
          0.0000
          0.0000
          0.0000
          0.0000
          0.0000
          0.0000
         16.1576
         62.1826
        -12.9023
         -5.5069
         -5.0363
         -1.3238
          0.0000
          0.0000
          9.9113
          0.0000
          0.0000
         21.8288
         28.1005
         17.8578
         26.8304
        153.6413
         14.2203
          2.4554
          0.4515
          0.1103
         35.5002
          9.4273
          4.7408
         84.0886
         87.5448
          0.0000
          0.0000
         14.7653
         21.4755
          3.5770
         22.5181
         99.4332
        101.8703
          0.0000
          0.0000
          7.3871
         13.1625
         27.2600
         16.1451
          6.3607
         19.5279
          3.0326
         -8.2382
         -0.9160
          0.0000
          3.2300
          9.8016
          5.7398
         68.2884
         55.1098
          2.0365
          2.7356
          0.0000
          0.0000
          8.3014
          5.1640
        103.8462
          3.1254
         -0.2639
          0.0000
          0.0000
          0.0000
         15.8335
         14.9301
         -3.4499
          5.6341
          6.0384
         17.5962
         13.7534
          6.6112
         32.8955
         57.8085
         42.3913
        -16.9636
          4.6642
         51.5723
         16.1287
         -3.5780
         28.8614
         54.0980
          0.0000
          0.0000
          0.0000
         29.7922
         18.2998
         -2.2838
         22.5734
        172.4332
          5.0014
          0.0000
          0.0000
         10.2430
          2.6370
          0.0000
          2.7995
          3.8899
         83.4910
          0.0000
          5.2063
         13.3742
         -4.6004
          6.2354
         15.5304
          0.4315
          4.7180
         15.4975
         47.1837
         88.3060
         28.7576
        -10.0583
         18.1025
         77.2382
         39.2070
         95.6535
          7.5014
         -3.4950
         15.7792
         42.4751
         86.9025
         33.9914
         11.4197
         21.5458
          0.0000
          5.5558
          2.8268
         43.3485
         22.6879
         17.8639
         19.5724
         55.9257
         43.0072
         64.5082
         40.6071
         78.4450
        106.3904
         61.9990
         -2.2524
          0.0000
          4.2857
          5.6824
          1.9079
          1.3357
         11.7701
         16.3365
        110.8616
        181.5456
        124.0736
          3.7170
          0.0000
          0.0000
          1.7222
        -21.2783
        -29.7821
          0.0000
          0.0000
          0.0000
          0.0000
          0.0000
          2.2480
          3.5171
         13.7684
         -7.3059
          1.3168
         18.1159
          0.9872
          1.7922
        -18.8686
         58.6547
          2.5608
          0.0000
          0.0000
         45.2256
         58.2517
         93.2998
        146.1700
        248.3034
          6.7615
          0.0000
          0.0000
          0.0000
          0.0000
          0.0000
          8.4336
          8.0613
          0.0000
          0.0000
          0.0000
          0.0000
          0.0000
          5.7553
         17.5273
         45.1346
         90.0618
         -9.9338
          7.2556
         20.1580
         12.0722
         27.2598
         11.5358
         -4.8101
          2.7287
          9.7576
          5.7550
          7.4338
         13.1168
         42.6326
         49.4865
        138.6789
         50.6875
          0.0000
          0.0000
          0.0000
          0.0000
          0.2146
         16.5021
         86.7773
         70.6672
        -12.5373
          0.0000
          0.0000
          0.0000
          0.0000
          0.0000
         -1.6456
         -6.9408
          0.0000
          0.0000
         11.4457
         14.1318
         12.6025
         11.4879
         -0.5272
         -1.7191
          3.5522
         19.7714
         38.5121
         36.7775
         21.2244
         21.3698
         21.4681
          0.0000
          0.0000
          0.0000
          0.0000
          0.0000
          0.4658
          4.9048
          5.3264
         -0.2989
         -3.5994
          5.5693
          0.0000
          0.0000
         12.5321
         65.1616
         41.7060
          0.0000
         22.4532
         67.3642
         14.9820
         10.3632
          0.0000
          2.6253
          1.3383
          5.1482
         59.9547
         33.0776
         11.1608
         20.3863
         28.8145
         14.7574
         -6.8439
         30.3879
         20.1091
         30.1343
        139.3255
        171.2820
        193.7036
        172.3792
        198.7166
         -2.5706
          0.0000
          0.0000
          0.0000
          0.0000
          2.8504
          2.0027
         -0.6259
         -6.1634
         -3.1174
         12.0962
         -2.3963
         -1.1271
          4.1532
         31.0658
         30.4639
         99.1242
         77.7481
          7.9282
        -23.2013
          0.0000
          0.0000
          0.0000
         70.7794
        128.1802
          8.8784
          0.0000
          0.0000
          2.1955
          0.0000
          7.3063
         11.0935
         96.4592
          3.2774
          0.0000
          3.2970
         11.4706
          5.6527
         22.4217
         45.0918
         38.9639
         39.3911
         42.3001
         40.4760
         -2.4566
         -6.9006
          6.6378
         15.8796
         33.8772
         16.9677
         27.7776
         60.5407
        117.9572
         29.9057
         16.2950
         35.6260
         92.5206
          0.0000
          0.0000
         12.6296
         15.2624
          3.0237
          7.1644
          0.9953
         26.9696
         78.7685
         20.9605
         38.3396
         -7.3796
          4.5282
        -17.9313
         -3.7880
         -1.5329
          0.0000
          0.0000
          7.3300
         20.0826
          8.9770
          6.6663
         14.5155
         49.1556
          0.0000
          0.0000
          2.7063
          4.7295
         12.6453
          6.7057
         15.0556
         27.6303
         18.0275
          3.7379
          0.0000
          0.0000
          1.3355
         20.8110
         26.8506
         27.8754
        -11.4668
          1.8994
         12.3260
          6.1304
          1.1696
          8.9074
         30.3986
          7.1886
         21.1277
         11.3293
          6.6657
          1.2606
         -0.6214
          8.5084
         17.3388
        162.4471
          0.0000
          0.0000
         13.9850
          7.9057
          1.9787
         -3.3919
         -8.6750
         -4.8594
          0.0000
          0.0000
         12.1066
         10.7145
          0.0000
          3.1389
         -3.2781
         -4.6027
         -1.0568
          0.0000
         -0.7931
          4.4656
          2.4608
          1.7001
         -0.1425
         -3.6329
          6.5644
         25.4057
         24.2468
         26.9278
         35.9928
         33.2663
         31.8200
          0.0000
          0.0000
          0.0000
         23.0991
         22.1788
          4.1404
         -9.2320
         35.2512
         46.3258
          0.0000
         19.4236
          0.0000
          0.0000
          0.0000
          0.0000
          0.0000
         -5.5824
          0.0000
          0.0000
          4.3319
          6.5128
         19.2354
         15.4058
         42.1495
         60.3571
          0.0000
          0.0000
         29.1463
         19.0645
         -7.9988
        -19.8202
         -1.6131
         57.9471
          0.0000
          2.6841
         30.9841
         37.2812
         31.0949
          0.0000
          0.0000
          0.0000
          0.0000
          0.0000
          0.0000
          0.0000
          0.0000
          0.0000
          0.0000
          0.0000
          0.0000
          0.0000
         21.9396
          6.5087
         20.6154
         49.4277
         24.7440
         17.1405
          0.0000
          0.0000
          0.0000
          0.0000
          9.9628
         18.1659
         26.7344
         73.1666
         -7.7312
          8.3829
         17.4916
          3.5809
         -9.4969
        -10.9367
         -2.2151
         25.5490
         -9.8304
          8.3521
          5.6161
          0.0000
          0.0000
          0.0000
          0.0000
         -2.4239
          5.0701
          5.7399
          0.0000
          0.0000
          0.0000
          0.0000
         11.7750
         11.3866
         11.5970
         13.0552
         12.6090
         11.5603
          2.7021
         32.7161
        116.0956
        168.1922
         11.9259
         22.4100
         27.2414
          8.7057
          3.2830
          4.5214
        -17.0237
          0.1390
          3.7649
         16.9335
         35.1977
         23.2281
         17.7923
         38.1491
         24.7301
         -9.5818
         -2.3970
          2.6668
         53.1428
         39.5348
         25.8030
        120.0411
        180.2054
          0.0000
          0.0000
          0.0000
          0.0000
          0.0000
          1.7031
          6.0183
         -5.5862
          2.5606
         20.0578
          8.3245
          5.7844
         15.0299
         26.9695
         71.5468
        130.2212
         77.4832
          0.0000
          0.0000
          0.0000
          0.0000
          0.0000
          0.0000
          3.4208
         -3.1621
         -3.6955
          0.0000
          7.1128
          3.0744
         -0.3143
          0.3008
         -2.5181
         -0.2670
          0.0000
          0.0000
          0.0000
          0.0000
          0.0000
          0.0000
         23.1207
         18.6677
         -4.7868
         20.9463
         32.1407
         36.6149
         38.4693
        104.3601
        177.7631
         -5.9130
         -1.6123
          0.0000
          1.4134
          5.9968
          0.0000
          6.6177
          8.2288
         13.7568
         -0.3270
          5.6977
          1.8273
         -1.8511
          2.9902
         16.4881
         13.5096
          7.1858
          1.7333
          3.2720
          8.8003
          0.8980
          0.7267
          6.5725
         -0.6854
         -4.2631
         -3.4897
          0.0000
          0.0000
          0.0000
          0.0000
          0.0000
         -0.0938
        -12.1461
         -0.5484
          0.0000
          0.0000
          0.0000
          0.0000
          0.0000
         14.2593
          4.0611
          1.8385
          9.7321
         31.6642
          4.5339
         -8.2538
         11.3328
         11.4775
         46.5392
         60.5804
          9.1184
         25.6980
         11.4675
          1.4945
         -4.2231
         -9.3387
         -2.1434
          9.0267
         22.2102
         37.5561
          5.3691
         -5.0003
         14.7347
         15.8614
         13.0799
          8.9010
         18.7493
         16.4542
         43.4795
          8.3514
         10.8547
          3.9961
         18.2054
        125.9093
         33.0475
         25.2940
         17.4640
         18.3221
          3.6186
         -2.4683
         -4.5785
          0.0000
          0.0000
          0.0000
          0.0000
          0.0000
          0.0000
         -0.2986
         13.3521
         18.2872
         36.8673
         30.2666
          0.0000
          0.0000
          0.0000
          0.0000
         -1.8782
          0.0000
          0.0000
         15.1450
         15.0017
          0.0000
          0.0000
          1.3031
         -1.9772
         -3.2714
          0.0000
          2.3985
          7.4146
          0.0000
          0.4178
          0.9069
         -3.8837
         -0.4252
          0.0000
          0.0000
          0.0000
          0.0000
          0.0000
         -0.2019
         -5.9757
          1.4573
         -2.2150
          0.0000
          0.0000
          0.0000
          9.5185
          6.6026
          4.1017
          7.6184
          2.3280
         -3.4211
         -6.9272
         -0.1888
         13.2440
         15.1943
         10.2647
         61.0783
          0.0000
          0.0000
          0.0000
          0.0000
          0.0000
          0.0000
         -2.4153
          0.2901
          9.3358
         14.6309
         37.0360
         77.9814
         94.1830
         24.0021
          0.0000
          0.0000
          0.0000
          0.0000
          0.0000
          0.0000
          0.0000
          5.9197
          0.8148
         -1.1540
          2.6891
          3.4837
          3.6073
          8.0409
          3.7055
         -5.5517
         -4.8664
          7.6468
         13.5635
         -3.5527
          0.0000
          0.0000
          0.0000
          0.0000
         50.0058
        104.2029
         -7.6531
          0.0000
          0.0000
          0.0000
          5.0806
         55.2615
         92.6179
         75.2045
          0.8818
        -21.9580
         15.7124
         82.1430
          0.4417
         -9.5381
          2.5169
         12.7347
         32.0293
         27.7703
         22.5650
        103.0537
         87.5702
         92.9705
        167.5622
         55.5632
         17.8670
          3.6919
         44.2891
         69.6726
         15.2376
         -5.1743
         30.3569
          0.7332
          8.6190
         40.1295
        122.3988
         88.7214
          6.4469
          7.4679
         -6.7133
         -9.1319
          0.0000
          2.4450
          0.0000
          0.0000
          0.0000
        151.9833
        175.2262
          0.0000
          0.0000
          0.0000
          0.0000
          0.0000
          5.0067
         -1.6314
        109.2347
        131.8677
         -0.6547
          0.0000
          0.0000
          0.0000
         11.5853
         17.2800
         36.0291
         25.2403
         21.9354
         20.7757
         11.5696
        -10.4960
         -0.5682
          0.0000
          0.0000
          0.0000
          0.0000
          0.0000
          0.0000
          0.0000
          0.0000
          5.4611
          3.4365
          0.0000
          0.0000
          0.0000
          0.0000
          0.0000
          0.0000
          0.0000
        154.6967
         58.3328
          0.0000
          0.0000
          0.0000
          0.0000
          0.0000
          6.4252
         28.6435
         -1.0509
          0.0000
          0.0000
          0.0000
          0.0000
          0.0000
          0.0000
          7.7893
          0.0000
          5.9746
         16.5063
          3.2729
          0.0000
          0.0000
          0.0000
         25.0541
         24.0515
          1.8088
          0.0000
          0.0000
          1.6456
          6.0980
          6.9513
         10.9702
          0.0000
          0.0000
          0.0000
          0.0000
          0.0000
          0.0000
          0.0000
         -8.2958
          0.0000
          0.0000
          0.0000
          2.5318
          2.1105
          2.1435
          0.2459
         58.5709
         37.4191
         16.3887
         22.3909
         -7.3465
         -3.7526
          0.0000
          0.0000
         -0.6399
          0.0000
          0.0000
          0.0000
          0.0000
          0.0000
          0.0000
          0.0000
          0.0000
          0.0000
          0.0000
          0.0000
          0.0000
          0.0000
          0.0000
          0.0000
        -11.4674
          0.0000
          0.0000
          0.0000
          0.0000
          0.0000
          3.5469
          0.8685
          1.2118
          9.4642
         -3.4836
          0.0000
          0.0000
          0.0000
          0.0000
          0.0000
          0.0000
          0.0000
          0.0000
          0.0000
          0.0000
          0.0000
          0.0000
          0.0000
         -6.2380
          0.0000
          0.0000
          0.0000
          0.0000
          0.0000
          0.0000
         19.6784
         71.5825
         44.6072
          0.0000
          8.9921
         10.8583
          7.3992
          8.5775
          9.6198
         54.9281
         18.7536
          1.8696
         -5.7416
          0.0000
          0.0000
          0.0000
         -1.9519
         -3.3699
         -3.4501
          0.0000
          1.0614
          0.0000
          0.0000
          0.0000
          0.0000
        -11.3308
          0.0000
          0.0000
          1.6644
          3.5740
          0.0000
          8.3363
         -1.1070
         -3.8344
          0.0000
          0.0000
          0.0000
          0.0000
          0.0000
         28.4669
         18.8132
         21.3416
          0.0000
          0.0000
          0.0000
          0.0000
          6.0494
         31.7454
         55.4565
        160.5110
         24.2769
          0.0000
          0.0000
          5.6376
          0.0000
          0.0000
          0.0000
         -8.4155
          3.0061
         -5.2892
          0.0000
          0.0000
          0.0000
          0.0000
         32.6976
         28.3781
          0.0000
          0.0000
          0.0000
          0.0000
          0.0000
          5.6117
          8.2517
         19.6637
          6.8294
          0.0000
          0.0000
          0.0000
          0.0000
          0.0000
          0.0000
          0.0000
          0.0000
          0.0000
          0.0000
          0.0000
          0.0000
          0.0000
          0.0000
          0.0000
          0.0000
          0.0000
          0.0000
          0.0000
          0.0000
          0.0000
          0.0000
          6.2999
         -4.4157
          3.6672
         16.7433
         79.5942
          7.6936
          4.2486
         -1.3834
        105.9141
         16.8885
         82.0559
         62.3359
         13.5673
        -11.5055
         19.7330
         26.3343
         13.4154
         46.5897
         -1.8985
          0.0000
          0.0000
          0.0000
          0.0000
          0.0000
         -7.0411
          0.0000
          0.0000
          0.0000
          0.2668
          0.0000
          0.0000
          0.0000
         -3.4036
          0.0000
          1.8313
         13.6486
         27.6774
         89.2400
         89.9601
         12.5259
        -11.5579
         16.7234
          7.7587
         15.6153
         23.0301
         33.6649
         36.6893
        182.0191
         81.0671
          0.0000
          0.0000
          0.0000
         12.6111
          2.6360
          9.7930
         12.8610
         -2.1569
         -3.6944
          8.6893
         10.4009
          1.7533
          0.0000
          0.0000
          0.0000
          0.0000
          0.0000
          0.0000
          0.0000
          0.0000
          0.0000
          0.0000
          0.8292
         30.1658
          9.7233
          7.7635
          2.3214
          6.3434
          5.9500
         19.2571
         26.5445
         83.4145
         -6.1964
         10.1065
         33.0013
         19.1290
         -5.3292
         -8.3382
          0.0000
         43.9705
          0.0000
          0.0000
          0.0000
          0.0000
          0.0000
          2.5064
          0.0000
         -3.5947
          0.0000
          0.0000
          0.0000
          0.3427
         13.9752
          8.1662
         -7.2342
         -6.2202
         -4.4922
          3.5104
          0.0000
          0.0000
          0.0000
          0.0000
          1.8715
          1.0883
         -1.4109
          0.6894
          0.0000
          0.0000
          0.0000
          0.0000
          5.2125
         -1.7276
          0.0000
          0.0000
          0.0000
          0.0000
          0.0000
          0.0000
          0.0000
        -12.5970
          0.0000
          0.0000
          0.0000
          0.0000
          0.0000
          0.0000
          0.0000
          0.0000
          0.0000
          0.0000
          0.0000
          0.0000
          0.0000
          0.0000
          0.0000
          0.0000
          0.0000
          0.0000
          0.0000
          0.0000
          0.0000
          0.0000
          0.0000
          0.0000
          0.0000
          0.0000
          0.0000
          0.0000
          0.0000
          0.0000
          0.0000
          0.0000
          0.6343
          0.0000
         27.1602
         29.0994
         10.5117
          0.0000
          0.0000
        -14.7162
         -5.8219
         19.0944
         17.1639
          8.1195
          2.9967
         12.0377
         66.2254
         25.4387
          0.0000
         15.9438
          0.0000
          0.0000
          0.0000
         10.5599
          7.2945
          2.5508
          1.9416
         34.7257
          2.5030
          0.3503
          0.0000
          0.0000
          0.0000
          0.0000
          0.0000
          0.0000
          0.0000
          0.0000
          0.0000
          4.9959
          4.3708
         -0.9239
          0.0000
          0.0000
          0.0000
          0.0000
          0.0000
          0.0000
          0.0000
          0.0000
          0.0000
          0.0000
          0.0000
          0.0000
          0.0000
          1.9601
         34.2126
          7.4266
          0.0000
          0.0000
          0.0000
          0.0000
          0.0000
          0.0000
          0.0000
          0.0000
          0.0000
          0.0000
          0.0000
          0.0000
          0.0000
          0.0000
          0.0000
          3.8610
         -0.9451
         -2.0294
          0.0000
          0.0000
          0.0000
          0.0000
          0.0000
        -14.4105
         -2.6920
          0.7557
          0.0000
          0.0000
          0.0000
          0.0000
         13.6765
         21.1669
         -1.7422
          0.0000
          0.0000
          0.0000
          0.0000
          0.0000
          0.0000
         -3.3388
          0.0000
          0.0000
          2.6887
          0.0000
          0.0000
          0.0000
         -1.0689
          0.0000
          0.0000
          0.0000
          0.0000
          0.0000
          0.0000
          0.0000
          0.0000
          0.0000
          0.0000
          0.0000
         15.1284
          6.6346
          0.0000
          0.0000
          8.8601
          2.1201
          0.0000
         10.9895
         12.3242
          0.0000
          0.0000
          0.0000
          0.0000
          0.0000
          0.0000
          0.0000
          0.0000
          0.0000
          0.0000
          0.0000
          3.5744
         -1.6221
          0.0000
          0.0000
          6.9232
          6.4572
          5.7453
          6.9970
          0.4709
         40.5761
          0.0000
          0.0000
          0.0000
          0.0000
          0.0000
          7.2978
          0.0000
          0.0000
          0.0000
          0.0000
          0.0000
          0.0000
          0.0000
          0.0000
          0.0000
          0.0000
          0.0000
          0.0000
          0.0000
          0.0000
          0.0000
          0.0000
          0.0000
          0.0000
          0.0000
          0.0000
          0.0000
          0.0000
          0.0000
          0.0000
          0.0000
         -5.1677
          0.0000
          0.0000
         16.5652
          7.6357
         11.2283
        144.0488
         47.2371
          0.0000
          0.0000
          0.0000
         44.0396
         24.2224
         36.3373
         24.9999
          0.0000
          0.0000
          0.0000
          0.0000
          0.0000
          0.0000
          0.0000
          0.0000
          0.0000
         -8.3110
          0.0000
          0.0000
          0.0000
          0.0000
          0.0000
          0.0000
          5.1034
        -19.8855
         -2.9101
          0.0000
          3.9777
          3.6372
          1.1939
        -11.6634
        -11.9020
          0.0000
          0.0000
          7.8238
         19.5985
         14.8844
          3.3507
          3.9786
          0.0000
          0.0000
          0.0000
          0.0000
          0.0000
          0.0000
          8.0018
         25.2943
        179.7465
        136.9604
          0.0000
          0.0000
          0.0000
         33.8085
         39.1574
         19.1299
         32.9689
        102.5746
          0.0000
          0.0000
          0.0000
          0.0000
          0.0000
          0.0000
         -2.3507
         -4.8485
         -1.4144
          0.0000
          0.0000
          0.0000
          0.0000
          0.0000
          7.0909
         18.8275
         17.1614
          6.0193
          0.0000
          0.0000
          0.0000
          0.0000
         11.6556
         11.3994
          8.6891
         10.5079
         10.7203
          0.5738
          0.0000
          0.0000
          1.4716
          6.1885
          2.4669
          8.9195
         30.5980
          8.9471
          0.0000
          0.0000
          0.5265
          4.7892
         -0.7681
          1.2416
          2.0036
          0.7246
        149.8578
        136.9932
        101.2302
          0.0000
          0.0000
          0.0000
          0.0000
          0.0000
          0.0000
          0.0000
         27.0889
          6.0016
         -2.3530
          0.0000
          0.0000
          0.0000
          0.0000
         18.2452
         38.3463
        110.0374
          0.6137
          0.0000
         12.2405
          5.3552
          0.0000
          0.6517
         15.8149
         11.3204
          0.0000
          0.0000
          0.0000
          0.0000
          0.0000
          0.0000
         17.7699
         25.2711
         -8.8468
          7.9579
         14.0694
         15.1447
        178.5333
         22.0689
         20.2599
         16.8026
        -29.4185
         15.5931
         22.4544
         11.6220
         96.6798
        245.9083
        -27.3508
          0.0000
         23.5462
          0.0000
          0.0000
          0.0000
          0.0000
          4.4598
          0.0000
          0.0000
          0.0000
          0.0000
          0.0000
          0.0000
          0.0000
          4.3348
          0.0000
          0.0000
          0.0000
          2.3934
         19.6530
         21.6918
          4.6100
         17.1147
        172.0301
        261.7682
        148.8056
          0.0000
          0.0000
         21.2040
         79.0706
        161.7835
        142.9646
          0.0000
          0.0000
          0.0000
          0.0000
          0.0000
          0.0000
          0.0000
          0.0000
          0.0000
          0.0000
          0.0000
          0.0000
          0.0000
          0.0000
          3.7241
         27.6132
         69.6974
        176.8428
         47.4031
          0.0000
          0.0000
          0.0000
          0.7902
         -1.1785
         51.7791
          0.0000
          0.0000
         15.5658
         11.5492
         -3.0994
         10.1506
        100.1311
        179.5821
         62.3176
         82.1565
        136.5246
         27.4640
          0.9010
          9.9547
        102.1200
        272.5979
         32.0873
          0.0000
         13.7277
          3.4278
         -2.4029
        -19.5894
         97.0977
        482.3572
        359.4088
          0.7329
         15.0404
          0.0000
          0.0000
          2.5662
          0.4665
        128.4747
        255.6451
         99.2050
         46.5318
         55.2423
        207.2718
        359.2379
        409.3740
          0.0000
          0.0000
          0.0000
          0.0000
          0.0000
          0.0000
          0.0000
          0.0000
          0.0000
          0.0000
          0.0000
          0.0000
          0.0000
          0.0000
          0.0000
         22.9163
         20.2808
         11.8611
         69.8321
         29.6474
          2.0418
          4.4748
         -1.1853
          0.0000
          0.0000
          0.0000
          0.0000
         10.7315
         20.8715
          4.1427
         13.4934
          5.4237
         -1.0241
         19.0479
         25.6309
         13.0308
          8.5795
         20.1216
         28.5829
        142.9277
        275.0642
         24.4215
          0.0000
          0.0000
          0.0000
          0.0000
          0.0000
          0.0000
          0.0000
          0.0000
          0.0000
          0.0000
          0.0000
          0.0000
          0.0000
         15.2254
        127.2306
        158.0110
          0.0000
          0.0000
          0.0000
          0.0000
         39.2181
         63.2317
         23.1129
          0.0000
          0.0000
          8.2647
          3.9382
          3.8909
          3.0973
         -3.8557
         -1.1371
          0.0000
          0.0000
          0.0000
          0.0000
          0.0000
          0.0000
          0.0000
          0.0000
          0.0000
          0.0000
          0.0000
          0.0000
          0.0000
          0.0000
          0.6140
          0.0000
          0.0000
          0.0000
          0.0000
          0.0000
          0.0000
          5.6831
         15.8398
         11.6061
          4.7172
         21.7441
         41.9700
         34.6218
         -7.0116
          7.4440
         23.5317
         78.3725
        335.6585
        379.9122
        414.1403
        277.6796
         80.4569
          0.0000
          0.0000
         59.1926
         78.4940
          2.2875
         44.0584
         39.6185
         -1.5266
          7.9852
         -4.0458
         84.5571
         32.1893
         27.4542
        -13.2351
         -4.3175
         -2.8984
         11.6747
         27.5278
          8.8881
          0.0000
          0.0000
          6.7886
         -4.7940
          0.0000
          0.0000
          0.0000
          0.0000
          0.0000
          0.0000
         59.7343
         77.5396
          0.0000
          0.0000
          0.0000
          0.0000
          0.0000
          0.0000
          0.0000
          0.0000
          9.4492
          6.9584
         93.6938
        208.8768
          0.0000
          0.0000
         61.0505
        215.8861
        320.9051
        388.5658
        138.9992
         11.4252
          1.8689
         79.2488
        207.5563
          0.0000
          0.8299
         49.2234
         25.4745
          1.3030
         13.2118
         10.6388
         14.3616
          1.4468
          7.2953
         24.8488
         19.8918
          0.0000
          0.0000
          0.0000
          0.0000
          0.0000
          0.0000
          0.0000
          0.0000
          0.2029
          0.0000
          0.0000
          0.0000
          0.0000
          0.0000
          0.0000
          0.0000
        -15.2756
         -1.1128
          4.3533
          0.0000
          0.0000
          0.0000
          0.0000
          0.0000
        -10.8036
          0.0000
          0.0000
          0.0000
          0.0000
          8.1871
          7.5135
         -5.4685
          0.0000
          0.9682
          4.1725
          0.0000
          1.1689
         12.1874
         27.8991
        230.3833
         15.1989
         -0.2250
          6.1248
          0.0000
          0.0000
         37.6705
        115.2490
          0.0000
         -0.4846
          0.0000
          0.0000
        102.8144
        124.3538
         -0.2825
          2.9218
          0.0000
         24.1203
          0.0000
          0.0000
         37.9534
         14.8374
          9.7848
         39.7816
        222.6406
          0.0000
          0.0000
          0.0000
          0.0000
          0.0000
          0.0000
          0.0000
          0.0000
          0.0000
          0.0000
          0.0000
          0.0000
          7.1250
          0.0000
          4.5140
          0.0000
          0.0000
          5.0544
         13.0039
         12.8162
          0.0000
          0.0000
          0.0000
          2.9372
         -6.4150
         -5.5704
          0.0000
          0.0000
          0.0000
          0.0000
         17.9702
         11.2466
          0.0000
         10.1536
          7.0052
          1.0128
          6.5946
         17.0868
        119.6841
        188.3236
         -1.7841
          0.0000
          0.0000
          2.1118
         27.7283
         31.7031
          6.1463
          0.0000
          0.0000
         10.6090
         21.5867
         42.3130
         18.1570
         73.9180
         41.8791
          0.0000
          0.0000
          0.0000
          0.0000
         18.6393
          0.9865
          0.0000
          4.2100
          0.0000
          0.0000
          0.0000
         17.8688
         15.8762
          2.8236
         21.2250
         32.1626
         41.8104
        226.2680
         39.4176
         99.9634
          5.7332
         -7.1671
          0.0725
          7.0480
         32.0724
         70.2030
          0.0000
          0.0000
         28.2535
         24.3118
         15.5093
         -1.8976
          0.0000
          0.0000
          0.0000
          0.0000
          9.8364
          6.2056
         19.0935
          1.3004
          0.0000
          0.0000
          0.0000
          0.0000
          0.0000
          0.0000
          5.4398
          8.0221
          0.0000
          0.0000
          0.0000
          0.0000
         29.0409
         24.4445
         21.0094
         15.5643
         -0.6002
          0.7448
         -0.9394
         10.0038
         22.3912
         88.7595
         81.6247
         56.2867
         59.6964
         54.5892
          0.0000
          0.0000
         17.3704
          0.0000
         95.7951
         95.7254
         21.2485
          0.0000
          0.0000
          0.0000
          0.0000
          0.0000
          0.0000
          9.4103
         16.4037
        115.4641
         24.1103
          3.1942
          0.0000
          0.0000
          0.0000
         19.8135
          0.0000
         -3.4578
         13.7826
         11.3266
         36.3357
         28.9534
         86.2274
        132.3593
        197.5426
        135.4697
         49.1870
          0.0000
          0.0000
          0.0000
          0.0000
          5.4642
          0.0000
         -4.7206
          0.0000
          7.1731
         25.7143
         13.9677
          5.4276
         19.3426
          0.0000
          0.0000
          0.0000
          0.0000
         35.3759
          9.9848
          0.7092
          5.2173
          0.0000
          0.0000
          0.0000
          0.8448
         30.2522
          8.9913
        194.4493
        183.8345
         48.2592
          0.0000
          0.0000
          0.0000
         10.2002
         10.2367
        137.4673
        100.5818
          0.0000
          0.0000
          0.0000
          0.0000
         14.7015
          9.6636
         13.2145
         23.1737
         32.3987
         34.1877
         34.1877
