          0.0000
          0.0000
          0.0000
          0.0000
          0.0000
          0.0000
         30.5936
          6.8267
          0.0000
          0.0000
          0.0000
          0.0000
          0.0000
          0.0000
         26.4909
          0.0000
          0.0000
          0.0000
          0.0000
          0.0000
         18.7631
          8.6367
          4.9447
          0.0000
          0.0000
          0.0000
          0.0000
          0.0000
         35.0318
          6.9717
         12.5734
          0.0000
          0.0000
          0.0000
          0.0000
         27.8089
         79.4090
         53.8273
         27.0704
          0.0000
          0.0000
          0.0000
         11.5998
         59.1267
        140.5086
         76.4775
         13.9741
          0.0000
          0.0000
          0.0000
         27.3920
         61.5536
        108.4310
        141.0775
        172.1991
        111.9404
         45.1255
          0.0000
          0.0000
          0.0000
          0.0000
          0.0000
          0.0000
          0.0000
         10.0333
          3.1777
          8.4265
          0.3625
          0.0000
          3.0629
          0.0000
         62.2881
        123.5684
        125.7704
        142.0474
        152.3068
        162.3574
        127.0075
         94.4825
        149.9265
        201.7900
         53.4408
         10.6612
          9.6867
          0.0000
          0.0000
          0.0000
          0.0000
          0.0000
          0.0000
          0.0000
          0.0000
          0.0000
          0.0000
          4.5157
         76.5836
        150.0794
         31.2391
          0.2403
         17.5807
         67.0181
          5.7276
          5.9683
          0.0000
          0.0000
          0.0000
          0.0000
          0.0000
          0.0000
          0.0000
          0.0000
          0.0000
         72.1568
         70.8254
         90.3747
         65.5081
         56.4242
         47.6883
         28.7923
         18.3404
         15.8823
          0.0000
          0.0000
          0.0000
         37.1790
          0.0000
          0.0000
          0.0000
          0.0000
          0.0000
         27.9474
         30.7671
         35.9422
          6.1781
          0.0000
          0.7347
         29.3329
         50.6522
         55.8190
         88.7770
        117.5095
          9.3469
          0.0000
          0.0000
          0.0000
          0.0000
         71.5392
         84.6083
         92.7056
         37.5888
         24.8358
         18.7810
         14.3243
          9.8438
          6.1513
          5.1326
          4.1755
          0.0000
          0.0000
          0.0000
          0.0000
          0.0000
          0.0000
          0.0000
          0.0000
          0.0000
          5.6100
          0.0000
          0.0000
          0.0000
          0.0000
          0.0000
          9.3880
         11.4052
         23.4145
          4.5533
          0.0000
          0.0000
          0.0000
          5.1517
         25.8008
          0.0000
          0.0000
          0.0000
          0.0000
          0.0000
          0.0000
         14.6123
         74.0719
         13.4540
          0.0000
          0.0000
         38.9138
         38.9821
         25.4581
         25.7370
         27.2327
        106.1074
        176.4355
        184.2932
        186.6352
        252.0646
        310.8610
        251.9972
        162.5726
         67.6846
          0.0000
          7.0068
         57.8751
         68.0956
         82.3935
         72.8448
         67.1999
         50.8889
         17.7716
         55.1232
        139.2215
         80.7684
         49.1360
         46.9548
         56.1636
         36.8237
         46.6044
         53.1776
         62.1801
         22.5896
          7.3517
          4.4795
          4.7729
          0.0000
          8.5449
          0.0000
          0.0000
          0.0000
          0.0000
          0.0000
          0.0000
          0.0000
          0.0000
          0.0000
          0.0000
          0.0000
          0.1573
          3.2368
         28.0161
         31.3550
         76.2982
         57.0217
         62.8685
         71.8237
         73.8887
         45.7898
         42.9263
         17.3117
         11.3119
          0.0000
          0.0000
          0.0000
          0.0000
          0.0000
         26.3228
         11.6538
         12.7161
          0.8381
          0.0000
          0.0000
          0.0000
          5.7858
         26.6618
         21.8606
         40.6856
         71.8612
        109.1659
         39.2524
          0.0000
          0.0000
          0.0000
         19.9307
         55.6907
         82.2965
        140.8862
        138.5317
        136.3219
        179.7460
        222.0437
         45.5058
          0.0000
          0.0000
         15.6342
          0.0000
          0.0000
          0.0000
          0.0000
          0.0000
         16.2731
         58.5529
        132.1613
         93.4588
         61.8507
         53.8445
         56.8995
         46.0153
         33.5030
          0.0000
          0.0000
          0.0000
          0.0000
          0.0000
         15.3502
         38.6732
        110.9008
         34.2174
          0.0000
          4.7698
         25.5432
          0.0000
          0.0000
          5.6509
         14.7715
         16.9805
         27.9300
         10.7347
          1.2121
         24.8214
         59.5491
         43.6165
         25.6460
         35.7412
         65.6497
         60.8271
         58.5852
         85.3923
        120.8582
         13.4976
         17.2214
          0.0000
          0.0000
          0.0000
          0.0000
          0.0000
          0.0000
         27.4968
         21.0985
         62.1294
         69.7707
         94.3627
        110.9864
        157.6437
        198.8769
        148.8259
        118.0720
        116.0186
        103.6780
         74.2998
         71.9968
         92.8073
        115.7272
         15.7538
         12.1280
          0.0000
          0.0000
          0.4804
         15.2786
         33.2969
         50.4545
         37.9800
         25.1103
         44.2014
        105.8744
         47.5423
          0.0000
         16.6092
         35.9367
         26.5961
         13.8693
         86.2487
        156.3414
         90.3948
         69.9379
         70.0199
         69.5564
         62.6900
         78.5019
        102.6943
        123.2512
         46.4117
          0.0000
          0.0000
         36.4344
          8.3251
          0.0000
          0.0000
          0.0000
          0.0000
          0.0000
          0.0000
          0.0000
          0.0000
          0.0000
          0.0000
          0.0000
         17.4042
         59.2120
         60.9463
         83.8274
         29.6457
          0.0000
          0.0000
          0.0000
         43.7506
        104.5379
         39.0911
          0.0000
          0.0000
          0.0000
          0.0000
          0.0000
          0.0000
          0.0000
         13.9796
         84.6300
         70.8492
         62.6471
         15.7731
          0.0000
          0.0000
          7.0556
         22.3049
         76.5116
         25.6789
          0.0000
          0.0000
          0.0000
          0.0000
          6.9043
         18.9525
         41.1356
         16.5638
          0.0000
          0.0000
         34.3717
        108.1167
        181.6101
        106.4981
         65.8201
         65.7470
         15.6323
          4.3179
          0.0000
          0.0000
          0.0000
         15.4594
         55.8593
         16.9654
         30.5928
          5.5793
          0.0000
          0.0000
          0.0000
          0.0000
          0.0000
          0.0000
         17.3805
          0.0000
          0.0000
          0.0000
          6.0754
         10.2321
         24.1471
         28.9023
         18.0418
          0.0965
          0.0000
          0.0000
         13.5596
         31.1986
        103.5871
         79.4484
         31.9977
        109.8578
        202.7091
         98.5078
         71.5762
         54.5352
         36.3208
         11.2512
          0.0000
          0.0000
          0.0000
          0.0000
          0.0000
          0.0000
          0.0000
          0.0000
          0.0000
          0.0000
          7.3057
         41.4390
         80.3131
         95.4257
        111.1800
         52.8463
         17.7002
          0.0000
          0.0000
          0.0000
          0.0000
          0.0000
         37.1174
          0.0000
          2.3395
          0.0000
          0.0000
          0.0000
          0.0000
          0.0000
         32.8558
         17.8031
         41.1452
          8.5760
          0.0000
          0.0000
          0.0000
          0.0000
          5.1720
         74.8470
        127.3068
        178.1653
        232.4173
        130.7428
         81.1847
         69.2553
         57.4348
          0.0000
          0.0000
          0.0000
          0.0000
          0.0000
          0.0000
          0.0000
          0.0000
          0.0000
          9.7495
         13.3256
          5.4816
          0.0000
          0.0000
          0.0000
          0.0000
          0.0000
          0.0000
         64.3304
        200.4906
        200.8935
        200.5157
        263.4279
        317.9265
        333.8185
        373.7517
        405.0353
        444.5157
        186.0049
         54.5624
          0.0000
          4.7462
          0.0000
          0.0000
          0.0000
          0.0000
          0.0000
          0.0000
          0.0000
          0.0000
          9.2361
         95.2500
        137.1592
        167.5480
         73.9671
          0.0000
          2.1646
         35.7504
         50.6377
         62.5216
         67.8245
        117.6420
         18.9699
          0.0000
          0.0000
          0.0000
          0.0000
          0.0000
          0.0000
          0.0000
          0.0000
          0.0000
          0.0000
          0.0000
          0.0000
          5.3019
          0.5359
          0.0000
          0.0000
          0.0000
          0.0000
         40.3419
          0.0000
          0.0000
          0.0000
          0.0000
          0.0000
         73.7515
         33.3644
         13.0187
          0.0000
          0.0000
          0.0000
          0.0000
          0.0000
         98.9766
        115.5501
        127.1248
         19.3062
          0.0000
          0.0000
          0.0000
          0.0000
         27.3910
         30.1662
         30.4476
          0.0000
          0.0000
          0.0000
          0.0000
          0.0000
         37.8244
         55.7659
         72.6363
          0.0000
          0.0000
          0.0000
          0.0000
         50.3684
        184.6590
        227.1197
        270.3511
        122.6143
         47.5428
        114.3733
        197.5427
        170.0546
        186.6894
        136.4481
        154.2951
          2.2393
          0.0000
          0.0000
         40.2273
         26.6560
         25.1556
         34.7412
         55.5119
         37.2948
         24.2237
          0.0000
          0.0000
          0.0000
          0.0000
          0.0000
          0.0000
          0.0000
          0.0000
          0.0000
          0.0000
          0.0000
          0.0000
          0.0000
          4.5189
          0.0000
          0.0000
          4.2953
         48.9712
        113.9571
        175.3022
        187.5617
        241.7823
         97.0853
          3.1995
         41.2512
        150.7003
         72.8840
          4.3322
          0.0000
          0.0000
          0.0000
          0.0000
          0.0000
          0.0000
          0.0000
          0.0000
          0.0000
          0.0000
          0.0000
         58.2976
        110.6602
        153.6794
        127.9592
         70.5775
         63.3152
         53.9619
         99.1503
        178.0097
        151.9180
        123.3177
         74.6110
          4.6935
          0.0000
          0.0000
          0.0000
         25.2548
         19.3830
         67.4067
         90.8734
        109.8881
        135.5536
        165.9812
         37.1530
          0.0000
          0.0000
          0.0000
          0.0000
          0.0000
          0.0000
          0.0000
          0.0000
          2.0638
          0.0000
          0.0000
          0.0000
          0.0000
          0.0000
          0.0000
          0.0000
         11.8892
         32.2570
         12.8619
         34.7457
         89.1898
         83.9531
         85.5785
         46.6570
         75.0679
         97.6959
        120.1102
         74.1491
         23.5212
         29.9779
         44.7942
         67.0385
         61.9047
        106.6811
        177.9001
        140.3423
        112.7544
         42.8275
         12.2068
          0.0000
          0.0000
         14.6252
         62.5226
         24.5410
          2.1424
          4.8238
         24.4822
          6.0307
          0.0000
          0.0000
         14.9143
         71.9351
        128.6913
        111.8973
         76.9523
          4.0102
          0.0000
          1.3163
         18.7527
         29.8852
         49.4387
         69.9306
        100.5485
        123.0483
        120.1578
         86.4037
         61.6342
         30.5024
          0.4002
          0.0000
          0.0000
         20.0730
         41.5947
         32.4932
         24.9811
          0.0000
          0.0000
          0.0000
          0.0000
          0.0000
         11.4720
         13.0638
         20.8086
         38.6359
         63.4341
         16.7804
         10.1139
          0.0000
          0.0000
         10.6609
         37.7404
         38.8812
         52.5187
         43.6796
         34.2230
          0.0000
          0.0000
          0.0000
         97.3190
        107.8369
        140.7049
        149.8317
        178.1434
        107.4459
         60.9517
         31.9093
          9.7375
          0.0000
          0.0000
          0.0000
          0.0000
          1.0963
         24.3612
         20.6996
         33.1152
         17.6732
          6.7651
          5.9345
          0.0000
          0.0000
          0.0000
          0.0000
          0.0000
          0.8357
         25.6474
         32.3208
         49.2428
         26.5904
         14.3434
          0.0000
          0.0000
          0.0000
          0.0000
          0.0000
          0.0000
          0.0000
          0.0000
          0.0000
          0.0000
          0.0000
          0.0000
          5.1686
         28.8986
         28.0519
         27.6126
         71.9412
        134.9265
         98.9097
         87.2391
        108.0467
        128.0594
         28.4720
          0.0000
          0.0000
          0.0000
          0.0000
          3.0964
          3.2967
          5.8153
          0.0000
          0.0000
          0.0000
          0.0000
          0.0000
          0.0000
          0.0000
          0.0000
         20.1305
        112.8816
         74.1476
         46.4226
          6.8352
          0.0000
         15.7794
         43.5840
         40.2872
         41.6713
         21.6529
         40.1177
          0.0000
          0.0000
          0.0000
          6.8731
         11.6044
         10.3190
          0.0000
          0.0000
          0.0000
         11.6283
         17.7450
         26.1532
         20.6728
         21.7973
          5.1129
          3.5277
         45.6508
         87.5256
         50.2783
         12.0893
         26.1485
         48.5284
         35.5320
        106.1797
         80.1636
        108.8964
        133.3971
        155.7857
         63.1659
          3.2830
          0.0000
          0.0000
          0.0000
          0.0000
          0.0000
          0.0000
          0.0000
          4.0860
          0.0000
          0.0000
          0.0000
          0.0000
          0.0000
          0.0000
          0.0000
          0.0000
          0.0000
          0.0000
          0.0000
         10.3339
         72.5616
        140.9263
         23.0624
          0.0000
         17.9419
        115.5234
         40.8432
          0.0000
          0.0000
          3.9834
          9.0178
         37.7304
         21.1826
         42.5341
         34.4217
         37.0627
         16.6084
          2.3993
         17.1141
         29.5233
          5.6763
          0.0000
          2.2067
         42.8161
         38.2526
         34.5029
          0.0000
          0.0000
          0.0000
          8.0202
         20.0177
         62.5438
         72.0059
         98.4180
         37.0646
         13.0435
         10.1120
         53.3705
          0.0000
          0.0000
          0.0000
          0.0000
          0.0000
         37.7251
         58.2177
        129.2050
         60.9322
          0.0000
          0.0000
          0.0000
          0.0000
          0.0000
          0.0000
          0.0000
          0.0000
          0.0000
          0.0000
          0.0000
          0.0000
         16.8393
          5.4503
         29.5838
         54.0124
         60.4205
         69.5889
         77.3886
          5.2568
          0.0000
          0.0000
         22.6175
         21.9898
         53.6733
         66.8780
         86.0300
          0.0000
          7.5559
          1.6434
          0.0000
          0.0000
          0.0000
          0.0000
          0.0000
          0.0000
         24.5240
         51.6283
        135.7132
         99.5917
         85.1116
         92.1549
        109.0779
         40.0774
          5.7613
          0.0000
          0.0000
          0.0000
          0.0000
          0.0000
          0.0000
          0.0000
          8.8148
         14.0209
         76.2629
         54.3445
         40.3020
         98.1743
        151.9843
         76.2766
         91.4982
        116.4683
        184.6940
        105.6796
         54.0855
         30.2971
         57.6434
          0.0000
          0.0000
          0.0000
          0.0000
          0.0000
          0.0000
          0.0000
         47.6374
          0.0000
          0.0000
          0.0000
         35.4318
         14.3940
          0.0000
         49.0687
        100.4246
         25.5873
         14.0519
          0.0000
          0.0000
          0.0000
          0.0000
          0.0000
          0.0000
          0.0000
          0.0000
          0.0000
          0.0000
          0.0000
          0.0000
          0.0000
          0.0000
          0.0000
          8.2917
          0.0000
          0.0000
          0.0000
          0.2422
          8.5449
         34.8299
         48.9580
         58.3723
         34.8172
         33.3879
         33.7504
         34.3052
          8.0252
          0.0000
          0.0000
          3.5060
          0.0000
          0.0000
          0.0000
         24.9467
         33.1176
         41.7326
         28.6654
         19.6627
         71.5086
        162.7143
         92.7756
         36.8169
          9.6682
         12.9282
          2.4573
          0.0000
          5.9269
         88.7005
         86.9436
         85.0643
         48.9423
         12.7668
          0.0000
          0.0000
          0.0000
          0.0000
          0.0000
          0.0000
          0.0000
         61.5858
         33.1523
          7.7972
         51.7979
         92.8900
         26.9013
          2.6345
          0.0000
          0.0000
          0.0000
          0.0000
          0.0000
         22.1661
          0.0000
          0.0000
          0.7841
         12.7710
         29.9147
         57.9053
         34.0856
         22.1053
         19.2078
         28.4777
         35.1103
         66.2151
          3.2584
          0.0000
          0.0000
          0.0000
          0.0000
          0.0000
          0.0000
          0.6874
          8.3225
         11.4392
          2.6654
          0.0000
          6.1318
         21.7467
         49.6533
         81.3137
         41.3366
          1.0566
         53.9496
        128.7938
         51.0743
          0.0000
         24.5606
         61.9616
         36.1194
         13.3188
          0.0000
          0.0000
          0.0000
          0.0000
          0.0000
          8.5837
          0.0000
         35.6482
         26.8161
         25.8607
         26.0469
         39.5542
         18.8976
          4.7159
          9.0437
         12.2165
          0.0000
          0.0000
          0.0000
         21.9794
          8.5623
         16.4917
          0.0000
          0.0000
          0.0000
          0.0000
          0.0000
         10.9468
          0.0000
          0.0000
          0.0000
          0.0000
          0.0000
          0.0000
         11.6762
         48.7110
         49.2037
         62.5351
         16.9881
          0.0000
          0.0000
          0.0000
          0.0000
         22.5992
         44.2486
         82.9586
         15.9534
          0.0000
          0.0000
          0.0000
          0.0000
          0.0000
          5.2402
         86.0943
         47.3031
         26.9398
          0.0000
          0.0000
          0.0000
         11.1772
         18.4955
         25.7667
          0.0000
          0.0000
          0.0000
          0.0000
          0.0000
          0.0000
          0.0000
          0.0000
          0.0000
          0.0000
          0.0000
          0.0000
          0.0000
          0.0000
          0.0000
          0.0000
          0.0000
          0.0000
          0.0000
          0.0000
          0.0000
          0.0000
          0.0000
          0.0000
          0.0000
          0.0000
          0.0000
          0.0000
         20.9685
        110.8434
         81.6869
         62.1945
         82.1101
        101.4628
         24.3182
          0.0000
          0.0000
          0.0000
          0.0000
          0.0000
          0.0000
          0.0000
          0.0000
          0.0000
          0.0000
          0.0000
          0.0000
          0.0000
          0.0000
          0.0000
          0.0000
          0.0000
          0.0000
          0.0000
          0.0000
          0.0000
          0.0000
          0.0000
          0.0000
          0.0000
          0.0000
          0.0000
          0.0000
          0.0000
          2.6986
         37.5109
         19.1982
          1.2846
          3.5771
         28.6384
          6.1699
          0.0000
          0.0000
         20.5598
          0.0000
          0.0000
          0.0000
          0.0000
         17.4492
         29.3308
          0.0000
         26.8957
         73.5074
        144.5178
         57.0305
         19.0583
          0.0000
          0.0000
         27.3931
         69.1759
         47.4979
         25.6253
          1.3488
          0.0000
          1.7327
         41.8585
         27.8311
         19.8098
          0.0000
          0.0000
          0.0000
          8.8837
         17.4076
         35.2980
         74.3733
        117.7702
        117.3525
        141.2430
         79.6610
         35.5967
          9.1105
          0.0000
         15.4017
         32.1991
         31.9444
         37.3001
         32.8625
         29.0189
         24.8831
         20.4781
          0.0000
          0.0000
          0.0000
          0.0000
          0.0000
          6.0472
          3.6799
          1.0301
          0.0000
          0.0000
          0.0000
          0.0000
          0.0000
          6.3897
          0.0000
          0.0000
         20.7743
         44.9131
         17.4813
          0.0000
          5.8322
         28.8440
         30.9122
         34.6686
          0.0000
          0.0000
          0.0000
          0.0000
          8.0362
         27.2274
         33.2542
         55.2670
         32.0709
         16.2603
          0.0000
          0.0000
          0.0000
          0.0000
          0.0000
          3.0393
          0.0000
          0.0000
         13.5791
         52.5022
         62.2633
         83.0971
        117.1917
        155.0630
         91.0174
         39.6339
         26.9648
         28.3957
         17.2521
         10.8818
         55.0420
        101.1522
         64.7932
         59.4087
         29.9896
          6.4269
          0.0000
          0.0000
          4.6772
         31.4257
          5.7778
          5.9146
          8.3995
         12.4209
          8.0460
          7.6949
          7.2096
          7.9165
          6.7497
         14.9114
          0.0000
          0.0000
          0.0000
          0.0000
          0.0000
          0.0000
          0.0000
          0.0000
          0.0000
         25.8239
         53.7243
         80.6157
         64.0803
         58.6909
         31.0982
          8.5262
          0.0000
          0.0000
         47.0311
         94.7861
         75.5898
         55.5511
         45.6052
         37.5337
         16.3069
          0.0000
          0.0000
          0.0000
          0.0000
          0.0000
          0.0000
          0.0000
          0.0000
          0.0000
          0.0000
          0.0000
          0.0000
         25.2640
          0.0000
          0.0000
          0.0000
          0.0000
          0.0000
         20.5039
          7.0514
         22.3384
          0.0000
          0.0000
          0.0000
          7.7754
         10.4332
         14.1711
         22.0901
         29.9352
         21.2864
         14.7249
          7.5134
          6.0931
          0.0000
          0.0000
         15.6595
         59.8889
         11.5241
         11.3044
          0.0000
          0.0000
          0.0000
         29.3255
         50.9718
         73.2703
         36.6045
          6.9902
          0.0000
          0.0000
         16.7406
         80.3183
         39.0653
         11.6435
         12.6123
         12.8578
          6.4452
          7.2645
         68.6014
        137.0906
        137.7406
        151.8983
         48.0834
          0.0000
          0.0000
          0.0000
          0.0000
          0.0000
          3.6169
         30.1410
          0.0000
          0.0000
          0.0000
          0.0000
          0.0000
          0.0000
          0.0000
         17.5362
         30.7884
         45.7450
         46.9787
         60.7269
         55.9212
         63.0483
         63.6027
         67.9567
          0.0000
          0.0000
          0.0000
          0.0000
          0.0000
         90.3817
         71.0669
         54.9991
          0.0000
          0.0000
          0.0000
          0.0000
          0.0000
          0.0000
          6.2416
         23.3904
          0.0000
          0.0000
          0.0000
          0.0000
         25.0472
         64.4752
         52.1340
         53.3042
         23.7769
          5.4545
          0.0000
          0.0000
          0.0000
          8.9073
          0.3658
          0.0000
          0.0000
          0.0000
          0.0000
          0.0000
          0.0000
         39.9780
         32.8022
         33.4417
          0.0000
          0.0000
          0.0000
          0.0000
         14.5297
         52.7950
         64.2415
         77.2042
         26.1090
          1.5223
          0.0000
          1.5446
         13.3585
         22.4523
         15.9823
         17.3228
          0.0000
          0.0000
          0.0000
          0.0000
          0.0000
          0.0000
          0.0000
          0.0000
          0.0000
          6.8489
          0.0000
          0.0000
          0.0000
          0.0000
          0.0000
          0.0000
          0.0000
          0.0000
          0.0000
          0.0000
         37.4844
        107.0704
        108.4418
        107.5704
          5.8343
          0.0000
          0.0000
          0.0000
          0.0000
          0.0000
          0.0000
          9.3195
          0.0000
          0.0000
          0.0000
          0.0000
          0.0000
          0.0000
          0.0000
          9.4229
          3.6910
          0.0000
          0.0000
          0.0000
          0.0000
          0.0000
          0.0000
          0.0000
          0.0000
          0.3256
          0.0000
          0.0000
          0.0000
          0.0000
          0.0000
          0.0000
          0.0000
          0.0000
          0.0000
          0.0000
          0.0000
          0.0000
          0.0000
          0.0000
          0.0000
         28.3014
         18.0172
         10.8919
         12.2588
         58.5487
         53.2910
         35.8566
         50.9692
         75.5415
         40.4490
          6.5041
          0.0000
          0.0000
          0.0000
          0.0000
          0.0000
          0.0000
          0.0000
          0.0000
          0.0000
          0.0000
          0.0000
          0.0000
          0.0000
          0.0000
          0.0000
          0.0000
          0.0000
          0.0000
          0.0000
          0.0000
          0.0000
          5.1771
          0.0284
          0.0000
          0.0589
         11.2027
         19.4639
         26.5597
          0.0000
          0.0000
          0.0000
          0.0000
         14.0688
         93.5063
        105.3557
        131.2416
          0.0000
          0.0000
          0.0000
          0.0000
         35.9961
        112.3048
        107.6927
        105.5656
         40.3038
          2.4638
          0.6216
          3.2812
          0.0000
          9.3570
         47.8223
         83.2555
         22.1985
          0.0000
          0.0000
          0.0000
          0.0000
         24.2999
         66.3141
        103.0798
         13.5354
          0.0000
          0.0000
          0.0000
          0.0000
          0.0000
          0.0000
          0.0000
         27.8497
         44.8183
         71.3010
         94.5316
         62.7166
         31.0279
         25.8591
         35.9679
         24.1282
          9.1507
          1.6032
          0.0000
         51.3546
         83.5733
         74.5475
         98.4772
         13.8764
         16.4959
          0.0000
          0.0000
          0.0000
          0.0000
          0.0000
          0.0000
          0.0000
          0.0000
          0.0000
          0.0000
          0.0000
          0.0000
          8.4228
         80.8700
         31.1292
          0.0000
          0.0746
          4.5451
         74.2291
        149.5902
        138.0395
        130.4857
         62.8524
         16.1986
          0.0000
          0.0000
          0.0000
          0.0000
          3.6699
         26.8731
         16.7277
          4.5336
          5.0681
          5.4990
          0.4347
         11.0361
         16.2766
         21.3211
         10.7902
         25.0927
          0.0000
          0.0000
          0.0000
          0.0000
          0.0000
          0.0000
          0.0000
         59.7185
         21.3814
          0.0000
          0.0000
          0.0000
          0.0000
          0.0000
          0.0000
         41.2626
          0.0000
          0.0000
          0.0000
          0.0000
          0.0000
          0.0000
          0.0000
          0.0000
          0.0000
          0.0000
          0.0000
          0.0000
          0.0000
          0.0000
          0.0000
          0.0000
          0.0000
          0.0000
          0.0000
          0.0000
          0.0000
          0.0000
          0.0000
         51.3072
         18.1083
          0.0000
          0.0000
          0.0000
          0.0000
          0.0000
          0.0000
          0.0000
          7.1470
         26.1710
         26.9084
         29.4710
          0.0000
          0.0000
          0.0000
          0.0000
          0.0000
          0.0000
          0.0000
          0.0000
          0.0000
          0.0000
          0.0000
          0.0000
          0.0000
          0.0000
          0.0000
          0.0000
          0.0000
          0.0000
          0.0000
          0.0000
          0.0000
          0.0000
          0.0000
          0.0000
          0.0000
          0.0000
          0.0000
         15.2789
          0.0000
          0.0000
          0.0000
          0.0000
          0.0000
         18.4046
          0.0000
          0.0000
          0.0000
         12.7447
         72.7868
        128.5180
        104.8411
         83.1609
         55.2991
         29.0212
          0.0000
          0.0000
         18.0949
         47.3205
         41.4114
         15.2288
          7.8414
         14.2886
          0.0000
          0.0000
          0.0000
         10.4681
         49.1266
         89.6149
         12.1597
          0.0000
          0.0000
          0.0000
          0.0000
          0.0000
          0.0000
         34.8655
          0.0000
          0.0000
          0.0000
          0.0000
          0.0000
          0.0000
          0.0000
          0.0000
          0.0000
         49.8388
         48.9231
         48.2996
          2.2104
          0.0000
          0.0000
          0.0000
          0.0000
          0.0000
          0.0000
          0.0000
          0.0000
          0.0000
          0.0000
          0.0000
          0.0000
          0.0000
          0.0000
          0.0000
          0.0000
          7.1742
          0.0000
          0.0000
          0.0000
         39.2349
          0.0000
          0.0000
          0.0000
          0.0000
          0.0000
          0.0000
          0.0000
          0.0000
          0.0000
          0.0000
          0.0000
          0.0000
          0.0000
          0.0000
          0.0000
          0.0000
          8.0862
         49.7956
         51.6707
         55.4951
         39.9223
         56.7412
          3.6144
          0.0000
          0.0000
         17.5285
          1.0219
          0.0000
         47.0744
        106.9457
          0.0000
          0.0000
          0.0000
          0.0000
          0.0000
         13.4297
         33.3604
         67.9885
          0.7307
          0.0000
          0.0000
          0.0000
          0.0000
          9.3536
          0.0000
          0.0000
          0.0000
          0.0000
          0.0000
          0.0000
          0.0000
          0.0000
          0.0000
          0.8926
          0.0000
          0.0000
          0.0000
          0.0000
          0.0000
         34.0627
         35.5120
         46.3765
          0.0000
          0.0000
          0.0000
          0.0000
          0.0000
          0.0000
          0.0000
         11.2286
          4.5301
          1.9037
          0.0000
          0.0000
          0.0000
          0.0000
          0.0000
          0.0000
          0.0000
          0.0000
          0.0000
          0.0000
          0.0000
          0.0000
          0.0000
          0.0000
          0.0000
          0.0000
          0.0000
          0.0000
          0.0000
          0.0000
          0.0000
          0.0000
          0.0000
          0.0000
          0.0000
          0.0000
          0.0000
          2.8617
          1.3327
          7.6796
          0.0000
         19.9260
          0.0000
          0.0000
          0.0000
          0.0000
          0.0000
         72.1298
         28.1660
          0.0000
          0.0000
          0.0000
          0.0000
          0.0000
          0.0000
          0.0000
          0.0000
         36.5375
          1.3634
          0.0000
          0.0000
          0.0000
          0.0000
          0.0000
          0.0000
          0.0000
          0.0000
          0.0000
          0.0000
          0.0000
          0.0000
          0.0000
          0.0000
          0.0000
          0.0000
          0.0000
          0.0000
         55.0790
         39.8736
         12.5573
          0.0000
          0.0000
          0.0000
          0.0000
         12.5817
         51.7396
         44.6726
         38.9098
          0.0000
          0.0000
          0.0000
          0.0000
          0.0000
          1.0702
          0.0000
         29.1739
          0.0000
          0.0000
          0.0000
          0.0000
          0.0000
          0.0000
          0.0000
          0.0000
          0.0000
          8.6385
         22.8492
         41.9910
          0.0000
          0.0000
          0.0000
          0.0000
          0.0000
          0.0000
          0.0000
          0.0000
          0.0000
          0.0000
          0.0000
          0.0000
          0.0000
          0.0000
          0.0000
          0.0000
          0.0000
         18.8221
          8.8988
          0.0000
          0.0000
          0.0000
          0.0000
          0.0000
          0.0000
          0.0000
          0.0000
          0.0000
          0.0000
          0.0000
          0.0000
          0.0000
          0.0000
          0.0000
          0.0000
          0.0000
          0.0000
          0.0000
          0.0000
          0.0000
         42.9245
        105.3207
          3.1599
          0.0000
          0.0000
          0.0000
         10.6912
         30.2529
         95.7949
        215.1727
        164.0980
        119.1685
          0.0000
          0.0000
          0.0000
          0.0000
          0.0000
          0.0000
          0.0000
         56.1710
          0.0000
          0.0000
          0.0000
          0.0000
          0.0000
         36.7972
         59.9292
         99.5037
         16.2940
          0.0000
          0.0000
          0.0000
          0.0000
          0.0000
          0.0000
          0.0000
          0.0000
          0.0000
          0.0000
          0.0000
          0.0000
          0.0000
          0.0000
         31.0808
          0.0000
          0.0000
          0.0000
          0.0000
          0.0000
         31.2542
         54.7149
         76.5343
          9.5136
         33.7710
         18.5539
          2.8779
          0.0000
          0.0000
          0.0000
         25.8214
          0.0000
          0.0000
          0.0000
          0.0000
          0.0000
         12.2901
         27.6619
         43.9830
          0.0000
          0.0000
          0.0000
          0.0000
          0.0000
          0.0000
          0.0000
          0.0000
          0.0000
          0.0000
          0.0000
          0.0000
          0.0000
         21.8445
          0.0000
         33.5010
          0.0000
          0.0000
          0.0000
          0.0000
          0.0000
         37.0198
         29.7984
         22.3280
          9.5554
         82.2601
          7.1279
          0.0000
          0.0000
          0.0000
          0.0000
         19.9387
          4.2079
          0.0000
          0.0000
          0.0000
          0.0000
          0.0000
          0.0000
          0.0000
          0.0000
          0.0000
          0.0000
          0.0000
          0.0000
          0.1851
          0.0000
          0.0000
          0.0000
          0.0000
          0.0000
          0.0000
          0.0000
         14.5003
          0.0000
         31.7070
          0.0000
          0.0000
          0.0000
          0.0000
          0.0000
          0.0000
          0.0000
          0.0000
          0.0000
          2.7964
          0.0000
          0.0000
          3.2474
         71.8534
         57.6380
         47.6330
          0.0000
          0.0000
          0.0000
          0.0000
          0.0000
          0.0000
          1.3395
         15.5328
          1.7496
          0.0000
          0.0000
          0.0000
          0.0000
          0.0000
          5.7809
         27.2105
          0.4501
          0.0000
          0.0000
          0.0000
          0.0000
         75.5993
         85.8742
        100.5524
         67.7445
         31.7719
         25.8082
         24.6360
         51.3119
         76.4167
         78.7382
         79.9390
         27.0850
          0.0000
          0.0000
          0.0000
         26.5922
         62.6351
         42.4355
         27.3090
          0.0000
          0.0000
          0.0000
          0.0000
          0.0000
          0.0000
          0.0000
          0.0000
          0.0000
          0.0000
          0.0000
          0.0000
          0.0000
          0.0000
         13.6084
         79.0739
         38.7226
          0.0000
          0.0000
          0.0000
          0.0000
          0.0000
          0.0000
          0.0000
          0.0000
         24.1177
          0.0000
          0.0000
          0.0000
          0.0000
          0.0000
          0.0000
          0.0000
          0.0000
          0.0000
          0.0000
          0.0000
          0.0000
          0.0000
          0.0000
         64.5999
        243.5484
        114.8623
         31.4696
         12.9112
          0.0000
          0.0000
          0.0000
          1.9003
        108.5894
         41.7262
         18.8039
         30.6697
         76.0715
         74.7214
         70.3868
        107.0408
         96.4333
         20.9580
          0.0000
          0.0000
          0.0000
          0.0000
          0.0000
          0.0000
          1.6388
          0.0000
          0.0000
          0.0000
          0.0000
          0.0000
          0.0000
          0.0000
         41.0670
         21.7592
          2.3099
          0.0000
          0.0000
          0.0000
          0.0000
          0.0000
          1.1532
          0.0000
          0.0000
          0.0000
          0.0000
          0.0000
          2.0320
          0.0000
          0.0000
          0.0000
          0.0000
          0.0000
         98.0706
        104.0514
        159.7365
         91.0723
         41.4857
         34.4850
         25.3045
          0.0000
          0.0000
         39.0619
        125.6429
         52.8485
          0.0000
          0.0000
          0.0000
         18.1431
         75.1098
         65.5312
         65.0415
         57.6647
         50.5219
         53.4855
         55.5813
          0.0000
          0.0000
          0.0000
          0.0000
          5.2334
         54.0367
         12.3989
          0.0000
          0.0000
          0.0000
          0.0000
          0.0000
          0.0000
         35.3919
         11.0499
          0.0000
         17.8186
         77.3861
         77.6978
         75.6927
         11.0308
          0.0000
          0.0000
          0.0000
          0.0000
          0.0000
          0.0000
          0.0000
         13.9711
        155.0926
         74.3325
          3.0349
          0.0000
          0.0000
          0.0000
          0.0000
          0.0000
          7.7449
          1.1812
          3.7144
          0.0000
          0.0000
         37.0790
        141.7447
        201.2684
        240.3918
        222.6915
        247.3886
        111.0791
         28.0023
         88.9035
        139.2596
         81.0662
         30.3742
          0.0000
          0.0000
          0.0000
          0.0000
          0.0000
          0.0000
         99.4331
        181.8879
        111.6217
         66.1632
        104.2517
        124.4166
        161.7407
        191.8093
         54.2170
          7.3427
          0.0000
          0.0000
          0.0000
          0.0000
          0.0000
          0.0000
          0.0000
          0.0000
          0.0000
          0.0000
          0.0000
          0.0000
          0.0000
         80.9735
          4.9038
          0.0000
          0.0000
         63.9964
          0.0000
          0.0000
          0.0000
          0.0000
          0.0000
          5.3641
          1.2374
          0.0000
          0.7175
          4.4997
          0.5600
         32.1292
         71.1017
        139.3525
        172.5957
        196.6910
        152.9629
        133.5181
        150.4839
        164.8121
         51.2800
          1.4003
          0.0000
          0.0000
          0.0000
          0.0000
          0.0000
          0.0000
         59.0885
        182.8748
        141.3444
        101.4866
        133.0559
        168.5018
        112.0588
         84.2638
         13.6066
          0.0000
          0.0000
          0.0000
          0.0000
          0.0000
          0.0000
          0.0000
          5.6154
         25.3024
          1.7783
          0.0000
          0.0000
         26.3275
         45.3951
         68.5574
         18.0631
         23.2180
          0.0000
          0.0000
          0.0000
          0.0000
          0.0000
          0.0000
          0.0000
          5.9600
          0.0000
          0.0000
          0.0000
          0.0000
          0.0000
          0.0000
          4.3597
         23.4595
         11.3158
          0.0000
          7.5221
         22.8857
         62.6161
         98.2408
         59.4189
         20.0939
          2.0936
          0.0000
          0.0000
          0.0000
          0.0000
          0.0000
          0.0000
          0.0000
          0.0000
          0.0000
          0.0000
          0.0000
          0.0000
          0.0000
          0.0000
         29.9320
          2.8025
          0.0000
          0.0000
          0.0000
          0.0000
          0.0000
          0.0000
         31.9655
          2.8660
          0.0000
          0.0000
          0.0000
         16.2913
         51.3002
         68.3040
        142.0857
         28.7096
          0.0000
          5.9721
         41.1676
         16.5655
          0.0000
         15.0818
         27.6985
          0.0000
          0.0000
          0.0000
          0.0000
          0.0000
          9.2692
         31.8590
         56.4323
         48.2449
         33.8086
         35.7804
         37.1012
          1.3842
          0.0000
         21.3973
         57.8488
         52.0425
         67.4294
         10.9012
          0.0000
         12.7134
         70.6829
         42.4522
         33.2628
         29.3472
         53.3958
         33.2022
         12.4586
         40.5942
         69.2515
         93.4260
        133.9207
        140.3536
        152.2626
        151.8653
        153.6512
        221.2518
        281.2449
        228.3846
        179.2779
         61.0009
          0.0000
          0.0000
          0.0000
          0.0000
          2.1706
          0.0000
          0.0000
          0.0000
          0.0000
          0.0000
          0.0000
          0.0000
          0.0000
          0.0000
         26.6735
         10.1037
          0.0000
         56.2694
        200.2121
        200.8720
        197.6940
         48.7432
          0.0000
          0.0000
          0.0000
          8.8586
        128.4821
        100.4010
         76.9206
         29.6114
          8.2307
          0.0000
          0.0000
          0.0000
          0.0000
          0.0000
          0.0000
          0.0000
         41.5663
         95.3683
         75.0175
        105.4394
        133.2986
         84.8523
         29.2322
         16.0205
          0.0000
          6.3889
         38.4590
        112.6663
        183.5686
        206.0558
        196.3845
        121.6116
         50.6701
          0.0000
          0.0000
          0.0000
          0.0000
          0.0000
          0.0000
         65.0027
        123.9255
        160.5908
        182.3458
         36.5213
         20.0926
          0.0000
          0.0000
          0.0000
          0.0000
          0.0000
          0.0000
          0.0000
          0.0000
          0.0000
          0.0000
          0.0000
         90.5806
         48.3952
          9.1677
        135.8751
        252.9124
        349.7213
        413.0887
        184.3301
         46.5240
          0.0000
          0.0000
          0.0000
         44.4299
         22.5273
         40.0426
          0.0000
          0.0000
          0.0000
          0.8456
          0.0000
         21.5310
          0.0000
          0.0000
          0.0000
          3.8637
          0.0000
          0.0000
          0.0000
          0.0000
          0.0000
          0.0000
          0.0000
          0.0000
          0.0000
          0.0000
         42.1220
        126.5070
        155.3199
        197.6521
         91.0899
          0.0000
          0.0000
          0.0000
          0.0000
         59.7529
         88.0948
        117.2128
         62.4824
          8.8436
         20.5560
         66.4665
         58.4522
         51.7485
         51.5338
         55.0315
         46.1007
         52.4375
          0.0000
          0.0000
          0.0000
          0.0000
         56.7984
        119.5190
         49.3380
          0.0000
          0.0000
          0.0000
          0.0000
        102.0759
         65.7407
         32.7905
         24.6452
         41.4073
         17.2297
          6.8119
          0.0000
          0.0000
          0.0000
          2.4129
          4.6320
         18.9122
          0.0000
          0.0000
          0.0000
          0.0000
          0.8956
         44.4340
          0.0000
          0.0000
          0.0000
          0.0000
         26.0365
        163.6076
        130.4077
        127.3467
         58.8567
          0.0000
          0.0000
          0.0000
         17.8457
         48.0269
          4.3818
          7.1556
          0.0000
          0.0000
          0.0000
          0.0000
          0.0000
          0.0000
         14.1644
         34.7415
         48.6799
         81.2928
         81.2928
          3.3059
          3.3059
         53.0016
         61.3694
         68.4307
         76.6815
         66.3270
          0.0000
          0.0000
          0.0000
          0.0000
          0.0000
          0.0000
         10.9019
         42.1994
         33.9458
         36.1296
         34.1059
         76.8617
         18.5816
          0.0000
          0.0000
          0.0000
          0.0000
          0.0000
          0.0000
         39.8276
         84.7767
        128.3946
         67.4662
         19.3858
          3.7693
          0.6427
         41.7655
         81.3384
        107.2508
        156.0421
         66.8425
          0.0000
          0.0000
          0.0000
          0.0000
         24.6491
         40.8748
         57.7859
         77.7367
         99.2034
         58.0794
         17.0960
         11.9662
          7.4596
          0.0000
          1.9299
         15.5548
         29.6885
         28.2579
         44.8742
         47.0600
         50.6533
         79.7585
         77.9038
         52.3015
         27.4783
         33.1785
         58.5983
        119.6118
        202.0143
        170.2162
        133.2825
         37.6090
          0.0000
          0.0000
          0.0000
          0.0000
         13.4106
         10.5636
         16.1791
          0.0000
          0.0000
          0.0000
          0.0000
          0.0000
         17.4806
         34.5285
         50.0302
         14.3358
          5.7778
          0.0000
          0.0000
          0.0000
          0.0000
          0.0000
          0.0000
          0.0000
          0.0000
          0.0000
          0.0000
          0.0000
          0.0000
          0.0000
          0.0000
          0.0000
         38.3710
          0.0000
          0.0000
          0.0000
          0.0000
          0.0000
         20.3466
          0.0000
         11.1213
          0.0000
          0.0000
          0.0000
          0.0000
          0.0000
          0.0000
          0.0000
         10.4212
         14.5370
         19.3521
         97.8389
        203.4504
        123.7972
         77.1316
         33.3645
          0.0000
          0.0000
          0.0000
          0.0000
          0.0000
          0.0000
          0.0000
          0.0000
          0.0000
          0.0000
          0.0000
          0.0000
          0.0000
          0.0000
          0.0000
          0.0000
          0.0000
          0.0000
          0.0000
          0.0000
         12.8613
         18.2855
         30.2196
         24.4303
         33.9680
          0.0000
          0.0000
          0.0000
          0.0000
          0.0000
          0.0000
          0.0000
          0.0000
          0.0000
          0.0000
          0.0000
         14.7777
         20.3702
         22.5813
          3.2628
          8.2670
          0.0000
          0.0000
          0.0000
         36.5032
         18.9235
         22.2575
         48.8959
         62.6686
        134.7251
        226.5784
        171.6364
        102.5596
         84.5487
         69.1241
         17.3312
          7.5940
          0.0000
          0.0000
          0.0000
         33.3178
         53.2001
         76.2656
         18.1010
          4.8035
          0.0000
          0.0000
          0.0000
          0.0000
          0.0000
          5.1635
          0.0000
        123.0534
         17.2963
          0.0000
          0.0000
          0.0000
          0.0000
          0.7231
          7.4259
         13.8686
          0.0000
          0.0000
          0.0000
          0.0000
          0.0000
          0.0000
          0.0000
         13.1877
          0.0000
          0.0000
          0.0000
          0.0000
          3.4205
         18.6961
         21.5134
         23.6922
         17.6112
         15.9114
         10.7189
         46.9670
         18.2722
         14.0985
         56.6486
         86.0691
         83.7608
        108.4089
         64.4813
         81.6410
         78.3906
         59.8658
         19.2446
          0.0000
          0.0000
         11.4558
         40.5285
         73.1291
        155.7035
        279.0006
        112.9187
          0.6169
          5.4804
         12.0459
         46.6282
         80.7022
        102.9440
        141.1649
         19.3783
          6.2043
          0.0000
          0.0000
          0.0000
          0.0000
          3.5909
         50.2780
         28.6382
         15.8488
          0.0000
          0.0000
          0.0000
          0.0000
          0.0000
          0.0000
          0.0000
          0.0000
          0.0000
          0.0000
          0.0000
          0.0000
          0.0000
         14.1907
         37.1937
         56.0038
         54.8575
         52.7625
          1.0037
          1.0516
          0.0000
          0.0000
          0.0000
          4.0340
          0.0000
          0.0000
          0.0000
          0.0000
          0.0000
          0.0000
          0.0000
         21.6192
          2.5859
          0.0000
          0.0000
          0.0000
          0.0000
          0.0000
          0.0000
          3.2539
          0.0000
          0.0000
          0.0000
          0.0000
          0.0000
          0.0000
          2.6317
         33.3734
         15.4633
          0.0000
          0.0000
          0.0000
         12.4485
         36.0572
         17.9866
          0.0000
         16.8490
         38.1761
         12.3587
          0.0000
          0.0000
          0.0000
          0.0000
          0.0000
          0.0000
          0.0000
          0.0000
          0.0000
         60.1576
        122.0796
         93.5420
         22.0183
          0.0000
          0.0000
          6.1622
         90.5329
        124.7434
        150.4784
        119.4894
        123.8358
          7.6323
          0.0000
          0.0000
          0.0000
          0.0000
          0.0000
          0.5964
         51.6726
         41.6405
         38.5306
         36.0902
         50.0493
         73.5889
         95.5603
         65.8891
         29.4510
         11.7936
          3.9915
          9.9080
         17.9579
         31.4327
         46.4043
          2.9416
          1.8343
          1.4341
         25.3501
         66.3470
        121.5874
        106.5960
         85.6739
         15.7373
          0.0000
          0.0000
          0.0000
          0.0000
         42.6502
         75.9556
         99.6318
         24.7744
          0.0000
          0.0000
          0.0000
          0.0000
          0.0000
          0.0000
         11.8563
          0.0000
          0.0000
          0.0000
          0.0000
          0.0000
          0.0000
          0.0000
          0.0000
          0.0000
         19.9251
          7.4873
          0.0000
          0.0000
          0.0000
          0.0000
          0.0000
          0.0000
         26.3334
          5.6930
          0.0000
          0.0000
          0.0000
          0.0000
          0.0000
        108.6551
        211.4016
        266.4588
        317.9707
        249.2575
        138.4309
        149.9828
        162.5340
         15.4803
         16.3245
          7.2179
          0.0000
          0.0000
          0.0000
          0.0000
          0.0000
          0.0000
          0.0000
          0.0000
         30.3419
         91.9855
        150.5267
        190.1164
        225.5905
        180.2728
        122.7717
        168.2368
        200.5075
        152.1244
        115.7040
        116.1653
        118.0507
        107.0594
         67.0806
         95.8229
        165.2971
        184.1756
        176.7969
         88.9616
         15.1986
         19.9106
         36.4291
          0.0000
          0.0000
          0.0000
         12.5453
         30.9353
         45.7514
          0.0000
          8.5849
          0.0000
          0.0000
          0.0000
          0.0564
         15.6712
         92.3626
        172.2497
        272.7424
        169.5246
         67.1555
        115.3199
        157.3440
        194.8556
        225.4268
        142.8567
         94.0641
         56.2848
         40.8028
         20.0928
          0.0000
         24.3104
         54.8101
         85.2071
        112.3334
        127.1168
        175.4891
        124.9600
         77.9555
         91.9161
        106.0039
         86.2811
         56.5534
         48.1562
         62.8118
         33.4359
         18.6288
         34.7236
         52.5086
         35.5670
         24.7062
          3.4887
          0.0000
          0.0000
         47.5644
         26.0511
         16.8075
          0.0000
          0.0000
          0.0000
          0.0000
          0.0000
         27.9433
         26.8865
         22.8893
          0.0000
          0.0000
          0.0000
          0.0000
          0.0000
          0.0000
          0.0000
          0.0000
          0.0000
         79.6490
        138.1105
        199.1433
        195.5646
        161.0480
        129.5760
        142.5258
        132.8072
        109.5436
        163.9960
        217.6449
        130.3554
         75.7561
        103.2547
        130.7369
         34.0807
          6.9529
          0.0000
          0.0000
          2.6061
         94.6533
         66.4640
         68.7188
         54.9983
         55.0209
         48.9557
         81.8649
         71.4125
         59.2227
         29.0280
          6.3909
          0.0000
          0.0000
          0.0000
          0.0000
          0.0000
          0.0000
          0.0000
          0.0000
          0.0000
         45.7338
         70.3739
         96.9535
         81.8065
         64.4523
         74.2161
         82.3543
         55.9430
         43.9600
         78.6011
        111.3642
         69.3513
         42.1289
         48.7749
         54.6152
         42.5919
         31.1884
         48.9012
         64.8904
         33.6825
          2.1003
         43.1000
         83.5245
         75.4869
         92.8633
         69.1988
         51.1722
         28.9564
          0.0000
         58.0238
        116.8369
        127.5848
        120.0708
         58.5567
          0.6834
          0.0000
          0.0000
         21.8685
        124.6252
        210.1388
        291.0698
        240.0351
        182.9352
        116.9965
         58.2640
         88.8266
         77.8014
        106.5430
         74.1225
        112.2761
        150.0909
        222.6801
        292.6909
        350.3302
        403.3876
        194.5039
          1.5383
          0.0000
          0.0000
          0.0000
          0.0000
          0.0000
         53.3091
         22.5979
         11.8974
          0.0000
          0.0000
          0.0000
          0.0000
          0.0000
          0.0000
          0.0000
         27.4273
         20.5477
         14.1128
          3.3554
          0.0000
         21.3442
         60.9094
         31.3417
         36.1858
         29.7856
         61.2884
         82.9315
        112.2877
         99.8707
         85.2935
         67.5511
         30.1548
        159.6627
        276.5533
         89.2753
          0.2719
          0.0000
          0.0000
          0.0000
         36.0801
          0.0000
          0.0000
          0.0000
          0.0000
          0.0000
          0.0000
          0.0000
         22.3387
          0.0000
          0.0000
          0.0000
          0.0000
         49.9202
        106.7442
         19.6884
          0.0000
          0.0000
          5.8250
          0.0000
         14.1144
          0.0000
          0.0000
          0.0000
        113.0449
        104.2026
        100.2074
        118.7829
        166.6787
        158.5293
        192.7216
         35.2458
          0.0000
          0.0000
          0.0000
          0.0000
          0.0000
          0.0000
         65.0386
         24.0035
          2.3174
          0.0000
          0.0000
          0.0000
          2.2597
          0.0000
         14.3022
         26.0816
         31.4376
         72.6879
        132.8825
         59.9234
         11.6966
         46.7797
         80.5968
         72.2865
         66.7489
         14.8291
          0.0000
          0.0000
          0.0000
          0.0000
          0.0000
          0.0000
         16.8905
          0.0000
          0.0000
          0.0000
          0.0000
          0.0000
          0.0000
          0.0000
         43.4737
         27.1903
         14.9943
         34.2900
         53.0012
         37.7335
         25.2814
         70.1089
        112.4920
         58.9436
         23.9383
         21.4541
         18.2217
          0.0000
          0.0000
          0.0000
          0.0000
          0.0000
          0.0000
          0.0000
          0.7267
          0.0000
          0.0000
          0.0000
          0.0000
          0.0000
          0.0000
          0.0000
         23.4711
         36.7103
         49.7524
         14.4710
          0.0000
          0.0000
          0.0000
         21.8365
        119.1132
         98.0328
         78.9282
         34.3546
          0.0000
         28.3242
         79.9226
         56.4343
         31.9915
          8.8349
         21.5550
         17.1712
          8.9170
         66.3763
        153.6043
        101.8894
         37.3118
         43.1376
         52.1828
         23.5167
         33.5109
          0.0000
          0.0000
          0.0000
          0.0000
         13.5722
         41.9128
         11.8046
         15.2817
          0.0000
          0.0000
          0.0000
         20.1386
          0.0000
          0.0000
         10.4249
         27.2739
         38.0970
         57.4694
        112.2723
        147.5519
        122.4503
         82.3488
         50.6564
         10.8294
         31.3663
         60.3694
         81.2202
        101.1470
         77.8538
         52.0318
          0.0000
          0.0000
          0.0000
          0.0000
          0.0000
          0.0000
          0.0000
          0.0000
          0.0000
         10.7410
         13.3595
         61.0654
         39.2734
         15.7120
          4.5607
          0.0000
          0.0000
          0.0000
          0.0000
          0.0000
          0.0000
         39.4175
         89.9507
        139.1652
         47.4594
          0.0000
          0.0000
         16.4801
          0.0000
          0.0000
          0.0000
          0.1590
          0.0000
          0.0000
          0.0000
          0.0000
          0.0000
          2.4485
         50.5298
         98.1977
         46.6364
         11.3202
          0.0000
          0.0000
          0.0000
          2.6628
         31.1768
         58.9233
        123.2648
        183.8057
        110.8250
         53.1550
          7.0010
          0.0000
          0.0000
         17.9302
         10.6554
          0.0000
         28.0375
         54.5028
          0.0000
          0.0000
          0.0000
          0.0000
          0.0000
          2.6350
          0.0000
          5.9397
          0.0000
          0.0000
          0.0000
          0.0000
          2.9736
         10.8191
          0.0000
          0.0000
         10.9922
         52.0154
         31.7477
         14.1699
         59.7947
        125.7597
         51.3748
          0.0000
         42.2096
        166.8750
         84.0525
         31.1232
          0.0000
          0.0000
          0.0000
          0.0000
          0.0000
         19.7635
          7.4118
          5.5033
          0.0000
          0.0000
          0.0000
          0.0000
          0.0000
         34.9213
          0.0000
         19.1536
          0.0000
          0.0000
          0.0000
          0.0000
          7.6067
         64.5815
         35.1839
         14.5399
         10.7100
          9.4756
         32.3342
         86.0244
        108.8404
        138.0377
        103.3657
         76.2460
         58.6114
         44.2190
         44.7541
         57.2298
         33.6914
          6.9390
         28.7709
         49.6963
         31.9306
         11.3628
          0.0000
          0.0000
          0.0000
         14.9722
          0.0000
          0.0000
          7.5975
         24.0013
         81.9650
        167.1930
        154.9879
        142.9228
        114.5175
        106.1702
         23.3832
          7.0004
          0.0000
          0.0000
          0.0000
          5.4032
          0.0000
          8.5643
         52.3284
         85.1513
         82.6767
         73.6037
          0.0000
          0.0000
          0.0000
          0.0000
         64.4139
         89.9474
          0.0000
          0.0000
          0.0000
          0.0000
          0.0000
          0.0000
          0.0000
         33.6141
         22.5162
          4.7987
          0.0000
          0.0000
         25.8989
         71.4541
          0.0000
          0.0000
          0.0000
          0.0000
          0.0000
        109.7692
        106.2566
        101.9489
          4.4927
          6.3618
          0.0000
          0.0000
          0.0000
          0.0000
          0.0000
          0.0000
          0.0000
          0.0000
          0.0000
          0.0000
          0.0000
          0.0000
          0.0000
         18.9235
         64.3090
        108.3127
         54.5031
          5.3709
         77.8020
        151.8986
        114.5055
         75.3550
         28.4157
         21.9559
          1.8621
          0.0000
         19.7387
         48.7608
         95.7510
        142.0800
         56.4185
          0.0000
          0.0000
          0.0000
          0.0000
          0.0000
          0.0000
          8.4262
         46.9254
         88.5678
         39.7700
          0.0000
          0.0000
          0.0000
          0.0000
          0.0000
          5.2901
         21.1823
          0.2490
          0.0000
          0.0000
         11.2838
         15.8048
         20.6534
         34.5279
         48.3201
         41.5996
         39.1369
         35.3817
         65.6764
         53.1319
         42.6448
          0.0000
          0.0000
          0.0000
          0.0000
          0.0000
          0.0000
          0.0000
          8.1074
         30.7010
         52.0101
         16.1303
          0.0000
          0.0000
          0.0000
          0.0000
         36.1810
          0.0000
          0.0000
          0.0000
         53.2201
          4.6689
          0.0000
          0.0000
         10.8816
         23.2795
         37.8700
         68.5052
        136.0344
         83.9218
         45.3572
         45.3700
         45.6374
         28.3941
         17.5147
         61.6462
        125.8453
        141.6167
        150.5025
        129.6218
        127.0267
         21.9264
          7.8264
          0.0000
          0.0000
          0.0000
          0.0000
          0.0000
          0.0000
          2.3654
         18.9723
          9.8340
          0.2472
          7.6894
         14.0761
          7.1660
          0.1126
         92.4716
        174.6864
        245.8559
        309.9440
         70.1907
          0.0000
          0.0000
          0.0000
          0.0000
          1.2422
          0.0000
          0.0000
          0.0000
          0.0000
          0.0000
          5.4325
          2.3532
          1.9142
          0.0000
          0.0000
          0.0000
          4.9303
         17.6408
         31.4500
         47.9070
         95.4254
         79.2906
         58.4203
         79.0514
         95.9640
         75.1194
         51.8669
         35.6605
         16.1341
         20.5004
         21.1018
         51.1517
         85.1873
         77.9923
         79.0804
         51.0057
         14.4146
          0.0000
          0.0000
          0.0000
          7.5508
         20.1715
         34.4336
         29.1533
         20.4157
        100.6016
        179.4892
        150.8189
        151.5538
         82.7948
         59.0258
         11.9474
         15.5133
          0.0000
          0.0000
          0.0000
          1.6396
          0.0000
         15.9492
          6.0327
          3.9707
          0.0000
          0.0000
          0.0000
          0.0000
         15.4304
         65.6998
         64.0380
         57.8037
         27.0218
          0.7632
          0.0000
          0.0000
          3.6568
         10.0366
         30.3736
         70.3830
         34.9837
          0.0000
         14.7811
         36.6008
         11.9603
          4.6117
         14.6466
         39.9439
         36.7699
         32.9182
         27.6202
         30.9874
         19.1934
         19.4971
         46.9742
         90.1777
          0.0000
          0.0000
          0.0000
          0.0000
         22.9045
         48.0306
         26.4671
         14.9787
          0.0000
          0.0000
          0.0000
          0.0000
          0.0000
          0.0000
         10.2661
         21.9888
          3.6139
          0.0000
          2.9372
          7.6119
          7.5512
         16.7992
         16.1554
         14.6636
          4.8093
          0.0000
          4.6325
         17.4571
         23.3131
         28.2770
          0.0000
          0.0000
          0.0000
          0.0000
          0.0000
         47.4319
         59.5790
         81.4802
         14.9209
          0.0000
          0.0000
          0.0000
          0.0000
          0.0000
          0.0000
          0.0000
          0.0000
         17.1138
          0.0000
          0.0000
          0.0000
          0.0000
         13.8452
         41.2987
          7.1789
          0.0000
          0.0000
          0.0000
          0.0000
         83.7351
        119.0650
        153.8564
         87.8897
         15.2628
          0.0000
          0.0000
          0.0000
         19.0539
          0.0000
          0.0000
          0.0000
          0.0000
          0.0000
          0.0000
          0.0000
          0.0000
          0.0000
          0.0000
          0.0000
          0.0000
          0.0000
          0.0000
          0.0000
         33.4517
         43.9331
         54.9445
         37.7605
         34.0219
          0.0000
          0.0000
          0.0000
          0.0000
         14.3062
         39.3911
         31.6357
         31.9179
         23.7855
         11.2286
         22.7346
         35.5780
         34.9160
         33.3827
         51.5745
         65.0772
         61.4513
         56.0682
          9.0278
          0.0000
          0.0000
          0.0000
          0.0000
         29.9609
         16.4748
         15.0926
          0.0000
          0.0000
          0.0000
          0.0000
          0.0000
         28.5461
         34.4067
         50.4844
         42.9825
         36.5142
         50.9393
         67.0528
         91.9045
        115.6485
         69.2021
         26.7769
         14.8247
          4.3839
         28.7812
         53.1340
         53.4096
         55.1170
         56.6211
         50.1404
         32.3375
         44.7104
         29.7834
         16.5554
         11.6267
         41.7572
          7.5029
          0.0000
          0.1316
         70.0776
         75.4210
         80.9592
         14.3569
          0.0000
          0.0000
          0.0000
          0.0000
          0.0000
          0.0000
         19.2773
         24.4074
         29.7086
         37.9557
         66.4731
         66.6687
         85.4060
         93.3881
        102.1959
         73.2853
         42.3304
          0.0000
          0.0000
          0.0000
          0.0000
          0.0000
          0.0000
          6.0180
         39.6372
         11.3903
          0.0000
          0.0000
         16.8167
         15.6161
         15.8650
         23.1752
         33.2282
          0.0000
          0.0000
          0.0000
          0.0000
          0.0000
          0.0000
          0.0000
         53.0234
         24.6956
          0.0000
         48.9647
        124.2153
        107.0277
        104.1267
         43.7061
         18.0122
          5.1105
          0.0000
          0.0000
          0.0000
          0.0000
          0.0000
         18.9483
         39.1855
         12.4596
          0.0000
          0.0000
          8.6678
         17.4460
         26.1198
         33.0414
         37.9670
         20.7652
          6.6352
          0.0597
          0.0000
          0.0000
          2.3320
         16.8965
         31.5860
         10.8467
          0.0000
          0.0000
          0.0000
          0.0000
          0.0000
          0.6129
         36.7622
          1.9136
          0.0000
          0.0000
          0.0000
          0.0000
          0.0000
          0.0000
         53.0291
         39.8291
         35.0353
         47.3533
         86.4728
         29.6093
         10.5085
         30.7868
         50.5684
         18.2547
          0.0000
          5.5779
         41.8138
         26.8847
         13.1556
         28.5318
         40.8422
         60.9123
         80.5760
        119.7262
        187.6598
        115.1283
         67.5286
         29.8636
         13.8817
         41.6676
         71.6567
         58.5966
         46.0125
         20.2667
          3.7677
         42.4182
         78.6881
         21.1843
          0.0000
          0.0000
         19.8823
         30.4966
         37.0214
         34.2724
         29.5179
          0.0000
          0.0000
          0.0000
          0.0000
          0.0000
          0.0000
          1.4165
         52.3434
         40.6487
         27.9975
          0.0000
          0.0000
          0.0000
          0.0000
          0.0000
          6.0141
          0.0000
          0.0000
          0.0000
          0.0000
          0.0000
          0.0000
         27.3380
         64.7137
         24.8089
          0.0000
          0.0000
          4.1113
          0.0000
          0.0000
          8.4022
         31.4002
         12.8453
          0.0000
          0.0000
          0.0000
          0.0000
          0.0000
          0.9621
         39.3091
         26.9216
         20.5411
          0.0000
          0.0000
          0.0000
          0.0000
         16.4348
         41.7303
         44.1538
         49.8276
         25.8953
         26.3603
          0.9497
          0.0000
         15.0345
         38.8042
         14.8234
          0.0000
          0.0000
          0.0000
          0.0000
          0.0000
          0.0000
         23.0628
         24.4060
         26.0674
         60.3144
        110.6302
        111.7567
        113.5294
         27.5177
          0.0000
          0.0000
          0.0000
          0.0000
          0.0000
          0.0000
          0.0000
         13.9543
         47.1237
         19.9830
          0.0000
          5.6150
         20.0075
         33.7363
         47.6322
         44.4966
         40.1383
         40.3266
         42.4757
         11.2390
          0.0000
          0.0000
          0.0000
          0.0000
         10.9356
         19.3333
         48.7092
          0.0000
          0.0000
          0.0000
          0.0000
          0.0000
         88.6539
        134.8648
        204.7113
         66.4857
          0.0000
         11.0691
         59.7559
         58.5326
         62.0674
         38.7824
         15.1525
         16.8571
         46.1138
         33.2259
         48.6292
         31.7577
         13.8801
         29.0842
         48.1218
         22.2267
          0.0000
          0.0000
          6.8916
         16.0028
         29.9873
         17.7225
         13.9846
         41.7467
        105.1090
         63.9834
         28.3373
         51.1741
         58.4282
         27.8647
          0.0000
          0.0000
          0.0000
          0.0000
          0.0000
          0.0000
          0.0000
          0.0000
          0.0000
          0.0000
          0.0000
          0.0000
          0.0000
         33.3243
         93.5427
         51.8718
          6.2715
          0.0000
          0.0000
          0.0000
          0.0000
          2.5700
          8.8251
         34.6156
         68.4613
         81.0057
        103.1420
         74.9161
         48.4343
          0.0000
          0.0000
          0.0000
          0.0000
          0.0000
          0.0000
          0.0000
          0.0000
          0.0000
          0.0000
          0.0000
          0.0000
          0.0000
          0.0000
          0.0000
          0.0000
          0.0000
          0.0000
          0.0000
          0.0000
          0.0000
          0.0000
          0.0000
          0.0000
          0.0000
         34.3109
          3.6525
          0.0000
          0.0000
          0.0000
          0.0000
          0.0000
          0.0000
          0.0000
          0.0000
          0.0000
          0.0000
          0.0000
          0.0000
          0.0000
          0.0000
         30.4439
         31.8166
         30.8314
          0.0000
          0.0000
          0.0000
          7.4108
          4.6743
          0.0000
          0.0000
          0.0000
          0.0000
          0.0000
          0.0000
          0.0000
          0.0000
         25.1833
          0.0000
          0.0000
          0.0000
          0.0000
          0.0000
          0.0000
          6.1084
         22.5651
         36.6995
         48.2053
         59.0753
         94.7481
         11.6771
          0.0000
          0.0000
          2.2065
          0.0000
          0.0000
          0.0000
          0.0000
          0.0000
          0.0000
          0.0000
          0.0000
          0.0000
          0.0000
          0.0000
          0.0000
          0.0000
          0.0000
          0.0000
         34.6913
          0.0000
          0.0000
          0.0000
          0.0000
          0.0000
          0.0000
          1.6435
         14.2793
         12.0699
         10.9922
          0.0000
          0.0000
          0.0000
          0.0000
          0.0000
          0.0000
          0.0000
          0.0000
          0.0000
          0.0000
          0.0000
          0.0000
          0.0000
         19.0119
          0.0000
          0.0000
          0.0000
          0.0000
          0.0000
          0.0000
          0.0000
          9.6382
          3.8253
          0.0000
          0.0000
          0.0000
          0.9800
         29.1994
         62.6191
         89.7293
         88.6473
         92.2201
         17.8050
          0.0000
          0.0000
          0.0000
         10.4550
         57.3204
         24.3246
          0.0000
          0.0000
          0.0000
          0.0000
          0.0000
          0.0000
         34.2651
          0.0000
          0.0000
          2.9795
         12.3665
          0.0000
          0.0000
         13.9263
         31.6698
          0.0000
          0.0000
          0.0000
          0.0000
          0.0000
          0.0000
         21.1921
         56.8662
          0.0000
          0.0000
          0.0000
          0.0000
          0.0000
         13.4793
         25.0416
         39.8982
          0.0000
          0.0000
          0.0000
          6.3165
          0.0000
          0.0000
          0.0000
         47.9418
         33.2779
         16.3134
          0.0000
          0.0000
          0.0000
          0.0000
          0.0000
         41.7424
          0.0000
          0.0000
          0.0000
          0.0000
          0.0000
          0.0000
          0.6490
          9.5869
          0.0000
          0.0000
          0.0000
          0.0000
          0.0000
          0.0000
          0.0000
          0.0000
          0.0000
          0.0000
          0.0000
          0.0000
          0.0000
          0.0000
          0.0000
          0.0000
          0.0000
          0.0000
          0.0000
          0.0000
          0.0000
          0.0000
          0.0000
         35.4136
         13.8046
          0.0000
          0.0000
         26.8243
         37.4329
         84.8410
         54.4013
         22.3704
         38.8574
         57.5017
         57.8851
         83.9963
         34.9454
          0.0000
         36.9716
        123.9951
         95.3253
         67.1644
          0.0000
          0.0000
          0.0000
          0.0000
          0.0000
         21.4682
          0.0000
          0.0000
          0.0000
          0.0000
          0.0000
          0.0000
          0.0000
         10.7313
          0.0000
          0.0000
          4.1513
         30.4407
         62.6220
        101.6962
         93.3666
         98.1769
         72.3665
         45.3943
         28.7065
         10.0587
         54.5745
         95.6714
         42.1401
         24.6579
          0.0000
          0.0000
          0.0000
          0.0000
          0.0000
         16.0226
         28.2542
         50.3654
         36.4974
         35.5866
         12.8565
          0.0000
          0.0000
          0.0000
          0.0000
          0.0000
          0.0000
          0.0000
          0.0000
          0.0000
          0.0000
          0.0000
         21.0187
         58.6885
         35.2617
         10.9969
          0.4631
          0.0000
         26.7965
         64.4922
         59.8014
         45.6167
         19.1409
          0.0000
         29.2697
         80.2467
         63.2407
         55.9864
          0.0000
          0.0000
          0.0000
          0.0000
          0.0000
          0.0000
          0.0000
          0.0000
          0.0000
         11.0397
          0.0000
          0.0000
          0.0000
          0.0000
          0.0000
         25.5777
         26.3887
         19.0412
         23.7055
         27.6567
          0.0000
          0.0000
          0.0000
          0.0000
          0.0000
         12.5099
          5.7255
          0.6240
          0.0000
          0.0000
          0.0000
          0.0000
          0.0000
         26.6743
          0.0000
          0.0000
          0.0000
          0.0000
          0.0000
          0.0000
          0.0000
         38.1254
          0.0000
          0.0000
          0.0000
          0.0000
          0.0000
          0.0000
          0.0000
          0.0000
          0.0000
          0.0000
          0.0000
          0.0000
          0.0000
          0.0000
          0.0000
          0.0000
          0.0000
          0.0000
          0.0000
          0.0000
          0.0000
          0.0000
          0.0000
          0.0000
          0.0000
          0.0000
          0.0000
          0.0000
          0.0000
          0.0000
          0.0000
          0.0000
          0.0000
          0.0000
          0.0000
         30.5159
         31.3384
          0.0000
          0.0000
         44.5999
         17.9503
          0.0000
          0.0000
          5.0661
          0.0000
         13.8343
          0.0000
          0.0000
          0.0000
          0.0000
          0.0000
          0.0000
          0.0000
          0.0000
          3.5774
          6.4718
         18.0866
         20.5208
          0.6193
          1.9892
          0.0000
          0.0000
          0.0000
          0.0000
          0.0000
          0.0000
          0.0000
          0.0000
          0.0000
          0.0000
         10.0131
         37.1419
          0.0000
          0.0000
          0.0000
          0.0000
          0.0000
          0.0000
          0.0000
          0.0000
          0.0000
          0.0000
          0.0000
          0.0000
          0.0000
          0.0000
          0.0000
         54.8029
          0.0000
          0.0000
          0.0000
          0.0000
          0.0000
          0.0000
          0.0000
          0.0000
          0.0000
          0.0000
          0.0000
          0.0000
          0.0000
          0.0000
          0.0000
         30.0206
          3.2829
          6.4754
          0.0000
          0.0000
          0.0000
          0.0000
          0.0000
         43.5862
          8.4325
          9.9976
          0.0000
          0.0000
          0.0000
          0.0000
          0.0000
         18.5185
          7.8720
          0.0000
          0.0000
          0.0000
          0.0000
          0.0000
          0.0000
         44.9790
          0.0000
          0.0000
          0.0000
          0.0000
          0.0000
          0.0000
          3.5961
          0.0000
          0.0000
          0.0000
          0.0000
          0.0000
          0.0000
          0.0000
          0.0000
          0.0000
          0.0000
          0.0000
          0.0000
         28.7409
          0.0000
          0.0000
          0.0000
         12.7359
          0.0000
         16.1531
          0.0000
          0.0000
          0.0000
          0.0000
          0.0000
          0.0000
          0.0000
          0.0000
          0.0000
          0.0000
          0.0000
          0.0000
          0.0000
         26.3452
          0.0000
          0.0000
          0.0000
          0.0000
          8.9709
         28.8432
          0.0000
          0.0000
          0.0000
          0.0000
          0.0000
          0.0000
          0.0000
          0.0000
          0.0000
          0.0000
          0.0000
          0.0000
          0.0000
          0.0000
          0.0000
          0.0000
          0.0000
          0.0000
          0.0000
          0.0000
          0.0000
          0.0000
          0.0000
          0.0000
          0.0000
          0.0000
          0.0000
          0.0000
          0.0000
          0.0000
          0.0000
          0.0000
          0.0000
         23.8047
          0.0000
          0.0000
          1.4297
         41.8632
         66.8519
         88.7158
         44.6357
          0.1339
          0.0000
          0.0000
          0.0000
         32.3463
         21.7639
         19.0273
          0.0000
          0.0000
          0.0000
          0.0000
          0.0000
          0.0000
          0.0000
          0.0000
          0.0000
         25.3205
          0.0000
          0.0000
          0.0000
          0.0000
          0.0000
          0.0000
         14.0702
         64.0906
          9.2147
          0.0000
         24.2725
         56.0858
         80.4100
        107.1684
         36.2913
          0.0000
          0.0000
          0.0000
         29.8792
         95.3124
         66.3056
         51.8327
          0.0000
          0.0000
          0.0000
          0.0000
          0.0000
          0.0000
         13.6000
         42.3580
          0.0000
          0.0000
          0.0000
          0.0000
          0.0000
          9.9451
          7.4067
          9.2148
          0.0000
          0.0000
          0.0000
          0.0000
          0.0000
          0.0000
          0.0000
          0.0000
          7.4637
         30.9213
          5.4150
          0.0000
          0.0000
          0.0000
          0.0000
          0.0000
          0.0000
         31.1930
         26.4631
         18.3811
          0.0000
          0.0000
          0.0000
          0.0000
          0.0000
         15.0602
         31.9158
         57.5779
         27.5794
         36.4180
          0.0000
          0.0000
          3.8876
         29.9494
          8.1221
          0.0000
          0.0000
          0.0000
          0.0000
          0.0000
          9.1769
         29.5481
          7.1619
          0.0000
          0.0000
          0.0000
         27.9730
         66.9249
         27.8264
          0.0000
          0.0000
          0.0000
          0.0000
          0.0000
          0.0000
          0.0000
          0.0000
         45.4828
          7.5338
          0.0000
          0.0000
          0.0000
          0.0000
          0.0000
          0.0000
         11.4807
          0.0000
          0.0000
          0.0000
         15.7163
          0.0000
          0.0000
          8.9287
         35.0040
          0.0000
          0.0000
          0.0000
          0.0000
          0.0000
          0.0000
         33.3229
        110.5882
         42.1208
          9.0316
         37.2636
         60.2559
         31.7059
         15.6745
         89.4412
        148.9401
         91.6413
         35.3956
         53.9657
        123.0197
        129.7316
        199.7167
         82.6593
          0.0000
          0.0000
          0.0000
          0.0000
          0.0000
          0.0000
          0.0000
          0.0000
          0.0000
          0.0000
          0.0000
          0.0000
          0.0000
          0.0000
          0.0000
          0.0000
          0.0000
          0.0000
          0.0000
          0.0000
         38.7709
         64.2848
         54.7161
         19.8134
          0.0000
          0.0000
          0.0000
          0.0000
          0.0000
         16.8034
         62.5800
          5.9479
          0.0000
          0.0000
          0.0000
          0.0000
          0.0000
          0.0000
          0.0000
          0.0000
          0.0000
          0.0000
          0.0000
          0.0000
          0.0000
          0.0000
          0.0000
          0.0000
         71.4451
         66.5924
         31.7966
          0.4279
          0.0000
          0.0000
         12.9457
         25.9334
         42.1426
          0.0000
          0.0000
          0.0000
         69.8197
         94.9181
        137.3100
        135.2315
        140.8185
         84.8044
         18.5128
         18.5209
         24.9681
         49.9055
         78.0021
        115.5097
        128.0115
         84.3587
          0.0000
          4.4387
         45.4918
         92.0262
        139.5087
         29.6554
          0.0000
          0.0000
          0.0000
          0.0000
          0.0000
          0.0000
         55.6985
         25.9457
         18.1872
          0.0000
          0.0000
         25.3443
         72.3805
         59.0453
         59.2232
          0.0000
          0.0000
          0.0000
          0.0000
          0.0000
          0.0000
          0.0000
          0.0000
          0.0000
          0.0000
          0.0000
          0.0000
          0.0000
          0.0000
          0.0000
          0.0000
          0.0000
         47.4508
         40.1079
         40.5796
         73.1279
        108.0166
         89.2596
         82.2229
          0.0000
          0.0000
          0.0000
          0.0000
          0.0000
          0.0000
          5.3305
         10.1907
         20.2178
         33.5444
         45.5968
         57.5689
         48.1247
         67.3423
         57.9855
         30.8809
         16.4283
          0.0000
          0.0000
          0.0000
          0.0000
          0.0000
          0.0000
          0.0000
          0.0000
          0.0000
          0.0000
          0.0000
          0.0000
          0.0000
          0.0000
          0.0000
          0.0000
          9.4368
          0.0000
          0.0000
          0.0000
          0.0000
          0.0000
          0.0000
          0.0000
          0.0000
          0.0000
          0.0000
          0.0000
          0.0000
          1.6070
         15.7639
         12.0325
          3.8930
          0.0000
          0.0000
          0.0000
          0.0000
          0.0000
          0.0000
          0.0000
          0.0000
          0.0000
          0.0000
          0.0000
          0.0000
          0.0000
          0.0000
          0.0000
          0.0000
          0.0000
          0.0000
          0.0000
          0.0000
          0.0000
          0.0000
          0.0000
         22.8447
         26.6807
         29.7257
         72.4163
        112.1349
         76.1281
         32.1077
          4.5047
          9.3421
         53.1862
        112.4638
         95.5675
         89.7366
         32.7712
          0.0000
          0.0000
          0.4864
          0.0000
          0.0000
         21.8518
         90.2025
         45.5414
         49.0442
         33.6657
         59.4805
         68.8278
         64.3173
         40.3857
         13.5699
         12.7223
         14.4881
          0.0000
          8.1724
          0.0000
          0.0000
          0.0000
         45.5123
          0.0000
          0.0000
          0.0000
          0.0000
          0.0000
          0.0000
          0.0000
          0.0000
          0.0000
          0.0000
          0.0000
          0.0000
          0.0000
          0.0000
          0.0000
          0.0000
         12.9846
         65.9694
         18.4300
          0.0000
          0.0000
          0.0000
          0.0000
         87.5737
         22.2471
         31.5399
          1.8967
          0.0000
          7.1145
         45.8143
          0.0000
          0.0000
          0.0000
          0.0000
          0.0000
          0.0000
          0.0000
          0.0000
         43.9447
        110.9963
         97.5025
         84.9624
         37.2264
          0.0000
          0.0000
          0.0000
          0.0000
          0.0000
          0.0000
          0.0000
          0.0000
         31.8632
          0.0000
          0.0000
          0.0000
          0.0000
          0.0000
          0.0000
          0.0000
         46.1550
          3.6957
          6.1127
          0.0000
          0.0000
          0.0000
          0.0000
          0.0000
         32.7280
          0.0000
          0.0000
          0.0000
          0.0000
          0.0000
         52.2829
         16.9218
          0.0000
          0.0000
          6.4523
          0.0000
          0.0000
          0.3648
         27.5724
         19.0896
          7.7562
          1.2279
          0.0000
          0.0000
          0.0000
          0.0000
          0.0000
          0.0000
          1.6753
          0.0000
          0.0000
          0.0000
         10.4718
          1.4045
          0.0000
          0.0000
          0.0000
          0.0000
          0.0000
          0.0000
         47.8054
         11.5890
         41.6006
          5.0468
          0.0000
          0.0000
          0.0000
          0.0000
          0.0000
          0.0000
          0.0000
          0.0000
          0.0000
          0.0000
          0.0000
          0.0000
         37.8215
          0.0000
          0.0000
          0.0000
          0.0000
          0.0000
          0.0000
          0.0000
          0.0000
          0.0000
          0.0000
          0.0000
         59.0375
         17.1207
          0.0000
          0.0000
          0.0000
          0.0000
          0.0000
          0.0000
          0.0000
          0.0000
          0.0000
          0.0000
         10.6681
         48.0231
         84.3558
         31.4591
          5.7500
          0.0000
          0.0000
          0.0000
          0.2176
         23.8796
         56.4811
          0.0000
          0.0000
          0.0000
          0.0000
          1.7224
         68.6510
         23.4189
         12.0826
          0.0000
          0.0000
          0.0000
          0.0000
          0.0000
          0.0000
          0.0000
          0.0000
          0.0000
          0.0000
          0.0000
          0.0000
         22.6651
         81.9385
         88.5902
         97.3657
         34.7004
          0.0000
          0.0000
          0.0000
          0.7527
         45.5875
         46.3803
         44.2784
          0.0000
          0.0000
          0.0000
          0.0000
          0.0000
         51.9496
         53.9128
         64.7648
          0.0000
          0.0000
          0.0000
          0.0000
          0.0000
          0.0000
          0.0000
          0.0000
          0.0000
          2.2722
          0.0000
          0.0000
          0.0000
          0.0000
          0.0000
          0.0000
          0.0000
          0.0000
          0.0000
          0.0000
          0.0000
         51.9892
         52.5808
         49.9304
         15.3817
         18.7005
         10.5963
         11.1332
          8.4498
         20.2948
         88.6677
        133.9363
         65.3769
          0.0000
          0.0000
          0.0000
          0.0000
          0.0000
          0.0000
          0.0000
          0.0000
          0.0000
          0.0000
          0.0000
          0.0000
          0.0000
          0.0000
          0.0000
         13.5743
         35.3239
          2.0857
          0.0000
          0.0000
          0.0000
          0.0000
          0.0000
          0.0000
         10.7524
          0.0000
          0.0000
          0.0000
         27.0667
         61.3740
         98.5049
         62.8654
         24.6913
          0.0000
          0.0000
          0.0000
          0.0000
          0.0000
          0.0000
          0.0000
         14.4984
          0.0000
          0.0000
          0.0000
          0.0000
          0.0000
          6.8483
          0.0000
          0.0000
          0.0000
          0.0000
          8.6563
        108.9884
         81.2864
         57.6740
          0.0000
          0.0000
          0.0000
          0.0000
          0.0000
         72.0618
         21.4139
         16.3223
          0.0000
          0.0000
          0.0000
          0.0000
          0.0000
          0.0000
          0.0000
          0.0000
          0.0000
          0.0000
          0.0000
          0.0000
          5.7678
         50.2537
         47.3200
         46.8236
         14.9600
          0.0000
          0.0000
