          0.0000
          0.0000
          0.0000
          0.0000
          0.0000
          0.0000
         30.2893
          6.5499
          0.0000
          0.0000
          0.0000
          0.0000
          0.0000
          0.0000
         26.1211
          0.0000
          0.0000
          0.0000
          0.0000
          0.0000
         18.2946
          8.1791
          4.5587
          0.0000
          0.0000
          0.0000
          0.0000
          0.0000
         34.4687
          6.6772
         12.3033
          0.0000
          0.0000
          0.0000
          0.0000
         27.2851
         78.8852
         53.2918
         26.5432
          0.0000
          0.0000
          0.0000
         11.0836
         58.5931
        139.9192
         75.8727
         13.6380
          0.0000
          0.0000
          0.0000
         26.8605
         61.0191
        107.8394
        140.4724
        171.5868
        111.3335
         44.5311
          0.0000
          0.0000
          0.0000
          0.0000
          0.0000
          0.0000
          0.0000
          9.4638
          2.6179
          7.9090
          0.0000
          0.0000
          2.5107
          0.0000
         61.7822
        123.0589
        125.2696
        141.4849
        151.7403
        161.7977
        126.4281
         93.9217
        149.3672
        201.2332
         52.9119
          0.0000
          0.0000
          0.0000
          0.0000
          0.0000
          0.0000
          0.0000
          0.0000
          0.0000
          0.0000
          0.0000
          0.0000
          4.1013
         75.9982
        149.4958
         30.6590
          0.0698
         17.0569
         66.4861
          5.6241
          5.8655
          0.0000
          0.0000
          0.0000
          0.0000
          0.0000
          0.0000
          0.0000
          0.0000
          0.0000
         71.6397
         70.3146
         89.8307
         64.9337
         55.8535
         47.0901
         28.4698
         17.9927
         15.3517
          0.0000
          0.0000
          0.0000
         36.6173
          0.0000
          0.0000
          0.0000
          0.0000
          0.0000
         27.3623
         30.1479
         35.3307
          5.5464
          0.0000
          0.3730
         28.6871
         50.0099
         55.1845
         88.1427
        116.8769
          8.7537
          0.0000
          0.0000
          0.0000
          0.0000
         70.9474
         83.9881
         92.0968
         36.9702
         24.4898
         18.4330
         13.9450
          9.4437
          5.7322
          4.7201
          3.7692
          0.0000
          0.0000
          0.0000
          0.0000
          0.0000
          0.0000
          0.0000
          0.0000
          0.0000
          4.0028
          0.0000
          0.0000
          0.0000
          0.0000
          0.0000
          9.0288
         11.0364
         22.8003
          3.9406
          0.0000
          0.0000
          0.0000
          4.7422
         25.3866
          0.0000
          0.0000
          0.0000
          0.0000
          0.0000
          0.0000
         14.1845
         73.5767
         13.0235
          0.0000
          0.0000
         38.3992
         38.5398
         24.9611
         25.2246
         26.7066
        105.4812
        175.7833
        183.6472
        185.9910
        251.4270
        310.2323
        251.3829
        161.9751
         67.0835
          0.0000
          6.3901
         57.2533
         67.4852
         81.7978
         72.2658
         66.6304
         50.2967
         17.1604
         54.5202
        138.6194
         80.2079
         48.5777
         46.3885
         55.6035
         36.2631
         46.0302
         52.6037
         61.5956
         22.0007
          6.7865
          4.4073
          4.7008
          0.0000
          8.2469
          0.0000
          0.0000
          0.0000
          0.0000
          0.0000
          0.0000
          0.0000
          0.0000
          0.0000
          0.0000
          0.0000
          0.0000
          2.8561
         27.4874
         30.8082
         75.6925
         56.4209
         62.2721
         71.2385
         73.3154
         45.2218
         42.4115
         16.7345
         10.7211
          0.0000
          0.0000
          0.0000
          0.0000
          0.0000
         25.7343
         11.3780
         12.4673
          0.5867
          0.0000
          0.0000
          0.0000
          5.4256
         26.2770
         21.2741
         40.0872
         71.2456
        108.5502
         38.6865
          0.0000
          0.0000
          0.0000
         19.4070
         55.1626
         81.6989
        140.2935
        137.9481
        135.7351
        179.1671
        221.4630
         44.9157
          0.0000
          0.0000
         15.0571
          0.0000
          0.0000
          0.0000
          0.0000
          0.0000
         15.8320
         58.0211
        131.5802
         92.8881
         61.3776
         53.3835
         56.3696
         45.4454
         32.9224
          0.0000
          0.0000
          0.0000
          0.0000
          0.0000
         14.9952
         38.3181
        110.4249
         33.7201
          0.0000
          4.2957
         25.0723
          0.0000
          0.0000
          5.3094
         14.4502
         16.5982
         27.4911
         10.2778
          0.6780
         24.2465
         58.9607
         43.0105
         25.0453
         35.1059
         65.0282
         60.2066
         57.9752
         84.7853
        120.2643
         13.1959
         17.0439
          0.0000
          0.0000
          0.0000
          0.0000
          0.0000
          0.0000
         26.9363
         20.4891
         61.5327
         69.1648
         93.7620
        110.4263
        157.0520
        198.3021
        148.2129
        117.4332
        115.3875
        103.0561
         73.6793
         71.3915
         92.2085
        115.1383
         15.1658
         11.8200
          0.0000
          0.0000
          0.0000
         14.7185
         32.7402
         49.9013
         37.4284
         24.5823
         43.6290
        105.2794
         46.9495
          0.0000
         16.0441
         35.3861
         26.0245
         13.2695
         85.6470
        155.7267
         89.7853
         69.3459
         69.4427
         68.9840
         62.0882
         77.8789
        102.0713
        122.6285
         45.8113
          0.0000
          0.0000
         35.8552
          7.7250
          0.0000
          0.0000
          0.0000
          0.0000
          0.0000
          0.0000
          0.0000
          0.0000
          0.0000
          0.0000
          0.0000
         16.8574
         58.8269
         60.4107
         83.2802
         29.1026
          0.0000
          0.0000
          0.0000
         43.1421
        103.9306
         38.5090
          0.0000
          0.0000
          0.0000
          0.0000
          0.0000
          0.0000
          0.0000
         13.4150
         84.0523
         70.2746
         62.0984
         15.2289
          0.0000
          0.0000
          6.7524
         21.7047
         76.0213
         25.0728
          0.0000
          0.0000
          0.0000
          0.0000
          6.2981
         18.7222
         40.6997
         16.0260
          0.0000
          0.0000
         33.7572
        107.5428
        181.0361
        105.9753
         65.2962
         65.1273
         15.0661
          3.7351
          0.0000
          0.0000
          0.0000
         14.8876
         55.3779
         16.4358
         30.2823
          5.4667
          0.0000
          0.0000
          0.0000
          0.0000
          0.0000
          0.0000
         16.7998
          0.0000
          0.0000
          0.0000
          5.5041
          9.6307
         23.6107
         28.2778
         17.3956
          0.0000
          0.0000
          0.0000
         13.2208
         30.6356
        102.9753
         78.8084
         31.3432
        109.2039
        202.0661
         97.9023
         71.0248
         53.9873
         35.7631
         10.7319
          0.0000
          0.0000
          0.0000
          0.0000
          0.0000
          0.0000
          0.0000
          0.0000
          0.0000
          0.0000
          6.6860
         40.8731
         79.7516
         94.8566
        110.6066
         52.3022
         17.3306
          0.0000
          0.0000
          0.0000
          0.0000
          0.0000
         36.5291
          0.0000
          2.0970
          0.0000
          0.0000
          0.0000
          0.0000
          0.0000
         32.2759
         17.4395
         40.6214
          8.0243
          0.0000
          0.0000
          0.0000
          0.0000
          4.6531
         74.2583
        126.6546
        177.5200
        231.7817
        130.1243
         80.6218
         68.6995
         56.8749
          0.0000
          0.0000
          0.0000
          0.0000
          0.0000
          0.0000
          0.0000
          0.0000
          0.0000
          9.5805
         13.0202
          4.9344
          0.0000
          0.0000
          0.0000
          0.0000
          0.0000
          0.0000
         63.7244
        199.8771
        200.2731
        199.8761
        262.7900
        317.2920
        333.1694
        373.1093
        404.3870
        443.8665
        185.3814
         54.0048
          0.0000
          4.6718
          0.0000
          0.0000
          0.0000
          0.0000
          0.0000
          0.0000
          0.0000
          0.0000
          8.6286
         94.6081
        136.5199
        166.9143
         73.3458
          0.0000
          1.6200
         35.2061
         50.0943
         61.9832
         67.2128
        117.0218
         18.3547
          0.0000
          0.0000
          0.0000
          0.0000
          0.0000
          0.0000
          0.0000
          0.0000
          0.0000
          0.0000
          0.0000
          0.0000
          5.1283
          0.3629
          0.0000
          0.0000
          0.0000
          0.0000
         39.7454
          0.0000
          0.0000
          0.0000
          0.0000
          0.0000
         73.2544
         32.8588
         12.4440
          0.0000
          0.0000
          0.0000
          0.0000
          0.0000
         98.3368
        114.9190
        126.5088
         18.6840
          0.0000
          0.0000
          0.0000
          0.0000
         26.7988
         29.5463
         29.8700
          0.0000
          0.0000
          0.0000
          0.0000
          0.0000
         37.2652
         55.1546
         72.0163
          0.0000
          0.0000
          0.0000
          0.0000
         49.7562
        184.1085
        226.5778
        269.8176
        122.0955
         47.0558
        113.7819
        196.9304
        169.4912
        186.1258
        135.9161
        153.7107
          1.6796
          0.0000
          0.0000
         39.6603
         26.1509
         24.8810
         34.3811
         55.1190
         36.7465
         23.6410
          0.0000
          0.0000
          0.0000
          0.0000
          0.0000
          0.0000
          0.0000
          0.0000
          0.0000
          0.0000
          0.0000
          0.0000
          0.0000
          4.1928
          0.0000
          0.0000
          3.8279
         48.4442
        113.3875
        174.7705
        187.0642
        241.2747
         96.4740
          2.8879
         40.6328
        150.1074
         72.3129
          3.8174
          0.0000
          0.0000
          0.0000
          0.0000
          0.0000
          0.0000
          0.0000
          0.0000
          0.0000
          0.0000
          0.0000
         57.6987
        110.0570
        153.0622
        127.3522
         69.9749
         62.7132
         53.3607
         98.5315
        177.3792
        151.2889
        122.6909
         73.9924
          4.0818
          0.0000
          0.0000
          0.0000
         24.9109
         18.8089
         66.7980
         90.2757
        109.3038
        134.9607
        165.3788
         36.6084
          0.0000
          0.0000
          0.0000
          0.0000
          0.0000
          0.0000
          0.0000
          0.0000
          1.7652
          0.0000
          0.0000
          0.0000
          0.0000
          0.0000
          0.0000
          0.0000
         11.3551
         31.6531
         12.2510
         34.1783
         88.6248
         83.3562
         84.9778
         46.1836
         74.5741
         97.1234
        119.5462
         73.5615
         22.9487
         29.3704
         44.1904
         66.4024
         61.4787
        106.1693
        177.3529
        139.6971
        112.1277
         42.2164
         11.7759
          0.0000
          0.0000
         14.1348
         61.9595
         24.0411
          1.8319
          4.2229
         23.8800
          5.4179
          0.0000
          0.0000
         14.3149
         71.3065
        128.0998
        111.2705
         76.3503
          3.7655
          0.0000
          1.0002
         18.4092
         29.5065
         49.0347
         69.3837
        100.0943
        122.4246
        119.5215
         85.8120
         61.0653
         29.9551
          0.0000
          0.0000
          0.0000
         19.5161
         41.0369
         32.1157
         24.6054
          0.0000
          0.0000
          0.0000
          0.0000
          0.0000
         11.2329
         12.7584
         20.5010
         38.1506
         62.9254
         16.3585
          9.7201
          0.0000
          0.0000
         10.0185
         37.1009
         38.2587
         51.9192
         43.0886
         33.6404
          0.0000
          0.0000
          0.0000
         96.7266
        107.3114
        140.1835
        149.2634
        177.5329
        106.8426
         60.4277
         31.3738
          9.1430
          0.0000
          0.0000
          0.0000
          0.0000
          0.8896
         24.1131
         20.4224
         32.7686
         17.3352
          6.4706
          5.6434
          0.0000
          0.0000
          0.0000
          0.0000
          0.0000
          0.3200
         25.1715
         31.7985
         48.7278
         26.0909
         13.9838
          0.0000
          0.0000
          0.0000
          0.0000
          0.0000
          0.0000
          0.0000
          0.0000
          0.0000
          0.0000
          0.0000
          0.0000
          4.6417
         28.3718
         27.5046
         27.2508
         71.2817
        134.2657
         98.2671
         86.6322
        107.4440
        127.4609
         27.9306
          0.0000
          0.0000
          0.0000
          0.0000
          2.8625
          3.1283
          5.3815
          0.0000
          0.0000
          0.0000
          0.0000
          0.0000
          0.0000
          0.0000
          0.0000
         19.5109
        112.2604
         73.5181
         45.7995
          6.2385
          0.0000
         15.2829
         43.0035
         39.7041
         41.0890
         21.1004
         39.5343
          0.0000
          0.0000
          0.0000
          6.3779
         11.0661
          9.7813
          0.0000
          0.0000
          0.0000
         11.1850
         17.3055
         25.6114
         20.1382
         21.2728
          4.5933
          2.9435
         45.0588
         86.9384
         49.6942
         11.5087
         25.5749
         47.9919
         34.9152
        105.5647
         79.5295
        108.2651
        132.7678
        155.1587
         62.5555
          2.7323
          0.0000
          0.0000
          0.0000
          0.0000
          0.0000
          0.0000
          0.0000
          3.8030
          0.0000
          0.0000
          0.0000
          0.0000
          0.0000
          0.0000
          0.0000
          0.0000
          0.0000
          0.0000
          0.0000
          9.7550
         71.9644
        140.3253
         22.6193
          0.0000
         17.4510
        114.9855
         40.3363
          0.0000
          0.0000
          3.9117
          8.4462
         37.1513
         20.5747
         41.8984
         33.8055
         36.4573
         16.0184
          1.8404
         16.5865
         28.9953
          5.1719
          0.0000
          1.7370
         42.4600
         37.9045
         34.1398
          0.0000
          0.0000
          0.0000
          7.4780
         19.3783
         61.9108
         71.3766
         97.7941
         36.5121
         12.5325
          9.5037
         52.7617
          0.0000
          0.0000
          0.0000
          0.0000
          0.0000
         37.1954
         57.5966
        128.5692
         60.3131
          0.0000
          0.0000
          0.0000
          0.0000
          0.0000
          0.0000
          0.0000
          0.0000
          0.0000
          0.0000
          0.0000
          0.0000
         16.5993
          5.1019
         28.9536
         53.3873
         59.8047
         68.9763
         76.7795
          4.6329
          0.0000
          0.0000
         21.9859
         21.3756
         53.1933
         66.4350
         85.5675
          0.0000
          7.3762
          1.4973
          0.0000
          0.0000
          0.0000
          0.0000
          0.0000
          0.0000
         24.1176
         50.9854
        135.0685
         98.9597
         84.5597
         91.6586
        108.6049
         39.5301
          5.6495
          0.0000
          0.0000
          0.0000
          0.0000
          0.0000
          0.0000
          0.0000
          8.3185
         13.4654
         75.6662
         53.7486
         39.6717
         97.5472
        151.3618
         75.7473
         90.9419
        115.9181
        184.1099
        105.1184
         53.5447
         29.7585
         57.0329
          0.0000
          0.0000
          0.0000
          0.0000
          0.0000
          0.0000
          0.0000
         47.0163
          0.0000
          0.0000
          0.0000
         34.8019
         13.7696
          0.0000
         48.4534
         99.8132
         25.0673
         13.9001
          0.0000
          0.0000
          0.0000
          0.0000
          0.0000
          0.0000
          0.0000
          0.0000
          0.0000
          0.0000
          0.0000
          0.0000
          0.0000
          0.0000
          0.0000
          7.9863
          0.0000
          0.0000
          0.0000
          0.0000
          8.1272
         34.2920
         48.4228
         57.9179
         34.3465
         32.8112
         33.1648
         33.7250
          7.4652
          0.0000
          0.0000
          3.1637
          0.0000
          0.0000
          0.0000
         24.4889
         32.6386
         41.2564
         28.2038
         19.2465
         70.8814
        162.0826
         92.1774
         36.2600
          9.1182
         12.5725
          2.1219
          0.0000
          5.3205
         88.0775
         86.3249
         84.4533
         48.3435
         12.1871
          0.0000
          0.0000
          0.0000
          0.0000
          0.0000
          0.0000
          0.0000
         61.0005
         32.5489
          7.1792
         51.1818
         92.3144
         26.3392
          2.3766
          0.0000
          0.0000
          0.0000
          0.0000
          0.0000
         21.5265
          0.0000
          0.0000
          0.4225
         12.4104
         29.4847
         57.3239
         33.5164
         21.7305
         18.8407
         28.1871
         34.7691
         65.7689
          2.9288
          0.0000
          0.0000
          0.0000
          0.0000
          0.0000
          0.0000
          0.2023
          7.8148
         10.9096
          2.1211
          0.0000
          5.5954
         21.3766
         49.1058
         80.7534
         40.7592
          0.6729
         53.3436
        128.1575
         50.4720
          0.0000
         23.9885
         61.3926
         35.5419
         12.7633
          0.0000
          0.0000
          0.0000
          0.0000
          0.0000
          8.4248
          0.0000
         35.0606
         26.2022
         25.2253
         25.4328
         38.9576
         18.3202
          4.1745
          8.5008
         11.7183
          0.0000
          0.0000
          0.0000
         21.6356
          8.1860
         16.1164
          0.0000
          0.0000
          0.0000
          0.0000
          0.0000
         10.6310
          0.0000
          0.0000
          0.0000
          0.0000
          0.0000
          0.0000
         11.2697
         48.2325
         48.6558
         61.9950
         16.4737
          0.0000
          0.0000
          0.0000
          0.0000
         22.0656
         43.6814
         82.3938
         15.4411
          0.0000
          0.0000
          0.0000
          0.0000
          0.0000
          4.6821
         85.5283
         46.7269
         26.4069
          0.0000
          0.0000
          0.0000
         10.5984
         17.9208
         25.2112
          0.0000
          0.0000
          0.0000
          0.0000
          0.0000
          0.0000
          0.0000
          0.0000
          0.0000
          0.0000
          0.0000
          0.0000
          0.0000
          0.0000
          0.0000
          0.0000
          0.0000
          0.0000
          0.0000
          0.0000
          0.0000
          0.0000
          0.0000
          0.0000
          0.0000
          0.0000
          0.0000
          0.0000
         20.4720
        110.2985
         81.1374
         61.6805
         81.5832
        100.9230
         23.7749
          0.0000
          0.0000
          0.0000
          0.0000
          0.0000
          0.0000
          0.0000
          0.0000
          0.0000
          0.0000
          0.0000
          0.0000
          0.0000
          0.0000
          0.0000
          0.0000
          0.0000
          0.0000
          0.0000
          0.0000
          0.0000
          0.0000
          0.0000
          0.0000
          0.0000
          0.0000
          0.0000
          0.0000
          0.0000
          2.4170
         37.2300
         18.8888
          0.9743
          3.2328
         28.2155
          5.7524
          0.0000
          0.0000
         20.2716
          0.0000
          0.0000
          0.0000
          0.0000
         17.2194
         29.1001
          0.0000
         26.4346
         73.0042
        143.9305
         56.5974
         18.7509
          0.0000
          0.0000
         27.0075
         68.8039
         47.1274
         25.2305
          0.9884
          0.0000
          1.1992
         41.3405
         27.3198
         19.3267
          0.0000
          0.0000
          0.0000
          8.5349
         17.0359
         34.9174
         73.9494
        117.3014
        116.8536
        140.6930
         79.1502
         35.1381
          8.7195
          0.0000
         14.9791
         31.7812
         31.5025
         36.7719
         32.3646
         28.5756
         24.4447
         20.0444
          0.0000
          0.0000
          0.0000
          0.0000
          0.0000
          5.6352
          3.2699
          0.6221
          0.0000
          0.0000
          0.0000
          0.0000
          0.0000
          6.0801
          0.0000
          0.0000
         20.4091
         44.5199
         17.1155
          0.0000
          5.4415
         28.4035
         30.4778
         34.2183
          0.0000
          0.0000
          0.0000
          0.0000
          7.6116
         26.8057
         32.7937
         54.7418
         31.5879
         15.8636
          0.0000
          0.0000
          0.0000
          0.0000
          0.0000
          2.6188
          0.0000
          0.0000
         13.1085
         51.9863
         61.7359
         82.6789
        116.7256
        154.5863
         90.5490
         39.1952
         26.4768
         27.8441
         16.7582
         10.4272
         54.5923
        100.6933
         64.2864
         58.9714
         29.6059
          6.1013
          0.0000
          0.0000
          4.5772
         31.1188
          5.6836
          5.8186
          8.2737
         12.2657
          7.8617
          7.4859
          7.0001
          7.6813
          6.4730
         14.6505
          0.0000
          0.0000
          0.0000
          0.0000
          0.0000
          0.0000
          0.0000
          0.0000
          0.0000
         25.3096
         53.2262
         80.1205
         63.6439
         58.2938
         30.7090
          8.1475
          0.0000
          0.0000
         46.5818
         94.3313
         75.1453
         55.1169
         45.1743
         37.1087
         15.8307
          0.0000
          0.0000
          0.0000
          0.0000
          0.0000
          0.0000
          0.0000
          0.0000
          0.0000
          0.0000
          0.0000
          0.0000
         24.8775
          0.0000
          0.0000
          0.0000
          0.0000
          0.0000
         20.0211
          6.6364
         21.9268
          0.0000
          0.0000
          0.0000
          7.5032
         10.1377
         13.8792
         21.8045
         29.6323
         20.9991
         14.4567
          7.2109
          5.8180
          0.0000
          0.0000
         15.1711
         59.4025
         11.1497
         10.9787
          0.0000
          0.0000
          0.0000
         28.8140
         50.4666
         72.8048
         36.0593
          6.4439
          0.0000
          0.0000
         16.2130
         79.7945
         38.5808
         11.2257
         12.1834
         12.4187
          5.9658
          6.7521
         68.2067
        136.6740
        137.3642
        151.5253
         47.7163
          0.0000
          0.0000
          0.0000
          0.0000
          0.0000
          3.2549
         29.7024
          0.0000
          0.0000
          0.0000
          0.0000
          0.0000
          0.0000
          0.0000
         17.0598
         30.4014
         45.3394
         46.5733
         60.2623
         55.5020
         62.6348
         63.1965
         67.4835
          0.0000
          0.0000
          0.0000
          0.0000
          0.0000
         89.9273
         70.6255
         54.5701
          0.0000
          0.0000
          0.0000
          0.0000
          0.0000
          0.0000
          5.9360
         22.9740
          0.0000
          0.0000
          0.0000
          0.0000
         24.6035
         64.0535
         51.6661
         52.8619
         23.3367
          5.0359
          0.0000
          0.0000
          0.0000
          8.6023
          0.0637
          0.0000
          0.0000
          0.0000
          0.0000
          0.0000
          0.0000
         39.5588
         32.4228
         33.0880
          0.0000
          0.0000
          0.0000
          0.0000
         14.1455
         52.4226
         63.8511
         76.7981
         25.6475
          1.1247
          0.0000
          1.0186
         12.8389
         21.9411
         15.5545
         16.9246
          0.0000
          0.0000
          0.0000
          0.0000
          0.0000
          0.0000
          0.0000
          0.0000
          0.0000
          6.5756
          0.0000
          0.0000
          0.0000
          0.0000
          0.0000
          0.0000
          0.0000
          0.0000
          0.0000
          0.0000
         36.9617
        106.5233
        107.9029
        107.0400
          5.3582
          0.0000
          0.0000
          0.0000
          0.0000
          0.0000
          0.0000
          9.0777
          0.0000
          0.0000
          0.0000
          0.0000
          0.0000
          0.0000
          0.0000
          9.0312
          3.2870
          0.0000
          0.0000
          0.0000
          0.0000
          0.0000
          0.0000
          0.0000
          0.0000
          0.0000
          0.0000
          0.0000
          0.0000
          0.0000
          0.0000
          0.0000
          0.0000
          0.0000
          0.0000
          0.0000
          0.0000
          0.0000
          0.0000
          0.0000
          0.0000
         27.8945
         17.5839
         10.4142
         11.7382
         58.0864
         52.8462
         35.3337
         50.4238
         74.9739
         39.8919
          5.9768
          0.0000
          0.0000
          0.0000
          0.0000
          0.0000
          0.0000
          0.0000
          0.0000
          0.0000
          0.0000
          0.0000
          0.0000
          0.0000
          0.0000
          0.0000
          0.0000
          0.0000
          0.0000
          0.0000
          0.0000
          0.0000
          4.8784
          0.0000
          0.0000
          0.0000
         10.7186
         18.9848
         26.0862
          0.0000
          0.0000
          0.0000
          0.0000
         13.5360
         93.0078
        104.8098
        130.6977
          0.0000
          0.0000
          0.0000
          0.0000
         35.5536
        111.8776
        107.2745
        105.1565
         39.9245
          2.0819
          0.2034
          2.8627
          0.0000
          8.8122
         47.2784
         82.7131
         21.7036
          0.0000
          0.0000
          0.0000
          0.0000
         23.7945
         65.7831
        102.5619
         13.0510
          0.0000
          0.0000
          0.0000
          0.0000
          0.0000
          0.0000
          0.0000
         27.4452
         44.3903
         70.7964
         94.0093
         62.2258
         30.5524
         25.3586
         35.4753
         23.6371
          8.6819
          1.1333
          0.0000
         50.7590
         82.9753
         73.9831
         97.9309
         13.4346
         16.0956
          0.0000
          0.0000
          0.0000
          0.0000
          0.0000
          0.0000
          0.0000
          0.0000
          0.0000
          0.0000
          0.0000
          0.0000
          7.9051
         80.3504
         30.6607
          0.0000
          0.0000
          4.0530
         73.7181
        149.0753
        137.5726
        130.0416
         62.3842
         15.7429
          0.0000
          0.0000
          0.0000
          0.0000
          3.2462
         26.4196
         16.2653
          4.0642
          4.5772
          5.0072
          0.0000
         10.4652
         15.7411
         20.7903
         10.3188
         24.6383
          0.0000
          0.0000
          0.0000
          0.0000
          0.0000
          0.0000
          0.0000
         59.2963
         21.0118
          0.0000
          0.0000
          0.0000
          0.0000
          0.0000
          0.0000
         40.9749
          0.0000
          0.0000
          0.0000
          0.0000
          0.0000
          0.0000
          0.0000
          0.0000
          0.0000
          0.0000
          0.0000
          0.0000
          0.0000
          0.0000
          0.0000
          0.0000
          0.0000
          0.0000
          0.0000
          0.0000
          0.0000
          0.0000
          0.0000
         51.0001
         17.7972
          0.0000
          0.0000
          0.0000
          0.0000
          0.0000
          0.0000
          0.0000
          6.6469
         25.6683
         26.4955
         29.0511
          0.0000
          0.0000
          0.0000
          0.0000
          0.0000
          0.0000
          0.0000
          0.0000
          0.0000
          0.0000
          0.0000
          0.0000
          0.0000
          0.0000
          0.0000
          0.0000
          0.0000
          0.0000
          0.0000
          0.0000
          0.0000
          0.0000
          0.0000
          0.0000
          0.0000
          0.0000
          0.0000
         14.8587
          0.0000
          0.0000
          0.0000
          0.0000
          0.0000
         17.8892
          0.0000
          0.0000
          0.0000
         12.3199
         72.3399
        128.0884
        104.4402
         82.7560
         54.9047
         28.6391
          0.0000
          0.0000
         17.8009
         46.9709
         41.0692
         14.8363
          7.4221
         13.9645
          0.0000
          0.0000
          0.0000
         10.0042
         48.6602
         89.1296
         11.6949
          0.0000
          0.0000
          0.0000
          0.0000
          0.0000
          0.0000
         34.4629
          0.0000
          0.0000
          0.0000
          0.0000
          0.0000
          0.0000
          0.0000
          0.0000
          0.0000
         49.2999
         48.3915
         47.7699
          1.6779
          0.0000
          0.0000
          0.0000
          0.0000
          0.0000
          0.0000
          0.0000
          0.0000
          0.0000
          0.0000
          0.0000
          0.0000
          0.0000
          0.0000
          0.0000
          0.0000
          6.9504
          0.0000
          0.0000
          0.0000
          0.0000
          0.0000
          0.0000
          0.0000
          0.0000
          0.0000
          0.0000
          0.0000
          0.0000
          0.0000
          0.0000
          0.0000
          0.0000
          0.0000
          0.0000
          0.0000
          0.0000
          7.6778
         49.3600
         51.2232
         55.0553
         39.3997
         56.2377
          3.1028
          0.0000
          0.0000
         16.9895
          0.4731
          0.0000
         46.5318
        106.4032
          0.0000
          0.0000
          0.0000
          0.0000
          0.0000
         12.9063
         32.8061
         67.4482
          0.2092
          0.0000
          0.0000
          0.0000
          0.0000
          8.9457
          0.0000
          0.0000
          0.0000
          0.0000
          0.0000
          0.0000
          0.0000
          0.0000
          0.0000
          0.3870
          0.0000
          0.0000
          0.0000
          0.0000
          0.0000
         33.6219
         35.1114
         45.9625
          0.0000
          0.0000
          0.0000
          0.0000
          0.0000
          0.0000
          0.0000
         10.9379
          4.2057
          1.5015
          0.0000
          0.0000
          0.0000
          0.0000
          0.0000
          0.0000
          0.0000
          0.0000
          0.0000
          0.0000
          0.0000
          0.0000
          0.0000
          0.0000
          0.0000
          0.0000
          0.0000
          0.0000
          0.0000
          0.0000
          0.0000
          0.0000
          0.0000
          0.0000
          0.0000
          0.0000
          0.0000
          2.6835
          1.1270
          7.3960
          0.0000
         19.5278
          0.0000
          0.0000
          0.0000
          0.0000
          0.0000
         71.5952
         27.6295
          0.0000
          0.0000
          0.0000
          0.0000
          0.0000
          0.0000
          0.0000
          0.0000
         36.1306
          1.0038
          0.0000
          0.0000
          0.0000
          0.0000
          0.0000
          0.0000
          0.0000
          0.0000
          0.0000
          0.0000
          0.0000
          0.0000
          0.0000
          0.0000
          0.0000
          0.0000
          0.0000
          0.0000
         54.6991
         39.5059
         12.1212
          0.0000
          0.0000
          0.0000
          0.0000
         12.2266
         51.3586
         44.2958
         38.5187
          0.0000
          0.0000
          0.0000
          0.0000
          0.0000
          0.6465
          0.0000
         28.6641
          0.0000
          0.0000
          0.0000
          0.0000
          0.0000
          0.0000
          0.0000
          0.0000
          0.0000
          8.2217
         22.3158
         41.4568
          0.0000
          0.0000
          0.0000
          0.0000
          0.0000
          0.0000
          0.0000
          0.0000
          0.0000
          0.0000
          0.0000
          0.0000
          0.0000
          0.0000
          0.0000
          0.0000
          0.0000
         18.5180
          8.5661
          0.0000
          0.0000
          0.0000
          0.0000
          0.0000
          0.0000
          0.0000
          0.0000
          0.0000
          0.0000
          0.0000
          0.0000
          0.0000
          0.0000
          0.0000
          0.0000
          0.0000
          0.0000
          0.0000
          0.0000
          0.0000
         42.4592
        104.8401
          2.6219
          0.0000
          0.0000
          0.0000
         10.2851
         29.8463
         95.3901
        214.7331
        163.6860
        118.7847
          0.0000
          0.0000
          0.0000
          0.0000
          0.0000
          0.0000
          0.0000
         55.6239
          0.0000
          0.0000
          0.0000
          0.0000
          0.0000
         36.3765
         59.5457
         99.1527
         15.9290
          0.0000
          0.0000
          0.0000
          0.0000
          0.0000
          0.0000
          0.0000
          0.0000
          0.0000
          0.0000
          0.0000
          0.0000
          0.0000
          0.0000
         30.5852
          0.0000
          0.0000
          0.0000
          0.0000
          0.0000
         30.8233
         54.2852
         76.1058
          9.0071
         33.4400
         18.2248
          2.5508
          0.0000
          0.0000
          0.0000
         25.3200
          0.0000
          0.0000
          0.0000
          0.0000
          0.0000
         11.7413
         27.1130
         43.4350
          0.0000
          0.0000
          0.0000
          0.0000
          0.0000
          0.0000
          0.0000
          0.0000
          0.0000
          0.0000
          0.0000
          0.0000
          0.0000
         21.3752
          0.0000
         32.9524
          0.0000
          0.0000
          0.0000
          0.0000
          0.0000
         36.6705
         29.4513
         21.9828
          8.9532
         81.6363
          6.5849
          0.0000
          0.0000
          0.0000
          0.0000
         19.4336
          3.7006
          0.0000
          0.0000
          0.0000
          0.0000
          0.0000
          0.0000
          0.0000
          0.0000
          0.0000
          0.0000
          0.0000
          0.0000
          0.0000
          0.0000
          0.0000
          0.0000
          0.0000
          0.0000
          0.0000
          0.0000
         14.2213
          0.0000
         31.1606
          0.0000
          0.0000
          0.0000
          0.0000
          0.0000
          0.0000
          0.0000
          0.0000
          0.0000
          2.2500
          0.0000
          0.0000
          2.8593
         71.4415
         57.2501
         47.2920
          0.0000
          0.0000
          0.0000
          0.0000
          0.0000
          0.0000
          0.8587
         15.0512
          1.2532
          0.0000
          0.0000
          0.0000
          0.0000
          0.0000
          5.2890
         26.7201
          0.0000
          0.0000
          0.0000
          0.0000
          0.0000
         75.1005
         85.3552
        100.0004
         67.1801
         31.1948
         25.1768
         24.0028
         50.6938
         75.8072
         78.1281
         79.3284
         26.5362
          0.0000
          0.0000
          0.0000
         26.1906
         62.1894
         42.0263
         26.9246
          0.0000
          0.0000
          0.0000
          0.0000
          0.0000
          0.0000
          0.0000
          0.0000
          0.0000
          0.0000
          0.0000
          0.0000
          0.0000
          0.0000
         12.9991
         78.4866
         38.1147
          0.0000
          0.0000
          0.0000
          0.0000
          0.0000
          0.0000
          0.0000
          0.0000
         23.7556
          0.0000
          0.0000
          0.0000
          0.0000
          0.0000
          0.0000
          0.0000
          0.0000
          0.0000
          0.0000
          0.0000
          0.0000
          0.0000
          0.0000
         63.9780
        242.9081
        114.2211
         30.8326
         12.2839
          0.0000
          0.0000
          0.0000
          1.5098
        107.9637
         41.0894
         18.3830
         30.0547
         75.4662
         74.1166
         69.7751
        106.3967
         95.9249
         20.3782
          0.0000
          0.0000
          0.0000
          0.0000
          0.0000
          0.0000
          1.0143
          0.0000
          0.0000
          0.0000
          0.0000
          0.0000
          0.0000
          0.0000
         40.7675
         21.4596
          2.0104
          0.0000
          0.0000
          0.0000
          0.0000
          0.0000
          0.8417
          0.0000
          0.0000
          0.0000
          0.0000
          0.0000
          1.6157
          0.0000
          0.0000
          0.0000
          0.0000
          0.0000
         97.4918
        103.4801
        159.0819
         90.4161
         40.8263
         33.8260
         24.6465
          0.0000
          0.0000
         38.4365
        125.0272
         52.2528
          0.0000
          0.0000
          0.0000
         17.5805
         74.5455
         64.9011
         64.4832
         57.0630
         49.8799
         52.8504
         54.9553
          0.0000
          0.0000
          0.0000
          0.0000
          4.9008
         53.6736
         12.0665
          0.0000
          0.0000
          0.0000
          0.0000
          0.0000
          0.0000
         35.0431
         10.6965
          0.0000
         17.2305
         76.7780
         77.0941
         75.1102
         10.4899
          0.0000
          0.0000
          0.0000
          0.0000
          0.0000
          0.0000
          0.0000
         13.3725
        154.4387
         73.7113
          2.4550
          0.0000
          0.0000
          0.0000
          0.0000
          0.0000
          7.3064
          0.6884
          3.0521
          0.0000
          0.0000
         36.4256
        141.0977
        200.5962
        239.8213
        222.1203
        246.7819
        110.4958
         27.4548
         88.3874
        138.7748
         80.6310
         29.9612
          0.0000
          0.0000
          0.0000
          0.0000
          0.0000
          0.0000
         98.8078
        181.2234
        110.9619
         65.5190
        103.6160
        123.8719
        161.1136
        191.1885
         53.6590
          6.8704
          0.0000
          0.0000
          0.0000
          0.0000
          0.0000
          0.0000
          0.0000
          0.0000
          0.0000
          0.0000
          0.0000
          0.0000
          0.0000
         80.3905
          4.3349
          0.0000
          0.0000
         63.3820
          0.0000
          0.0000
          0.0000
          0.0000
          0.0000
          4.7465
          0.6101
          0.0000
          0.1011
          3.8916
          0.0000
         31.5755
         70.4720
        138.6883
        171.9394
        196.0387
        152.3267
        132.9018
        149.8716
        164.2043
         50.6600
          0.8639
          0.0000
          0.0000
          0.0000
          0.0000
          0.0000
          0.0000
         58.4760
        182.2948
        140.7602
        100.9012
        132.4741
        167.9353
        111.5442
         83.8497
         13.0616
          0.0000
          0.0000
          0.0000
          0.0000
          0.0000
          0.0000
          0.0000
          5.0003
         24.8254
          1.2470
          0.0000
          0.0000
         25.7483
         44.8343
         68.0159
         17.5082
         22.5562
          0.0000
          0.0000
          0.0000
          0.0000
          0.0000
          0.0000
          0.0000
          5.5005
          0.0000
          0.0000
          0.0000
          0.0000
          0.0000
          0.0000
          3.9397
         23.0658
         10.8916
          0.0000
          6.9336
         22.3086
         62.0378
         97.6640
         58.8508
         19.5503
          1.5501
          0.0000
          0.0000
          0.0000
          0.0000
          0.0000
          0.0000
          0.0000
          0.0000
          0.0000
          0.0000
          0.0000
          0.0000
          0.0000
          0.0000
         29.6333
          2.5011
          0.0000
          0.0000
          0.0000
          0.0000
          0.0000
          0.0000
         31.5882
          2.4834
          0.0000
          0.0000
          0.0000
         15.7673
         50.7752
         67.7189
        141.3960
         28.1216
          0.0000
          5.4095
         40.6131
         16.0370
          0.0000
         14.5250
         27.2430
          0.0000
          0.0000
          0.0000
          0.0000
          0.0000
          8.8023
         31.3213
         55.8880
         47.6478
         33.2213
         35.2066
         36.5404
          0.8508
          0.0000
         20.9472
         57.4268
         51.4534
         66.8242
         10.3213
          0.0000
         12.1651
         70.1569
         41.9422
         32.8309
         28.8313
         52.8203
         32.6351
         11.8998
         40.0404
         68.6879
         92.7927
        133.2815
        139.6974
        151.6052
        151.2148
        153.0145
        220.6172
        280.6137
        227.7512
        178.6449
         60.3748
          0.0000
          0.0000
          0.0000
          0.0000
          1.5792
          0.0000
          0.0000
          0.0000
          0.0000
          0.0000
          0.0000
          0.0000
          0.0000
          0.0000
         26.2908
          9.7164
          0.0000
         55.6316
        199.5721
        200.2355
        197.0632
         48.1241
          0.0000
          0.0000
          0.0000
          8.2544
        127.9908
         99.9263
         76.4649
         29.1255
          7.9411
          0.0000
          0.0000
          0.0000
          0.0000
          0.0000
          0.0000
          0.0000
         41.0760
         94.7744
         74.4433
        104.8734
        132.7409
         84.2668
         28.6458
         15.4160
          0.0000
          5.8259
         37.8867
        112.0994
        183.0075
        205.4183
        195.7581
        120.9947
         50.0661
          0.0000
          0.0000
          0.0000
          0.0000
          0.0000
          0.0000
         64.3636
        123.2965
        159.9253
        181.6869
         35.9224
         19.6921
          0.0000
          0.0000
          0.0000
          0.0000
          0.0000
          0.0000
          0.0000
          0.0000
          0.0000
          0.0000
          0.0000
         89.9510
         47.7651
          8.5333
        135.2232
        252.2901
        349.0649
        412.4257
        183.6667
         46.0516
          0.0000
          0.0000
          0.0000
         43.9358
         21.9549
         39.4892
          0.0000
          0.0000
          0.0000
          0.2116
          0.0000
         21.1765
          0.0000
          0.0000
          0.0000
          3.7225
          0.0000
          0.0000
          0.0000
          0.0000
          0.0000
          0.0000
          0.0000
          0.0000
          0.0000
          0.0000
         41.4704
        125.8558
        154.6771
        197.0217
         90.4406
          0.0000
          0.0000
          0.0000
          0.0000
         59.1893
         87.4868
        116.6018
         61.8928
          8.5546
         20.0387
         65.8539
         57.8487
         51.2668
         51.0219
         54.5493
         45.5404
         51.8237
          0.0000
          0.0000
          0.0000
          0.0000
         56.1574
        118.8794
         48.7857
          0.0000
          0.0000
          0.0000
          0.0000
        101.5086
         65.1206
         32.1820
         24.0067
         40.7412
         16.6452
          6.2336
          0.0000
          0.0000
          0.0000
          1.9013
          4.1973
         18.5714
          0.0000
          0.0000
          0.0000
          0.0000
          0.3400
         43.9002
          0.0000
          0.0000
          0.0000
          0.0000
         25.4488
        163.0471
        129.7942
        126.7563
         58.2972
          0.0000
          0.0000
          0.0000
         17.3116
         47.5306
          3.8356
          6.6682
          0.0000
          0.0000
          0.0000
          0.0000
          0.0000
          0.0000
         13.6959
         34.3005
         48.1820
         80.7062
         80.7062
          2.7167
          2.7167
         52.3950
         60.7660
         67.8308
         76.0678
         65.7032
          0.0000
          0.0000
          0.0000
          0.0000
          0.0000
          0.0000
         10.3955
         41.7286
         33.3206
         35.5052
         33.4962
         76.3769
         18.0507
          0.0000
          0.0000
          0.0000
          0.0000
          0.0000
          0.0000
         39.2315
         84.1834
        127.8047
         66.8976
         18.9383
          3.2735
          0.1350
         41.2671
         80.8517
        106.7542
        155.4841
         66.3254
          0.0000
          0.0000
          0.0000
          0.0000
         24.0836
         40.3649
         57.2797
         77.1894
         98.5928
         57.4900
         16.5579
         11.3987
          6.9020
          0.0000
          1.5058
         15.1370
         29.2883
         27.7596
         44.3533
         46.5432
         50.1608
         79.3784
         77.5630
         51.8950
         27.0411
         32.7428
         58.1064
        119.0876
        201.4931
        169.7118
        132.8362
         37.1784
          0.0000
          0.0000
          0.0000
          0.0000
         12.9685
         10.2820
         15.7736
          0.0000
          0.0000
          0.0000
          0.0000
          0.0000
         16.9381
         33.9884
         49.4941
         13.8282
          5.6410
          0.0000
          0.0000
          0.0000
          0.0000
          0.0000
          0.0000
          0.0000
          0.0000
          0.0000
          0.0000
          0.0000
          0.0000
          0.0000
          0.0000
          0.0000
         37.7928
          0.0000
          0.0000
          0.0000
          0.0000
          0.0000
         19.7850
          0.0000
         11.0128
          0.0000
          0.0000
          0.0000
          0.0000
          0.0000
          0.0000
          0.0000
         10.1453
         13.9427
         18.7642
         97.2340
        202.8851
        123.1999
         76.5618
         32.7876
          0.0000
          0.0000
          0.0000
          0.0000
          0.0000
          0.0000
          0.0000
          0.0000
          0.0000
          0.0000
          0.0000
          0.0000
          0.0000
          0.0000
          0.0000
          0.0000
          0.0000
          0.0000
          0.0000
          0.0000
         12.3913
         17.8022
         29.6542
         23.8678
         33.4635
          0.0000
          0.0000
          0.0000
          0.0000
          0.0000
          0.0000
          0.0000
          0.0000
          0.0000
          0.0000
          0.0000
         14.2150
         19.8035
         22.0203
          2.7693
          7.9576
          0.0000
          0.0000
          0.0000
         35.9659
         18.3455
         21.6908
         48.2942
         62.0466
        134.0995
        225.9508
        171.0217
        101.9629
         83.9613
         68.5487
         16.7692
          7.2795
          0.0000
          0.0000
          0.0000
         32.7792
         52.7482
         75.7982
         17.5528
          4.6036
          0.0000
          0.0000
          0.0000
          0.0000
          0.0000
          4.7685
          0.0000
        122.4704
         16.7158
          0.0000
          0.0000
          0.0000
          0.0000
          0.3745
          7.0703
         13.4790
          0.0000
          0.0000
          0.0000
          0.0000
          0.0000
          0.0000
          0.0000
         12.8864
          0.0000
          0.0000
          0.0000
          0.0000
          3.0076
         18.2845
         21.0856
         23.2750
         17.0566
         15.3588
         10.0964
         46.3673
         17.6739
         13.5446
         56.0334
         85.4398
         83.1368
        107.7905
         63.9293
         81.0887
         77.7745
         59.4948
         18.7190
          0.0000
          0.0000
         10.9398
         39.9340
         72.5917
        155.1543
        278.5206
        112.4496
          0.0347
          4.8836
         11.4373
         46.0209
         80.1344
        102.3433
        140.5768
         18.8693
          6.0988
          0.0000
          0.0000
          0.0000
          0.0000
          3.2778
         49.9573
         28.2838
         15.4580
          0.0000
          0.0000
          0.0000
          0.0000
          0.0000
          0.0000
          0.0000
          0.0000
          0.0000
          0.0000
          0.0000
          0.0000
          0.0000
         13.6267
         36.6006
         55.4136
         54.2558
         52.1673
          0.6259
          0.6852
          0.0000
          0.0000
          0.0000
          3.7024
          0.0000
          0.0000
          0.0000
          0.0000
          0.0000
          0.0000
          0.0000
         21.3344
          2.2939
          0.0000
          0.0000
          0.0000
          0.0000
          0.0000
          0.0000
          2.9347
          0.0000
          0.0000
          0.0000
          0.0000
          0.0000
          0.0000
          2.2036
         32.9064
         14.8828
          0.0000
          0.0000
          0.0000
         11.8660
         35.4969
         17.4373
          0.0000
         16.2826
         37.5842
         11.7831
          0.0000
          0.0000
          0.0000
          0.0000
          0.0000
          0.0000
          0.0000
          0.0000
          0.0000
         59.5619
        121.5015
         92.9378
         21.4689
          0.0000
          0.0000
          5.5774
         89.9600
        124.1249
        149.8636
        118.8610
        123.2021
          7.0027
          0.0000
          0.0000
          0.0000
          0.0000
          0.0000
          0.2427
         51.3058
         41.2141
         38.0499
         35.5898
         49.4239
         72.9725
         94.9884
         65.2660
         28.8000
         11.2303
          3.4290
          9.3360
         17.3787
         30.8704
         45.8611
          2.4764
          1.4861
          1.0491
         24.8009
         65.7888
        120.9697
        105.9996
         85.1013
         15.1943
          0.0000
          0.0000
          0.0000
          0.0000
         42.0417
         75.3519
         99.0353
         24.2084
          0.0000
          0.0000
          0.0000
          0.0000
          0.0000
          0.0000
         11.3671
          0.0000
          0.0000
          0.0000
          0.0000
          0.0000
          0.0000
          0.0000
          0.0000
          0.0000
         19.6087
          7.1378
          0.0000
          0.0000
          0.0000
          0.0000
          0.0000
          0.0000
         25.7934
          5.0687
          0.0000
          0.0000
          0.0000
          0.0000
          0.0000
        108.0793
        210.8099
        265.8749
        317.3782
        248.6800
        137.8882
        149.4271
        161.9686
         14.9465
         16.1552
          7.0792
          0.0000
          0.0000
          0.0000
          0.0000
          0.0000
          0.0000
          0.0000
          0.0000
         29.7691
         91.4042
        149.9382
        189.5363
        225.0200
        179.6804
        122.1581
        167.6338
        199.9849
        151.5894
        115.1432
        115.6089
        117.4865
        106.4999
         66.4853
         95.2270
        164.6582
        183.5449
        176.1804
         88.3596
         14.6166
         19.3077
         35.8147
          0.0000
          0.0000
          0.0000
         11.9550
         30.3479
         45.1712
          0.0000
          8.3035
          0.0000
          0.0000
          0.0000
          0.0000
         15.1439
         91.7664
        171.6244
        272.0911
        168.8859
         66.5147
        114.6988
        156.7366
        194.2465
        224.8164
        142.2294
         93.4983
         55.6640
         40.2024
         19.4947
          0.0000
         23.7786
         54.2957
         84.5979
        111.7065
        126.4949
        174.8833
        124.3547
         77.3465
         91.3104
        105.4048
         85.6581
         56.0706
         47.5598
         62.2017
         32.8306
         18.0316
         34.1353
         51.9316
         35.0293
         24.1785
          3.3426
          0.0000
          0.0000
         46.9791
         25.4634
         16.2808
          0.0000
          0.0000
          0.0000
          0.0000
          0.0000
         27.4315
         26.3807
         22.3923
          0.0000
          0.0000
          0.0000
          0.0000
          0.0000
          0.0000
          0.0000
          0.0000
          0.0000
         79.1149
        137.5395
        198.5344
        194.9617
        160.5157
        129.0783
        142.0259
        132.1764
        108.8996
        163.3403
        216.9867
        129.7082
         75.1385
        102.6342
        130.1221
         33.4687
          6.6638
          0.0000
          0.0000
          1.9654
         94.0093
         65.8311
         68.0985
         54.3991
         54.4169
         48.3215
         81.1922
         70.7486
         58.5752
         28.4543
          6.2846
          0.0000
          0.0000
          0.0000
          0.0000
          0.0000
          0.0000
          0.0000
          0.0000
          0.0000
         45.1749
         69.7852
         96.3407
         81.1966
         63.8474
         73.6023
         81.7470
         55.2981
         43.2837
         77.9234
        110.6873
         68.6991
         41.5097
         48.1534
         53.9947
         41.9598
         30.5974
         48.2698
         64.2575
         33.0527
          1.4822
         42.4856
         82.9137
         74.8543
         92.2409
         68.5618
         50.5241
         28.3186
          0.0000
         57.4891
        116.3357
        126.9503
        119.4249
         57.9192
          0.1299
          0.0000
          0.0000
         21.2947
        124.0502
        209.5566
        290.4643
        239.4434
        182.3438
        116.4166
         57.7134
         88.2819
         77.2320
        105.9801
         73.5384
        111.6582
        149.4720
        222.0796
        292.0948
        349.7529
        402.8131
        193.9210
          1.2381
          0.0000
          0.0000
          0.0000
          0.0000
          0.0000
         52.7369
         22.0758
         11.5554
          0.0000
          0.0000
          0.0000
          0.0000
          0.0000
          0.0000
          0.0000
         26.8328
         19.9503
         13.5197
          2.7678
          0.0000
         20.7669
         60.3530
         30.7413
         35.6303
         29.1710
         60.6916
         82.3479
        111.7204
         99.3082
         84.7365
         66.9723
         29.6772
        159.1558
        276.0449
         88.7841
          0.0000
          0.0000
          0.0000
          0.0000
         35.7418
          0.0000
          0.0000
          0.0000
          0.0000
          0.0000
          0.0000
          0.0000
         21.8467
          0.0000
          0.0000
          0.0000
          0.0000
         49.3195
        106.1455
         19.1223
          0.0000
          0.0000
          5.2302
          0.0000
         13.6134
          0.0000
          0.0000
          0.0000
        112.4203
        103.5741
         99.5797
        118.1638
        166.0521
        157.9621
        192.1932
         34.7255
          0.0000
          0.0000
          0.0000
          0.0000
          0.0000
          0.0000
         64.4685
         23.4621
          1.8614
          0.0000
          0.0000
          0.0000
          1.8415
          0.0000
         13.7537
         25.5265
         30.9015
         72.0544
        132.2566
         59.3302
         11.1408
         46.2239
         80.0539
         71.7450
         66.2124
         14.3025
          0.0000
          0.0000
          0.0000
          0.0000
          0.0000
          0.0000
         16.7400
          0.0000
          0.0000
          0.0000
          0.0000
          0.0000
          0.0000
          0.0000
         43.0884
         26.7721
         14.4960
         33.7970
         52.5146
         37.2543
         24.8825
         69.4823
        111.8336
         58.3147
         23.3496
         20.8781
         17.6737
          0.0000
          0.0000
          0.0000
          0.0000
          0.0000
          0.0000
          0.0000
          0.2416
          0.0000
          0.0000
          0.0000
          0.0000
          0.0000
          0.0000
          0.0000
         22.9928
         36.2358
         49.2834
         14.0708
          0.0000
          0.0000
          0.0000
         21.2562
        118.5002
         97.4378
         78.3401
         33.7584
          0.0000
         27.6946
         79.2877
         55.8067
         31.3717
          8.2858
         21.0677
         16.6650
          8.3952
         65.7268
        152.9551
        101.2603
         36.7470
         42.5960
         51.6651
         23.0274
         33.1938
          0.0000
          0.0000
          0.0000
          0.0000
         13.0513
         41.3292
         11.3879
         14.9765
          0.0000
          0.0000
          0.0000
         19.5383
          0.0000
          0.0000
          9.9969
         26.7282
         37.5142
         56.8286
        111.6330
        146.9268
        121.8341
         81.8162
         50.0402
         10.4040
         30.7382
         59.7430
         80.5974
        100.5312
         77.2529
         51.4459
          0.0000
          0.0000
          0.0000
          0.0000
          0.0000
          0.0000
          0.0000
          0.0000
          0.0000
         10.1862
         12.7216
         60.4322
         38.6556
         15.1089
          3.9714
          0.0000
          0.0000
          0.0000
          0.0000
          0.0000
          0.0000
         38.8115
         89.3482
        138.5764
         46.8940
          0.0000
          0.0000
         15.8818
          0.0000
          0.0000
          0.0000
          0.0000
          0.0000
          0.0000
          0.0000
          0.0000
          0.0000
          1.8484
         49.9304
         97.6016
         46.0920
         10.8039
          0.0000
          0.0000
          0.0000
          2.0959
         30.6105
         58.3576
        122.6363
        183.1428
        110.1756
         52.5194
          6.3776
          0.0000
          0.0000
         17.3199
         10.0268
          0.0000
         27.3993
         53.8717
          0.0000
          0.0000
          0.0000
          0.0000
          0.0000
          2.2525
          0.0000
          5.3776
          0.0000
          0.0000
          0.0000
          0.0000
          2.5457
         10.3496
          0.0000
          0.0000
         10.4461
         51.4738
         31.2165
         13.6868
         59.3249
        125.2682
         50.8907
          0.0000
         41.7062
        166.3145
         83.5260
         30.7218
          0.0000
          0.0000
          0.0000
          0.0000
          0.0000
         19.1673
          6.8513
          4.9845
          0.0000
          0.0000
          0.0000
          0.0000
          0.0000
         34.2964
          0.0000
         18.6575
          0.0000
          0.0000
          0.0000
          0.0000
          7.0194
         63.9704
         34.6077
         14.0064
         10.1768
          9.1579
         31.7685
         85.3941
        108.2506
        137.4485
        102.7675
         75.6760
         58.0433
         43.6380
         44.1595
         56.5831
         33.0575
          6.3900
         28.2121
         49.1441
         31.3756
         10.8312
          0.0000
          0.0000
          0.0000
         14.5528
          0.0000
          0.0000
          7.0585
         23.4562
         81.3064
        166.5395
        154.3402
        142.2800
        113.8929
        105.5584
         22.8386
          6.7571
          0.0000
          0.0000
          0.0000
          5.0728
          0.0000
          8.0159
         51.7304
         84.5231
         82.0532
         72.9890
          0.0000
          0.0000
          0.0000
          0.0000
         63.8349
         89.3462
          0.0000
          0.0000
          0.0000
          0.0000
          0.0000
          0.0000
          0.0000
         33.0299
         21.9177
          4.2167
          0.0000
          0.0000
         25.3063
         70.8659
          0.0000
          0.0000
          0.0000
          0.0000
          0.0000
        109.1550
        105.6521
        101.3628
          4.3842
          6.2551
          0.0000
          0.0000
          0.0000
          0.0000
          0.0000
          0.0000
          0.0000
          0.0000
          0.0000
          0.0000
          0.0000
          0.0000
          0.0000
         18.3817
         63.7222
        107.6536
         53.9267
          4.7913
         77.1786
        151.2765
        113.8929
         74.9106
         27.8709
         21.6305
          1.5401
          0.0000
         19.1593
         48.2007
         95.1603
        141.4770
         55.8600
          0.0000
          0.0000
          0.0000
          0.0000
          0.0000
          0.0000
          7.8903
         46.3595
         87.9706
         39.1907
          0.0000
          0.0000
          0.0000
          0.0000
          0.0000
          4.9369
         20.8223
          0.0000
          0.0000
          0.0000
         10.9030
         15.4264
         20.2787
         34.1381
         47.9182
         41.1996
         38.7117
         34.9357
         65.3455
         52.7848
         42.2946
          0.0000
          0.0000
          0.0000
          0.0000
          0.0000
          0.0000
          0.0000
          7.7100
         30.2885
         51.5841
         15.7137
          0.0000
          0.0000
          0.0000
          0.0000
         35.6544
          0.0000
          0.0000
          0.0000
         52.6884
          4.2103
          0.0000
          0.0000
         10.4656
         22.7955
         37.3403
         67.9313
        135.3772
         83.2706
         44.9163
         44.9341
         45.1816
         27.8551
         16.9405
         60.9903
        125.1912
        140.9615
        149.8533
        128.9848
        126.4075
         21.3928
          7.7118
          0.0000
          0.0000
          0.0000
          0.0000
          0.0000
          0.0000
          1.8776
         18.4902
          9.3523
          0.0000
          7.1888
         13.5781
          6.6698
          0.0000
         91.8280
        174.0080
        245.1821
        309.2752
         69.6039
          0.0000
          0.0000
          0.0000
          0.0000
          0.9955
          0.0000
          0.0000
          0.0000
          0.0000
          0.0000
          5.1284
          2.0381
          1.6226
          0.0000
          0.0000
          0.0000
          4.5603
         17.2735
         31.0595
         47.4929
         94.8072
         78.6814
         57.8390
         78.4785
         95.4379
         74.5645
         51.3212
         35.1163
         15.7292
         20.0629
         20.6707
         50.6826
         84.7178
         77.5646
         78.6575
         50.4689
         13.9124
          0.0000
          0.0000
          0.0000
          6.9925
         19.6321
         33.8977
         28.5915
         19.7682
         99.9546
        178.8480
        150.1802
        150.9265
         82.1765
         58.4360
         11.3641
         15.2143
          0.0000
          0.0000
          0.0000
          1.3293
          0.0000
         15.3839
          5.4619
          3.6097
          0.0000
          0.0000
          0.0000
          0.0000
         14.9776
         65.2264
         63.4338
         57.2286
         26.4403
          0.4039
          0.0000
          0.0000
          3.2853
          9.6684
         29.9872
         69.7778
         34.4003
          0.0000
         14.2094
         36.0056
         11.5288
          4.2155
         14.2051
         39.3731
         36.2064
         32.3474
         27.0164
         30.4641
         18.8382
         19.0802
         46.3740
         89.5383
          0.0000
          0.0000
          0.0000
          0.0000
         22.4525
         47.5570
         26.0251
         14.5781
          0.0000
          0.0000
          0.0000
          0.0000
          0.0000
          0.0000
          9.8343
         21.5717
          3.1704
          0.0000
          2.3793
          7.0621
          7.1010
         16.3540
         15.6466
         14.1309
          4.2671
          0.0000
          4.1083
         16.9243
         22.7850
         27.7559
          0.0000
          0.0000
          0.0000
          0.0000
          0.0000
         46.8105
         58.9792
         80.9112
         14.3915
          0.0000
          0.0000
          0.0000
          0.0000
          0.0000
          0.0000
          0.0000
          0.0000
         16.7473
          0.0000
          0.0000
          0.0000
          0.0000
         13.3245
         40.7496
          6.6671
          0.0000
          0.0000
          0.0000
          0.0000
         83.1409
        118.4707
        153.2627
         87.2832
         14.6429
          0.0000
          0.0000
          0.0000
         18.5972
          0.0000
          0.0000
          0.0000
          0.0000
          0.0000
          0.0000
          0.0000
          0.0000
          0.0000
          0.0000
          0.0000
          0.0000
          0.0000
          0.0000
          0.0000
         33.0208
         43.4808
         54.4958
         37.1671
         33.3932
          0.0000
          0.0000
          0.0000
          0.0000
         13.8584
         38.9254
         31.1316
         31.3367
         23.1935
         10.6428
         22.1272
         34.9743
         34.3279
         32.8101
         50.9791
         64.4792
         60.8622
         55.4891
          8.4825
          0.0000
          0.0000
          0.0000
          0.0000
         29.6129
         16.0975
         14.7525
          0.0000
          0.0000
          0.0000
          0.0000
          0.0000
         28.1193
         33.9483
         49.9568
         42.4372
         35.9705
         50.3999
         66.5764
         91.3798
        115.1160
         68.6625
         26.2344
         14.2897
          3.8425
         28.2567
         52.6123
         52.9001
         54.6085
         56.0950
         49.6575
         31.9858
         44.3979
         29.5055
         16.3114
         11.2753
         41.3878
          7.1909
          0.0000
          0.0000
         69.5453
         74.8978
         80.4458
         13.8637
          0.0000
          0.0000
          0.0000
          0.0000
          0.0000
          0.0000
         18.8534
         23.9918
         29.2819
         37.4615
         65.9403
         66.1408
         84.9183
         92.9076
        101.6892
         72.7721
         41.8112
          0.0000
          0.0000
          0.0000
          0.0000
          0.0000
          0.0000
          5.6878
         39.2988
         11.0865
          0.0000
          0.0000
         16.4861
         15.2915
         15.5218
         22.8589
         32.9195
          0.0000
          0.0000
          0.0000
          0.0000
          0.0000
          0.0000
          0.0000
         52.5580
         24.2086
          0.0000
         48.4376
        123.7018
        106.5075
        103.6416
         43.2357
         17.7391
          4.8370
          0.0000
          0.0000
          0.0000
          0.0000
          0.0000
         18.5619
         38.7885
         12.0427
          0.0000
          0.0000
          8.2350
         17.0163
         25.6932
         32.6009
         37.4931
         20.3179
          6.2663
          0.0000
          0.0000
          0.0000
          1.9768
         16.5262
         31.2046
         10.4692
          0.0000
          0.0000
          0.0000
          0.0000
          0.0000
          0.2813
         36.4383
          1.6453
          0.0000
          0.0000
          0.0000
          0.0000
          0.0000
          0.0000
         52.6341
         39.3800
         34.5391
         46.7510
         85.8602
         29.0049
         10.0580
         30.2991
         50.0435
         17.8110
          0.0000
          5.0574
         41.2629
         26.3657
         12.6693
         28.0161
         40.3181
         60.3913
         80.0584
        119.1713
        187.0402
        114.5769
         67.0286
         29.4122
         13.5010
         41.2247
         71.2118
         58.1570
         45.5575
         19.7558
          3.2875
         41.9001
         78.1342
         20.6589
          0.0000
          0.0000
         19.4058
         30.0267
         36.5588
         33.7928
         29.1198
          0.0000
          0.0000
          0.0000
          0.0000
          0.0000
          0.0000
          0.8958
         51.8007
         40.1109
         27.4647
          0.0000
          0.0000
          0.0000
          0.0000
          0.0000
          5.6345
          0.0000
          0.0000
          0.0000
          0.0000
          0.0000
          0.0000
         26.9600
         64.3239
         24.4578
          0.0000
          0.0000
          3.8130
          0.0000
          0.0000
          8.0729
         31.0440
         12.4893
          0.0000
          0.0000
          0.0000
          0.0000
          0.0000
          0.6058
         38.9526
         26.5319
         20.1199
          0.0000
          0.0000
          0.0000
          0.0000
         16.0446
         41.3275
         43.7244
         49.3978
         25.4734
         26.0071
          0.5663
          0.0000
         14.6267
         38.3517
         14.3649
          0.0000
          0.0000
          0.0000
          0.0000
          0.0000
          0.0000
         22.7347
         24.0397
         25.6722
         59.8519
        110.1481
        111.2817
        113.0988
         27.0344
          0.0000
          0.0000
          0.0000
          0.0000
          0.0000
          0.0000
          0.0000
         13.6127
         46.7598
         19.6203
          0.0000
          5.2488
         19.6116
         33.3430
         47.2180
         44.0741
         39.7116
         39.8786
         42.0307
         10.8222
          0.0000
          0.0000
          0.0000
          0.0000
         10.5471
         18.7948
         48.1271
          0.0000
          0.0000
          0.0000
          0.0000
          0.0000
         88.0237
        134.2309
        204.0879
         65.8740
          0.0000
         10.4951
         59.1946
         57.9629
         61.5275
         38.2665
         14.6630
         16.3932
         45.7119
         32.7718
         48.1264
         31.2634
         13.3994
         28.5649
         47.5701
         21.6853
          0.0000
          0.0000
          6.4309
         15.5229
         29.5251
         17.2657
         13.4738
         41.2204
        104.6131
         63.5622
         27.8769
         50.6936
         57.9929
         27.3958
          0.0000
          0.0000
          0.0000
          0.0000
          0.0000
          0.0000
          0.0000
          0.0000
          0.0000
          0.0000
          0.0000
          0.0000
          0.0000
         32.7890
         92.9616
         51.3026
          5.7030
          0.0000
          0.0000
          0.0000
          0.0000
          2.1036
          8.4632
         34.2052
         68.0089
         80.5190
        102.6173
         74.4235
         47.9735
          0.0000
          0.0000
          0.0000
          0.0000
          0.0000
          0.0000
          0.0000
          0.0000
          0.0000
          0.0000
          0.0000
          0.0000
          0.0000
          0.0000
          0.0000
          0.0000
          0.0000
          0.0000
          0.0000
          0.0000
          0.0000
          0.0000
          0.0000
          0.0000
          0.0000
         33.8075
          3.1527
          0.0000
          0.0000
          0.0000
          0.0000
          0.0000
          0.0000
          0.0000
          0.0000
          0.0000
          0.0000
          0.0000
          0.0000
          0.0000
          0.0000
         29.9391
         31.3090
         30.3237
          0.0000
          0.0000
          0.0000
          6.9072
          4.1580
          0.0000
          0.0000
          0.0000
          0.0000
          0.0000
          0.0000
          0.0000
          0.0000
         24.8873
          0.0000
          0.0000
          0.0000
          0.0000
          0.0000
          0.0000
          5.5894
         22.0313
         36.1434
         47.6502
         58.6024
         94.2141
         11.2578
          0.0000
          0.0000
          1.9197
          0.0000
          0.0000
          0.0000
          0.0000
          0.0000
          0.0000
          0.0000
          0.0000
          0.0000
          0.0000
          0.0000
          0.0000
          0.0000
          0.0000
          0.0000
         34.4023
          0.0000
          0.0000
          0.0000
          0.0000
          0.0000
          0.0000
          1.1557
         13.7613
         11.5291
         10.4507
          0.0000
          0.0000
          0.0000
          0.0000
          0.0000
          0.0000
          0.0000
          0.0000
          0.0000
          0.0000
          0.0000
          0.0000
          0.0000
         18.7141
          0.0000
          0.0000
          0.0000
          0.0000
          0.0000
          0.0000
          0.0000
          9.2671
          3.3618
          0.0000
          0.0000
          0.0000
          0.4600
         28.6651
         62.0766
         89.1627
         88.0644
         91.6257
         17.2249
          0.0000
          0.0000
          0.0000
         10.0544
         56.9223
         23.9610
          0.0000
          0.0000
          0.0000
          0.0000
          0.0000
          0.0000
         33.9923
          0.0000
          0.0000
          2.7075
         12.0679
          0.0000
          0.0000
         13.5401
         31.2860
          0.0000
          0.0000
          0.0000
          0.0000
          0.0000
          0.0000
         20.7345
         56.3973
          0.0000
          0.0000
          0.0000
          0.0000
          0.0000
         12.9835
         24.4974
         39.3258
          0.0000
          0.0000
          0.0000
          5.9140
          0.0000
          0.0000
          0.0000
         47.4985
         32.8330
         15.8677
          0.0000
          0.0000
          0.0000
          0.0000
          0.0000
         41.3345
          0.0000
          0.0000
          0.0000
          0.0000
          0.0000
          0.0000
          0.2229
          9.1931
          0.0000
          0.0000
          0.0000
          0.0000
          0.0000
          0.0000
          0.0000
          0.0000
          0.0000
          0.0000
          0.0000
          0.0000
          0.0000
          0.0000
          0.0000
          0.0000
          0.0000
          0.0000
          0.0000
          0.0000
          0.0000
          0.0000
          0.0000
         34.8618
         13.2470
          0.0000
          0.0000
         26.3366
         36.8634
         84.2702
         53.8175
         21.7928
         38.2764
         56.9589
         57.3790
         83.5374
         34.5165
          0.0000
         36.4224
        123.3905
         94.7281
         66.5753
          0.0000
          0.0000
          0.0000
          0.0000
          0.0000
         21.1232
          0.0000
          0.0000
          0.0000
          0.0000
          0.0000
          0.0000
          0.0000
         10.2109
          0.0000
          0.0000
          3.6790
         30.0085
         62.1722
        101.2682
         92.7947
         97.5853
         71.7608
         44.7776
         28.1047
          9.4850
         54.0055
         95.1080
         41.6754
         24.1790
          0.0000
          0.0000
          0.0000
          0.0000
          0.0000
         15.6220
         27.7463
         49.8789
         36.0349
         35.0847
         12.3915
          0.0000
          0.0000
          0.0000
          0.0000
          0.0000
          0.0000
          0.0000
          0.0000
          0.0000
          0.0000
          0.0000
         20.5084
         58.1833
         34.7340
         10.4676
          0.0000
          0.0000
         26.2542
         63.9383
         59.2440
         45.1570
         18.5892
          0.0000
         28.7590
         79.7166
         62.6798
         55.4350
          0.0000
          0.0000
          0.0000
          0.0000
          0.0000
          0.0000
          0.0000
          0.0000
          0.0000
         10.7841
          0.0000
          0.0000
          0.0000
          0.0000
          0.0000
         25.0739
         25.8699
         18.6607
         23.2154
         27.1635
          0.0000
          0.0000
          0.0000
          0.0000
          0.0000
         12.0893
          5.3354
          0.2365
          0.0000
          0.0000
          0.0000
          0.0000
          0.0000
         26.3065
          0.0000
          0.0000
          0.0000
          0.0000
          0.0000
          0.0000
          0.0000
         37.7910
          0.0000
          0.0000
          0.0000
          0.0000
          0.0000
          0.0000
          0.0000
          0.0000
          0.0000
          0.0000
          0.0000
          0.0000
          0.0000
          0.0000
          0.0000
          0.0000
          0.0000
          0.0000
          0.0000
          0.0000
          0.0000
          0.0000
          0.0000
          0.0000
          0.0000
          0.0000
          0.0000
          0.0000
          0.0000
          0.0000
          0.0000
          0.0000
          0.0000
          0.0000
          0.0000
         30.2179
         31.0234
          0.0000
          0.0000
         44.1486
         17.4658
          0.0000
          0.0000
          4.6069
          0.0000
         13.3814
          0.0000
          0.0000
          0.0000
          0.0000
          0.0000
          0.0000
          0.0000
          0.0000
          3.0403
          6.0186
         17.5333
         19.9687
          0.2724
          1.6727
          0.0000
          0.0000
          0.0000
          0.0000
          0.0000
          0.0000
          0.0000
          0.0000
          0.0000
          0.0000
          9.5028
         36.6078
          0.0000
          0.0000
          0.0000
          0.0000
          0.0000
          0.0000
          0.0000
          0.0000
          0.0000
          0.0000
          0.0000
          0.0000
          0.0000
          0.0000
          0.0000
         54.2243
          0.0000
          0.0000
          0.0000
          0.0000
          0.0000
          0.0000
          0.0000
          0.0000
          0.0000
          0.0000
          0.0000
          0.0000
          0.0000
          0.0000
          0.0000
         29.5728
          2.8354
          6.0881
          0.0000
          0.0000
          0.0000
          0.0000
          0.0000
         43.2314
          8.0760
          9.6733
          0.0000
          0.0000
          0.0000
          0.0000
          0.0000
         17.9629
          7.4180
          0.0000
          0.0000
          0.0000
          0.0000
          0.0000
          0.0000
         44.6248
          0.0000
          0.0000
          0.0000
          0.0000
          0.0000
          0.0000
          3.2067
          0.0000
          0.0000
          0.0000
          0.0000
          0.0000
          0.0000
          0.0000
          0.0000
          0.0000
          0.0000
          0.0000
          0.0000
         28.2415
          0.0000
          0.0000
          0.0000
         12.2019
          0.0000
         15.6627
          0.0000
          0.0000
          0.0000
          0.0000
          0.0000
          0.0000
          0.0000
          0.0000
          0.0000
          0.0000
          0.0000
          0.0000
          0.0000
         25.8458
          0.0000
          0.0000
          0.0000
          0.0000
          8.4159
         28.3240
          0.0000
          0.0000
          0.0000
          0.0000
          0.0000
          0.0000
          0.0000
          0.0000
          0.0000
          0.0000
          0.0000
          0.0000
          0.0000
          0.0000
          0.0000
          0.0000
          0.0000
          0.0000
          0.0000
          0.0000
          0.0000
          0.0000
          0.0000
          0.0000
          0.0000
          0.0000
          0.0000
          0.0000
          0.0000
          0.0000
          0.0000
          0.0000
          0.0000
         23.2584
          0.0000
          0.0000
          0.8319
         41.2595
         66.2582
         88.1332
         44.0662
          0.0000
          0.0000
          0.0000
          0.0000
         31.7852
         21.2315
         18.5249
          0.0000
          0.0000
          0.0000
          0.0000
          0.0000
          0.0000
          0.0000
          0.0000
          0.0000
         24.9331
          0.0000
          0.0000
          0.0000
          0.0000
          0.0000
          0.0000
         13.6722
         63.6220
          8.7303
          0.0000
         23.7552
         55.5159
         79.8453
        106.5900
         35.7061
          0.0000
          0.0000
          0.0000
         29.3131
         94.7533
         65.7352
         51.2730
          0.0000
          0.0000
          0.0000
          0.0000
          0.0000
          0.0000
         13.0503
         41.8078
          0.0000
          0.0000
          0.0000
          0.0000
          0.0000
          9.5409
          6.9709
          8.6618
          0.0000
          0.0000
          0.0000
          0.0000
          0.0000
          0.0000
          0.0000
          0.0000
          7.0521
         30.5143
          4.9804
          0.0000
          0.0000
          0.0000
          0.0000
          0.0000
          0.0000
         30.6568
         25.9232
         17.8388
          0.0000
          0.0000
          0.0000
          0.0000
          0.0000
         14.6051
         31.4169
         57.0429
         27.0495
         36.0701
          0.0000
          0.0000
          3.3814
         29.4433
          7.6385
          0.0000
          0.0000
          0.0000
          0.0000
          0.0000
          8.7157
         29.1139
          6.7107
          0.0000
          0.0000
          0.0000
         27.4554
         66.3860
         27.3040
          0.0000
          0.0000
          0.0000
          0.0000
          0.0000
          0.0000
          0.0000
          0.0000
         44.9844
          7.0591
          0.0000
          0.0000
          0.0000
          0.0000
          0.0000
          0.0000
         10.9346
          0.0000
          0.0000
          0.0000
         15.1916
          0.0000
          0.0000
          8.3691
         34.4205
          0.0000
          0.0000
          0.0000
          0.0000
          0.0000
          0.0000
         32.6945
        109.9582
         41.4941
          8.5073
         36.6712
         59.6690
         31.0855
         15.0624
         88.8012
        148.3002
         91.0193
         34.7954
         53.3682
        122.5535
        129.0775
        199.0722
         82.0523
          0.0000
          0.0000
          0.0000
          0.0000
          0.0000
          0.0000
          0.0000
          0.0000
          0.0000
          0.0000
          0.0000
          0.0000
          0.0000
          0.0000
          0.0000
          0.0000
          0.0000
          0.0000
          0.0000
          0.0000
         38.3012
         63.8171
         54.1263
         19.3596
          0.0000
          0.0000
          0.0000
          0.0000
          0.0000
         16.4182
         61.9851
          5.3576
          0.0000
          0.0000
          0.0000
          0.0000
          0.0000
          0.0000
          0.0000
          0.0000
          0.0000
          0.0000
          0.0000
          0.0000
          0.0000
          0.0000
          0.0000
          0.0000
         70.7994
         65.9197
         31.1610
          0.0000
          0.0000
          0.0000
         12.3561
         25.2858
         41.5435
          0.0000
          0.0000
          0.0000
         69.2162
         94.2835
        136.6769
        134.5589
        140.2063
         84.1216
         17.8983
         17.9049
         24.3529
         49.2705
         77.3713
        114.8591
        127.4177
         83.6996
          0.0000
          3.7964
         44.8562
         91.3966
        138.8759
         29.0482
          0.0000
          0.0000
          0.0000
          0.0000
          0.0000
          0.0000
         55.0814
         25.3246
         17.6040
          0.0000
          0.0000
         24.7171
         71.8415
         58.4410
         58.6163
          0.0000
          0.0000
          0.0000
          0.0000
          0.0000
          0.0000
          0.0000
          0.0000
          0.0000
          0.0000
          0.0000
          0.0000
          0.0000
          0.0000
          0.0000
          0.0000
          0.0000
         46.8507
         39.5959
         40.0925
         72.6222
        107.5125
         88.7666
         81.7951
          0.0000
          0.0000
          0.0000
          0.0000
          0.0000
          0.0000
          4.9442
          9.6995
         19.6817
         32.9646
         45.0156
         56.9876
         47.6871
         66.9497
         57.6039
         30.3547
         15.8980
          0.0000
          0.0000
          0.0000
          0.0000
          0.0000
          0.0000
          0.0000
          0.0000
          0.0000
          0.0000
          0.0000
          0.0000
          0.0000
          0.0000
          0.0000
          0.0000
          8.9628
          0.0000
          0.0000
          0.0000
          0.0000
          0.0000
          0.0000
          0.0000
          0.0000
          0.0000
          0.0000
          0.0000
          0.0000
          1.1337
         15.3015
         11.5672
          3.4114
          0.0000
          0.0000
          0.0000
          0.0000
          0.0000
          0.0000
          0.0000
          0.0000
          0.0000
          0.0000
          0.0000
          0.0000
          0.0000
          0.0000
          0.0000
          0.0000
          0.0000
          0.0000
          0.0000
          0.0000
          0.0000
          0.0000
          0.0000
         22.3206
         26.1261
         29.1265
         71.8022
        111.5244
         75.5101
         31.5103
          3.8879
          8.9462
         52.6139
        111.8808
         94.9965
         89.2361
         32.2894
          0.0000
          0.0000
          0.0000
          0.0000
          0.0000
         21.2826
         89.6362
         44.9104
         48.4743
         33.0596
         58.9687
         68.2186
         63.7189
         39.7052
         12.9524
         12.0585
         13.9521
          0.0000
          7.6016
          0.0000
          0.0000
          0.0000
         44.9095
          0.0000
          0.0000
          0.0000
          0.0000
          0.0000
          0.0000
          0.0000
          0.0000
          0.0000
          0.0000
          0.0000
          0.0000
          0.0000
          0.0000
          0.0000
          0.0000
         12.3799
         65.3777
         17.8186
          0.0000
          0.0000
          0.0000
          0.0000
         87.0862
         21.6548
         30.9612
          1.3256
          0.0000
          6.5311
         45.2260
          0.0000
          0.0000
          0.0000
          0.0000
          0.0000
          0.0000
          0.0000
          0.0000
         43.3390
        110.3549
         96.8673
         84.4229
         36.6834
          0.0000
          0.0000
          0.0000
          0.0000
          0.0000
          0.0000
          0.0000
          0.0000
         31.4807
          0.0000
          0.0000
          0.0000
          0.0000
          0.0000
          0.0000
          0.0000
         45.8267
          3.3385
          5.7907
          0.0000
          0.0000
          0.0000
          0.0000
          0.0000
         32.4109
          0.0000
          0.0000
          0.0000
          0.0000
          0.0000
         51.7704
         16.4055
          0.0000
          0.0000
          5.8686
          0.0000
          0.0000
          0.0000
         27.0323
         18.5419
          7.2014
          0.6749
          0.0000
          0.0000
          0.0000
          0.0000
          0.0000
          0.0000
          1.4538
          0.0000
          0.0000
          0.0000
          9.9124
          0.8476
          0.0000
          0.0000
          0.0000
          0.0000
          0.0000
          0.0000
         47.4712
         11.0015
         41.1144
          4.6366
          0.0000
          0.0000
          0.0000
          0.0000
          0.0000
          0.0000
          0.0000
          0.0000
          0.0000
          0.0000
          0.0000
          0.0000
         37.4773
          0.0000
          0.0000
          0.0000
          0.0000
          0.0000
          0.0000
          0.0000
          0.0000
          0.0000
          0.0000
          0.0000
         58.6277
         16.7112
          0.0000
          0.0000
          0.0000
          0.0000
          0.0000
          0.0000
          0.0000
          0.0000
          0.0000
          0.0000
         10.1258
         47.4762
         83.8066
         31.0086
          5.3524
          0.0000
          0.0000
          0.0000
          0.0000
         23.4985
         56.1554
          0.0000
          0.0000
          0.0000
          0.0000
          1.1869
         68.1719
         22.8739
         11.5632
          0.0000
          0.0000
          0.0000
          0.0000
          0.0000
          0.0000
          0.0000
          0.0000
          0.0000
          0.0000
          0.0000
          0.0000
         22.0823
         81.3043
         87.9879
         96.7835
         34.1303
          0.0000
          0.0000
          0.0000
          0.2266
         45.1081
         45.9021
         43.7136
          0.0000
          0.0000
          0.0000
          0.0000
          0.0000
         51.4169
         53.3643
         64.2208
          0.0000
          0.0000
          0.0000
          0.0000
          0.0000
          0.0000
          0.0000
          0.0000
          0.0000
          0.0000
          0.0000
          0.0000
          0.0000
          0.0000
          0.0000
          0.0000
          0.0000
          0.0000
          0.0000
          0.0000
          0.0000
         51.4280
         52.0238
         49.3802
         14.8378
         18.4086
         10.2397
         10.6630
          7.9145
         19.7100
         88.0548
        133.4947
         65.0036
          0.0000
          0.0000
          0.0000
          0.0000
          0.0000
          0.0000
          0.0000
          0.0000
          0.0000
          0.0000
          0.0000
          0.0000
          0.0000
          0.0000
          0.0000
         13.1680
         34.9423
          1.6785
          0.0000
          0.0000
          0.0000
          0.0000
          0.0000
          0.0000
         10.3734
          0.0000
          0.0000
          0.0000
         26.4516
         60.7960
         97.8737
         62.3014
         24.1253
          0.0000
          0.0000
          0.0000
          0.0000
          0.0000
          0.0000
          0.0000
         14.1617
          0.0000
          0.0000
          0.0000
          0.0000
          0.0000
          6.3639
          0.0000
          0.0000
          0.0000
          0.0000
          8.1100
        108.3929
         80.7004
         57.1161
          0.0000
          0.0000
          0.0000
          0.0000
          0.0000
         71.6117
         20.7948
         15.7345
          0.0000
          0.0000
          0.0000
          0.0000
          0.0000
          0.0000
          0.0000
          0.0000
          0.0000
          0.0000
          0.0000
          0.0000
          5.2788
         49.7656
         46.8597
         46.3945
         14.5214
          0.0000
          0.0000
