          0.0000
          0.0000
          0.0000
          0.0000
          0.0000
          0.0000
          0.0000
          0.0000
          0.0000
          0.0000
          0.0000
          0.0000
          0.0000
          0.0000
        -93.4653
       -102.3719
        -29.3190
        -22.8404
         -9.1573
        -72.2288
       -248.7234
       -195.7448
         46.2178
        -68.7488
        -81.3613
        -58.0838
        -47.2718
       -107.4049
        -85.7848
       -221.2746
       -285.2572
       -211.5688
        -88.1458
         32.8280
          0.0000
         63.7709
         19.2468
         68.0737
        327.0249
          0.0000
          0.0000
          0.0000
        333.0288
        269.9029
       -130.5040
       -171.0548
        -40.7649
          0.0000
          0.0000
          0.0000
         78.0446
         53.4928
        -11.3937
        288.9109
        652.0602
         44.0496
        -47.3140
          0.0000
          0.0000
          0.0000
          0.0000
          0.0000
        440.9909
        431.5297
        115.2647
          0.0000
          0.0000
          0.0000
          0.0000
          0.0000
          7.9543
        175.3361
        -47.5778
        -72.1079
        -16.8465
        379.2938
        190.7244
        -44.2359
        228.3788
        207.6203
        143.2469
         97.9308
        316.5623
         42.6485
       -137.6684
          0.0000
          0.0000
        -46.4509
       -125.3586
          0.0000
          0.0000
          0.0000
          0.0000
          0.0000
        344.4469
        375.3337
        135.0271
        357.3253
         70.5028
         66.1720
          7.8169
        -62.6497
        -98.9812
          0.0000
          0.0000
          0.0000
          0.0000
          0.0000
          0.0000
          0.0000
        247.9969
        159.9837
        101.0909
        -93.9761
          0.0000
         -7.0294
        -34.0351
          0.0000
          0.0000
          0.0000
          0.0000
          0.0000
          0.0000
         21.4422
        -34.9346
        -30.0293
        -41.4893
        -65.6677
         -4.5249
         74.3149
          1.5445
        -74.0685
        -38.9629
        326.6632
         38.6161
       -239.9862
       -229.3570
       -122.2191
        117.1095
        260.3595
        280.2251
        828.7724
          0.0000
          0.0000
          0.0000
        420.7553
       -275.2591
       -381.6718
       -326.4346
        375.8214
          0.0000
          0.0000
          0.0000
        109.9466
         15.2006
          0.0000
          0.0000
          0.0000
        104.5245
         45.0352
        -67.2416
        124.1617
          0.0000
          0.0000
          0.0000
          0.0000
          0.0000
          0.0000
          0.0000
          0.0000
          0.0000
         -9.3607
        -47.4326
        -49.3047
        -63.0731
       -278.0245
       -206.8204
        -10.3527
          0.0000
         68.2912
         36.5360
       -116.0589
          0.0000
          0.0000
          0.0000
          0.0000
          0.0000
         90.9288
         -4.8960
       -137.6916
         50.5156
         25.5087
        -47.9651
          3.5609
         75.2625
         22.4364
        -32.0888
        -51.1687
        -14.9843
         55.0766
        420.1304
        410.1798
        277.7361
        360.0675
       -137.2813
       -168.4418
         42.2751
        365.9367
        211.6632
        -96.1372
        -82.7025
       -123.2968
       -139.9733
       -146.4522
        262.4968
        312.2159
         12.1933
        -52.0266
          0.0000
          2.5157
          0.0000
          0.0000
          0.0000
         55.3812
          0.0000
          0.0000
          0.0000
          0.0000
          0.0000
          0.0000
          0.0000
          0.0000
          0.0000
          0.0000
          0.0000
          0.0000
          0.0000
          0.0000
          0.0000
          0.0000
        -41.5543
          0.0000
          0.0000
          0.0000
          0.0000
         41.6046
        180.8716
          0.7534
          0.0000
          0.4833
          7.3567
        -62.2972
        -20.4529
       -130.3676
         22.0107
        -74.9946
          0.0000
          0.0000
          0.0000
          0.0000
        184.9440
          0.0000
          0.0000
          0.0000
          0.0000
          0.0000
          0.0000
          0.0000
          0.0000
          0.0000
          0.0000
        322.4454
        941.2665
        531.2162
        226.4259
         76.8790
         21.3666
          0.0000
          0.0000
        396.6141
         71.5235
         -9.9587
         24.5992
         12.4442
        -86.6707
       -176.2498
          0.0000
       1195.1950
         40.8249
         54.9174
          0.0000
          0.0000
          0.0000
          0.0000
        457.7088
        141.2454
        -64.6411
        -39.7364
         -2.4522
         19.4791
        -46.2792
       1213.0307
       1194.0759
        511.6251
          0.0000
          0.0000
        115.8847
        101.9942
        102.3751
        -59.3188
       -272.8496
       -281.2604
       -243.8564
       -166.7996
       -100.0644
        -21.6849
          0.0000
         12.4873
         49.0962
        -13.0748
         29.2407
         82.2597
         69.6375
         66.3702
         14.7760
         18.1395
         70.3876
        100.7304
        184.0976
          0.0000
          0.0000
        554.7537
        825.7226
          0.0000
          0.0000
          0.0000
          0.0000
         27.2144
         74.6743
        444.6074
        386.8209
          0.0000
        -46.4544
          0.0000
         86.9161
         59.0675
        -43.5332
        -36.0663
        -63.2993
       -258.9882
       -331.3093
       -189.2784
       -189.0283
         95.0741
        531.4260
        380.3454
         74.5243
        174.7400
          0.0000
        160.0622
        216.8787
         46.3327
          0.0000
          0.0000
         93.3228
        153.2349
        478.8362
        147.9758
       -121.7829
          0.0000
          0.0000
          0.0000
         47.6958
        -20.4070
         18.2860
        180.6937
        162.0108
       -141.2360
        -21.5838
          0.0000
          0.0000
       -174.6531
        300.8368
        648.3831
         26.3473
        -97.0181
        -66.3078
        -34.8281
         24.0386
        -44.2962
        253.9896
        165.0241
       -131.5510
          0.0000
          0.0000
          0.0000
          0.0000
          0.0000
        -91.8105
        -57.9392
       -106.1097
       -183.3034
        -65.9379
        -48.2586
       -178.8663
       -160.5927
         60.9070
       -112.7368
        -43.3812
        -53.7743
        158.4404
        592.6441
        309.6886
          0.0000
          0.0000
          0.0000
          0.0000
         69.7008
        197.8307
        124.5286
       -133.4589
        246.9639
        -18.7689
          0.0000
          0.0000
          0.0000
         52.2393
         42.5522
       -229.5723
        297.9333
       -124.1338
        -42.8152
          0.0000
        298.3075
        138.8880
        -57.1633
       -314.6683
        509.5291
          4.0960
        -59.5560
         36.5837
        -24.4778
        -34.5549
       -106.1061
       -226.1192
       -236.5821
        428.2052
          0.0000
          0.0000
        120.1684
        547.0505
        498.6850
        529.5126
       1084.7564
        259.4166
         17.3401
          0.0000
          0.0000
          0.0000
          0.0000
          0.0000
        -15.2113
       -116.9154
       -118.1028
         -0.4600
        -32.1588
        -93.3313
        -47.6642
          0.0000
       -166.0161
        -84.0723
         85.3355
        -32.9835
        -40.9945
          0.0000
        335.2365
        175.0623
        142.4772
        194.1125
        132.6348
       1043.6185
       1196.3624
        732.2005
        462.3492
         95.6537
          0.0000
          0.0000
          0.0000
          0.0000
          0.0000
          0.0000
          0.0000
          0.0000
          0.0000
       -118.5815
       -116.3148
        -97.5888
         36.5730
         57.1666
         42.6854
        126.4603
        255.3585
          0.0000
         32.9089
          0.0000
         19.1687
        248.0555
        357.5805
        -28.7237
         -2.8224
        203.8453
        109.1338
          0.0000
          0.0000
         11.3573
         71.3868
         16.1840
       -160.3029
       -127.7108
          0.0000
          0.0000
          0.0000
          0.0000
          0.0000
          0.0000
        -33.9017
        122.4169
        573.2467
       1074.8158
        992.6447
        443.8989
        489.6696
        473.8480
          2.4089
          0.0000
          0.0000
          0.0000
          0.0000
          0.0000
          0.0000
          0.0000
          0.0000
       -156.1912
       -193.4345
       -295.4840
          0.0000
          0.0000
          0.0000
          0.0000
        -82.1450
       -142.2846
       -113.3108
       -301.0143
       -342.8830
        -78.2067
        196.7040
        325.7769
        738.2983
        894.5067
        327.4765
        554.1880
        653.4923
       1041.4828
       1093.7173
        811.9163
        153.7124
          0.0000
          0.0000
          0.0000
          0.0000
          0.0000
          0.0000
          0.0000
          0.0000
        -16.0936
       -184.9847
       -300.8266
       -109.1114
          0.0000
          0.0000
         16.7235
        599.6801
        197.4864
       -143.9658
       -184.1048
        -91.0433
         -2.3544
         -4.3306
         -3.0152
       -134.4324
       -263.6367
       -109.9574
        -14.7259
          0.0000
          0.0000
          0.0000
          0.0000
          0.0000
       -516.4076
       -404.8383
       -337.6530
       -179.8716
        -40.9992
          0.0000
          0.0000
        -31.2487
         -3.3603
       -202.1088
        221.4762
        314.1549
        -67.1340
       -153.8706
       -211.5160
       -155.1029
       -142.1855
         -9.7175
          0.0000
        287.7569
        263.2771
        697.5213
        333.1566
        389.3957
       -115.5865
       -136.4748
        -34.5099
         71.1444
        222.6033
        575.2410
        445.0868
        -30.1594
        -63.6317
        -14.3546
          2.3631
        302.8456
         94.9066
        416.8207
        612.7684
          0.0000
          0.0000
          0.0000
        -46.9717
        109.3271
         24.6279
         78.5615
       -111.8916
        209.5666
         69.6458
         40.9653
        199.3770
        136.7104
        152.8473
        401.5413
        163.6197
         28.5945
        941.7947
        277.2299
       -123.9846
        -43.5008
       -174.3936
        285.8253
        643.0479
        227.0666
          0.0000
          0.0000
         30.5977
          0.0000
          0.0000
          0.0000
          0.0000
          0.0000
          0.0000
          0.0000
          0.0000
          0.0000
          0.0000
          0.0000
          0.0000
        -39.4084
        470.8540
        379.8593
         15.6154
        178.1337
        203.8586
        267.7837
        980.9521
        418.3112
          0.0000
        148.7038
        725.6358
        693.6283
        181.7700
          0.0000
          0.0000
          0.0000
          0.0000
          0.0000
          0.0000
          0.0000
          0.0000
          0.0000
          0.0000
          0.0000
       -159.1622
       -203.9922
       -288.3316
       -145.4996
          0.0000
          0.0000
        -79.9116
       -198.3333
       -247.0278
       -154.0424
       -117.8879
         66.7627
        206.6136
        -74.1000
          0.0000
         19.9864
        133.3526
          0.0000
         28.3349
         73.5619
         90.3804
        301.2302
        598.4978
       1220.3055
         69.8499
          0.0000
          0.0000
          0.0000
          0.0000
          0.0000
         53.7043
         25.9154
        447.0073
        208.0838
          0.0000
          0.0000
          0.0000
          0.0000
        151.9500
         35.2152
        -38.7019
       -173.2870
       -186.3749
       -122.6465
       -127.8383
        -92.6459
        -96.5638
        -81.7942
        311.0874
         -0.6789
       -215.5845
       -169.0412
        -81.6256
        -95.0116
        -61.0487
        -44.1365
        237.0446
        340.5713
        151.3762
       -532.3377
        -13.4050
          0.0000
         70.8753
         57.4933
        -99.8257
        -69.4541
        -33.3739
       -191.1625
       -246.8153
        -60.3481
       -189.5900
       -166.2694
          0.0000
          0.0000
          0.0000
        330.7256
        236.5510
        -31.8440
          0.8757
       -168.5892
        292.1007
         81.9051
       -120.2468
        -32.6231
        324.4838
        275.8805
       -350.6059
       -204.2644
       -399.9199
       -264.0039
         10.8892
        172.6512
          0.9507
          0.0000
          0.0000
          0.0000
         20.1632
          0.0000
          0.0000
          0.0000
          0.0000
          0.0000
          0.0000
          0.0000
        -60.7481
        -52.3491
        -96.9798
        -92.9586
        -27.7258
          0.0000
          0.0000
          0.0000
        198.9732
        182.3791
         73.2200
        616.8107
        961.7397
        136.9448
          0.0000
          0.0000
        399.4284
        154.6934
         -9.4783
        -29.1751
        948.6805
        798.9771
        116.0513
        543.7512
       1226.2432
        592.0158
          0.0000
          0.0000
          0.0000
         18.8295
        -67.4509
          0.0000
          0.0000
          0.0000
          0.0000
         13.5160
          0.0000
         28.3089
         -7.7272
        149.8658
        298.4116
        -63.7993
       -133.4341
        -73.4219
       -116.3526
        -91.9590
        259.9367
        607.4060
        789.7565
          0.0000
          0.0000
          0.0000
          0.0000
          0.0000
          0.0000
          0.0000
          0.0000
          0.0000
          0.0000
          0.0000
          0.0000
          3.8790
        252.3352
          0.0000
        178.7002
        109.5042
       -187.9944
         -5.8954
          0.0000
          0.0000
          0.0000
        344.1828
        137.8702
        -33.5152
        -37.8647
        468.5071
        321.0544
        372.3371
        255.9009
          6.9388
        120.3250
          0.0000
          0.0000
          0.0000
          0.0000
          0.0000
          0.0000
         82.9554
         -6.4265
        -97.3573
        100.1452
        308.6168
        110.7231
         10.2454
        210.7784
        215.0483
        471.4502
         78.4671
       -256.1224
          0.0000
          0.0000
          0.0000
          0.0000
          0.0000
        208.7214
         79.1450
        -26.1654
        247.9542
        320.9940
        173.1788
        103.8153
        238.5236
        607.0899
        627.1985
         29.0165
         50.7456
        -64.8338
        -33.1727
          0.0000
          7.2268
        237.2701
        160.4416
        -48.8277
          5.3468
         42.2566
         23.6020
        -31.6978
        390.4434
        663.4807
        -90.3141
       -213.5451
          0.0000
          0.0000
          0.0000
         38.5083
        -60.5392
         -0.7813
          0.0000
          0.0000
          0.0000
          0.0000
          0.0000
          0.0000
          0.0000
          0.0000
          0.0000
         -2.5332
          0.0000
          3.6703
        115.5800
         93.9045
         59.7925
        423.2622
        506.8607
        411.8378
        182.6646
        189.2749
        544.6503
        325.1788
         41.4333
          0.0000
          0.0000
        124.7002
         35.0151
        -41.5778
        -89.0378
        -82.6661
       -160.3403
        -19.5531
        -41.8282
        -33.4210
        -14.1121
        -79.8802
       -101.8502
       -282.0530
       -328.5090
        129.7240
        566.8902
         45.5415
        235.2799
        995.0860
       1047.8657
        818.9130
        825.3727
          0.0000
         13.0050
          5.8198
          0.0000
          0.0000
          0.0000
          0.0000
          0.0000
          0.0000
        147.3221
        395.6399
        241.3204
          0.0000
          0.0000
          0.0000
          0.0000
          0.0000
          0.0000
          0.0000
          0.0000
          0.0000
          0.0000
          0.0000
          0.0000
        -92.0962
        -70.8387
        -61.6894
          0.0000
          0.0000
          0.0000
          0.0000
          0.0000
         78.1734
          0.0000
          0.0000
         -9.3169
        285.5560
        553.6722
        835.1390
        985.5235
        522.9855
        208.8811
          0.0000
          0.0000
          0.0000
          0.0000
          0.0000
        -32.1426
        125.2288
        123.8348
         13.2569
         70.6432
        203.9014
        476.0478
        471.0963
        316.0800
        474.7828
        304.0880
          0.0000
          0.0000
          0.0000
          0.0000
          0.0000
          0.0000
         28.0927
         56.2487
         52.9437
        -58.7550
         32.6206
        138.8528
        293.2995
        294.2093
        440.5882
        247.0981
       -110.0610
       -269.5058
        -33.1519
          0.0000
          0.0000
          0.0000
          0.0000
          0.0000
          0.0000
          0.0000
          0.0000
        112.0908
        -73.3902
       -151.1715
        -85.5125
        -24.7966
        -15.1096
        192.7749
        368.6065
        195.8205
         10.4141
        583.7034
        137.2670
          0.0000
          0.0000
         33.0469
        175.3005
         55.3077
         35.4167
       -115.2197
         85.6217
        111.7918
          0.0000
          0.0000
          0.0000
          0.0000
          0.0000
          0.0000
          0.0000
          0.0000
          0.0000
          3.9427
         61.6434
        129.3428
        157.4177
        454.0086
        273.7828
         76.1515
         -2.5077
          0.0000
          0.0000
          0.0000
          0.0000
        -85.2550
        390.1185
          7.3551
        -91.1842
          7.5218
         48.4654
         14.8275
         88.2519
        113.4611
        739.5105
        524.4741
         -4.0123
        -94.4609
        -28.1465
          7.0538
         73.8768
         81.3047
        473.9753
        180.7212
         58.4479
        -84.5418
       -124.4201
        -75.4541
          0.0000
        -35.8783
        -94.9158
          0.0000
          0.0000
          0.0000
         17.0452
        366.0160
        245.3554
        212.4521
        477.6894
         95.5253
         -9.5787
        -30.9568
         40.9753
          0.0000
          0.0000
          0.0000
         22.7380
         -2.1409
       -123.8296
         -6.4981
        132.5151
        339.1562
        -84.1303
        148.4316
        146.2234
        486.9730
         84.9181
         66.1292
        156.7354
        108.3282
         82.5530
        124.7697
          0.0000
          0.0000
          0.0000
          0.0000
          0.0000
          0.0000
          0.0000
          0.0000
        136.2067
        117.1288
        127.6652
         73.9277
         78.8324
         61.7213
         73.7854
        422.2195
        913.5249
        228.4153
         30.0449
          0.0000
          0.0000
          0.0000
        150.8277
        465.7372
        128.5240
          0.0000
          0.0000
          0.0000
          0.0000
         21.3769
         19.1375
         48.2805
          0.0000
         54.0465
          0.0000
          0.0000
          0.0000
          0.0000
          0.0000
          0.0000
          0.0000
          0.0000
          0.0000
          0.0000
          0.0000
          0.0000
          0.0000
          0.0000
          0.0000
          0.0000
          0.0000
          0.0000
          0.0000
          0.0000
          0.0000
          0.0000
          0.0000
          0.0000
        282.1153
        426.3248
        300.6152
         34.3887
         71.9666
        -53.9895
       -268.4913
       -262.5668
          0.0000
         66.8908
        304.0447
        231.1389
        -34.9079
       -174.1451
       -185.7245
          0.0000
          0.0000
          0.0000
         43.7602
        286.0715
        175.7469
        212.6238
        478.6262
        334.6794
          0.0000
         32.7535
         72.3715
          0.0000
         -9.8507
        -61.7937
       -111.1526
         70.7452
          0.0000
          0.0000
        -55.5334
          0.0000
          0.0000
          0.0000
          0.0000
          0.0000
          0.0000
          0.0000
          0.0000
          0.0000
          0.0000
          0.0000
        104.2907
        165.4109
         38.3273
         13.7653
        -94.8490
        -42.4677
          0.0000
         -5.9313
       -178.8366
          0.0000
          0.0000
        212.2168
        220.5741
          7.1163
        434.7250
        473.4475
        703.3447
        768.7150
          0.0000
          0.0000
          0.0000
          0.0000
          0.0000
          0.0000
          0.0000
          0.0000
          0.0000
          0.0000
          0.0000
          0.0000
          0.0000
          0.0000
          0.0000
          0.0000
          0.0000
          0.0000
          0.0000
          0.0000
          0.0000
          0.0000
          0.0000
          0.0000
          0.0000
          0.0000
          0.0000
          0.0000
          0.0000
          0.0000
          0.0000
          0.0000
          0.0000
         38.9415
         32.6266
          0.0000
          9.8559
         10.5586
          0.0000
          0.0000
          0.0000
          8.5801
        162.8502
         31.1668
          5.3552
         52.5566
        113.1679
        299.5249
        227.0998
         69.1401
        140.2732
          0.0000
          0.0000
          0.0000
        291.4623
          0.0000
          0.0000
          0.0000
          0.0000
         90.8935
        565.2485
        566.2330
        387.4550
         -7.3952
          0.0000
          0.0000
          0.0000
         62.5569
        103.2126
        170.0506
        443.3767
        404.0378
        786.4570
        390.6513
          1.8171
          0.0000
          0.0000
          0.0000
          0.0000
        107.2653
        112.6858
          0.0000
          0.0000
          0.0000
          0.0000
          0.0000
          0.0000
          0.0000
          0.0000
          0.0000
         36.2325
          0.0000
          0.0000
          0.0000
          0.0000
          0.0000
          0.0000
          0.0000
          0.0000
          0.0000
          0.0000
          0.0000
          9.4495
          0.0000
          0.0000
         52.9968
         13.7796
         23.1593
         44.6347
         34.7711
          0.0000
          0.0000
          0.0000
         -1.3630
        -58.4266
         56.4233
        523.4330
        429.5172
        481.1800
        133.8375
        119.6406
         35.6238
        -13.8198
          6.5949
         13.7135
         21.4449
         95.7476
         62.5409
        111.8501
        197.1056
        -26.0408
        -85.5219
        -80.8719
       -115.4402
         67.0915
        558.1205
         12.2227
        209.4957
        114.1737
        376.2668
        552.1616
        378.9345
         90.3278
         65.3254
        -25.7010
         14.0656
        131.1695
        327.6323
         30.5150
          0.0000
         80.0828
          0.0000
          3.1607
          0.0000
          0.0000
          0.0000
         15.7400
          7.3897
          0.0000
          0.0000
          0.0000
          0.0000
          0.0000
          0.0000
          1.9041
          0.0000
          0.0000
         18.7037
         73.6132
         72.3847
        278.8662
        717.2770
        442.3124
        -57.7288
        196.0925
        -30.4882
         22.1068
         88.4693
         43.9554
         11.1978
          2.0035
         -4.5239
         97.7314
          0.0000
          0.0000
          0.0000
          0.0000
          0.0000
          0.0000
          0.0000
          6.1070
          0.0000
          0.0000
          0.0000
          0.0000
          0.0000
          0.0000
          0.0000
          0.0000
          0.0000
          0.0000
         56.9358
       -144.7096
        -27.8856
          0.0000
          0.0000
          0.0000
          0.7649
         71.2861
         55.8426
        -35.8800
          7.4492
          4.8653
          0.0000
          0.0000
          0.0000
          0.0000
          0.0000
          3.4757
         35.3656
        125.9574
         90.1473
          0.0000
          0.0000
          0.0000
         15.4054
        203.7068
        234.0458
        220.1785
        120.1768
          0.0000
          0.0000
        131.1248
        334.6480
        115.4741
        -96.6612
        -66.1875
        634.4146
        793.7944
        141.7180
        115.5601
        181.9848
        221.6738
         51.6833
       -136.8965
          2.7049
       1003.1212
         81.2026
          0.0000
         33.6957
          1.1541
          0.0000
         61.2902
          0.0000
          0.0000
        237.0399
          0.0000
          0.0000
         90.1440
         25.6044
        -44.9317
        -76.7539
        -25.3854
        319.4946
        397.8834
        356.2540
        -93.1186
       -148.2033
        123.9169
       -121.6016
        -49.7181
        342.7967
        282.5632
        375.4389
         11.3277
        -74.1485
       -193.2601
       -107.9309
          0.0000
          0.0000
         37.3386
        472.1356
        227.3177
        -23.5101
       -172.1492
       -149.3691
        -67.9015
          2.3273
         43.6738
        114.0159
        -27.1658
         -0.1500
          0.0000
        -35.0021
        -76.5403
         -7.7061
          0.0000
          0.0000
        126.1200
         65.4201
         46.8724
        -22.4339
        -38.2576
          0.0000
          0.0000
        247.2198
        213.7722
          8.0604
       -148.1845
        -83.5134
          0.0000
          0.0000
         25.3655
        284.7084
        326.8390
        308.9285
        106.1275
       -112.1294
          0.0000
          0.0000
        186.1410
        650.2677
        184.3346
       -115.5846
        -36.5473
          0.0000
          0.0000
          0.0000
          0.0000
          0.0000
          0.0000
          0.0000
          0.0000
          0.0000
        -50.8166
          0.0000
          0.0000
          0.0000
          0.0000
          0.0000
          0.1685
          0.0000
        -36.1777
        -73.6379
          1.4588
         79.9109
          9.5889
         18.4212
        -23.5749
          0.0000
          0.0000
          0.0000
          0.0000
          0.0000
         97.1412
         79.3219
        -17.7188
        -80.7192
          0.0000
          0.0000
          0.0000
          0.0000
          0.0000
          0.0000
         30.1985
         63.1686
        166.3455
         11.5492
          4.9835
          0.0000
          0.0000
         97.5533
         81.0009
        165.8406
          0.0000
          0.0000
          0.0000
         17.9288
         77.3510
         58.0495
        186.8075
         24.4762
        228.4508
          0.0000
          0.0000
          0.0000
          0.0000
          0.0000
         59.7345
         25.5696
         16.8820
        210.2209
        157.8222
          9.8619
       -142.1693
       -120.1784
        -47.5980
        228.2557
        589.0555
        354.4215
        195.5427
         38.6714
       -273.2245
       -229.3965
        -49.2029
          0.0000
          0.0000
          0.0000
         39.7083
          0.0000
          0.0000
          0.0000
          0.0000
          0.0000
         39.7937
          1.0973
       -102.6123
        -35.5780
          0.0000
          0.0000
          0.0000
          0.0000
          0.0000
          0.0000
        249.6654
        166.7699
        -39.1109
       -100.1043
         28.8833
        -28.4478
        434.1597
        333.2942
          0.0000
         39.3850
        -19.1517
        -54.1420
        -41.7034
       -135.1616
          4.4345
        972.7340
        719.8523
        410.1184
        338.0338
        283.2513
        146.5523
       -369.1251
       -122.0558
        -42.1341
        125.7733
        104.4909
        143.6764
         97.7388
         26.2819
        442.2933
        150.0117
          0.0000
          0.0000
         98.4082
        245.2441
        -32.4027
        -29.9618
          0.0000
          0.0000
         53.5361
          4.1431
          0.0000
         39.9175
         17.1569
         52.3413
        146.1267
        465.8815
        230.1349
         68.5398
        -47.9961
        -61.5863
        -73.2284
         87.8390
        449.3817
        719.4064
        376.4062
         72.3317
          6.4407
       -126.0686
        -55.3042
         42.8187
        -11.8961
         94.8193
       -138.4013
          0.0000
          0.0000
          0.0000
          0.0000
          0.0000
          0.0000
          0.0000
          0.0000
          0.0000
          0.0000
        209.4834
        166.8763
         -7.5839
       -156.4508
        -44.8270
       -162.8472
         78.2150
         11.9797
       -197.6469
        -81.2756
        -58.7599
       -123.6743
         -0.9412
          0.0000
          0.0000
        103.7833
        140.1812
         99.5372
         69.6548
        209.7154
        806.1509
        222.1881
        217.4600
        562.7831
        128.3571
        122.9686
       1238.7540
        996.3051
        -24.6643
          0.0000
          0.0000
          0.0000
          0.0000
          0.0000
         23.7770
          0.0000
          0.0000
          0.0000
          0.0000
          0.0000
          0.0000
          0.0000
          0.0000
          0.0000
          0.0000
          0.0000
          0.0000
          0.0000
          0.0000
          0.0000
          0.0000
          0.0000
          0.0000
          0.0000
          0.0000
          0.0000
          0.0000
          0.0000
          0.0000
          0.0000
          0.0000
          0.0000
          0.0000
          0.0000
          0.0000
          0.0000
          0.0000
          0.0000
          0.0000
          0.0000
          0.0000
          0.0000
         19.2321
         -0.2927
          0.0000
          0.0000
          6.3805
        178.0047
        180.3921
        202.3579
        -36.2573
          0.0000
          0.0000
          0.0000
          0.0000
          0.0000
          0.0000
          0.0000
          0.0000
          0.0000
          0.0000
       -184.3484
       -198.1221
       -176.8189
       -134.7163
       -114.6821
       -137.2244
       -143.8843
        -60.4531
       -180.3816
       -300.5746
       -116.8651
          0.0000
          0.0000
          0.0000
        152.0333
        116.5426
         78.8499
       -139.4621
       -192.7154
         33.4696
         55.0946
        -11.0309
       -130.9940
       -148.6462
        -69.1578
         12.7402
       1040.8787
        367.9949
        481.7168
        384.9162
         96.9234
       -259.7661
       -298.8822
       -189.9963
       -111.9675
        -55.5880
        -17.3794
        -50.0743
        -38.5810
         -3.7296
        -60.1927
         52.1813
        -98.9777
        -43.5128
        -30.0722
         -4.4510
         18.9473
          9.7285
        -91.4576
         43.4144
        209.0982
         94.5620
         85.6462
         27.5529
        210.5438
        617.8086
         16.7369
          0.0000
          0.0000
          0.0000
          0.0000
          0.0000
         19.5967
        -14.9149
        -85.2860
        -19.0129
        231.3416
       -235.0813
          0.0000
          0.0000
          0.0000
          0.0000
         88.1667
       -168.5657
       -362.4988
       -400.0661
       -159.3721
          0.0000
          0.0000
          0.0000
        -15.2104
        -51.4307
       -164.3996
       -151.3096
          0.0000
          0.0000
          0.0000
          0.0000
          0.0000
         11.1786
          0.0000
          0.0000
         39.1894
         20.9919
          0.0000
          0.0000
          0.0000
        -10.9007
          0.0000
          0.0000
         38.9290
         55.0145
         19.8119
        -42.2935
         52.7180
        600.5373
        341.7021
        580.2464
        370.4796
       -440.7319
       -275.1948
          1.5516
       -171.7974
        688.2050
        367.7818
        -16.6209
        -49.7686
        -22.0125
         11.1773
         88.2050
         -8.0851
        608.9438
        481.9858
        -81.0450
       -122.4905
       -126.3854
        -56.7319
         -3.9501
       -155.5195
       -158.0380
       -197.6915
       -182.4331
         60.0772
          2.0741
          0.0000
          0.0000
          0.0000
       -169.3323
       -204.2495
       -162.9606
       -168.4728
        -12.4929
        -32.2156
       -141.9461
       -322.3133
         -3.8187
         -6.5452
       -117.4196
        -92.9133
        -16.6869
        -14.1995
       -146.7835
        466.1228
        283.6130
          0.0000
          0.0000
        443.7555
        400.4013
         55.1531
       -217.5548
       -322.2047
       -144.2440
         69.2505
        -93.8554
        -75.3376
        171.7833
         28.0606
       -207.3613
        -47.8331
          0.0000
          0.0000
          0.0000
        335.9369
         25.4717
       -102.7807
       -198.9959
       -234.8173
       -244.3996
       -123.3432
       -135.1459
       -185.1823
       -232.5160
       -102.2201
       -138.8687
         53.9729
         68.8761
         63.9769
        228.2319
        250.9834
        174.9525
         24.5294
         15.0113
        628.9092
       1022.2561
          0.0000
          0.0000
         68.2768
        278.7592
        563.9171
         15.6172
       -116.8002
        146.2662
        106.4605
          0.0000
         72.5395
        106.0998
         55.3603
        146.5166
         95.9042
         80.4309
       -221.0775
       -404.3242
       -266.5959
       -125.3709
       -138.3965
       -195.5051
       -296.8327
       -305.8329
          0.0000
          0.0000
          0.0000
         60.8473
        100.9204
        -15.6772
       -120.4400
       -202.7952
       -173.1720
          4.7993
        -75.4410
       -209.7404
       -151.7536
        -39.6796
        -67.6358
       -202.3360
        -18.7195
        124.2344
         71.7012
         69.9804
         94.6287
        -40.7915
       -258.8276
       -255.0536
       -145.4968
         -8.0841
         87.7979
        128.5025
         31.3099
       -154.5428
       -161.2568
        114.7105
        208.9193
        -25.5818
        -26.4437
         13.6430
         66.0701
         72.7574
         75.4594
        504.2430
        174.4268
       -184.4455
       -249.0565
       -296.6651
       -322.6209
          0.0000
       -269.0921
       -240.0535
       -226.2625
        -22.9693
          0.0000
         12.6452
         10.2936
        -28.6076
        -62.2011
        -12.8193
        -40.8946
        -25.5839
       -195.7505
       -308.0003
       -153.0121
        -63.4646
       -120.1177
       -131.7508
        -37.3095
          0.0000
         58.8898
        -73.1829
       -141.9912
       -165.0038
       -117.5272
          0.1005
        -73.6511
       -164.4994
       -115.5904
       -187.6163
       -110.9897
        -31.0769
        -12.8860
        247.8954
        113.0313
        -52.8152
        -34.0218
       -253.0867
       -261.4079
       -198.7651
       -186.2095
        -69.9661
        -73.0836
        223.9986
        132.2046
       -330.6143
        169.4157
        205.9677
        164.5566
         -4.4704
          0.0000
          0.0000
          0.0000
         43.3307
          1.0782
        -51.8047
        -88.9228
        780.7051
        944.4466
        250.8597
        359.6331
        630.7458
        247.9068
        583.3634
        639.2569
        262.5218
         46.7616
        -60.3670
        -17.8164
          0.0000
          0.0000
          0.0000
        -24.5946
       -136.1066
          0.0000
          0.0000
          0.0000
         38.4910
        139.1853
         34.3916
        201.9770
        917.0660
        165.4799
          0.0000
        648.5921
        352.1756
         32.1320
       -234.0391
        -99.0189
          0.0000
          0.0000
          0.0000
         83.9366
         67.4440
        -81.8490
       -145.3248
         -2.8977
          0.0000
          0.0000
        198.8390
        275.6481
         16.9847
       -239.5097
       -355.9575
       -291.8748
         64.8119
         82.7042
        256.1839
          1.4753
         14.6117
        155.3486
       1257.1131
        348.7075
         48.0330
        124.6096
        771.7050
        431.6437
       -231.3856
       -185.0555
        -15.4218
       -210.1321
       -155.1835
       -217.2675
        411.6685
       1618.6940
       1717.7461
        842.9198
        -67.5505
        -25.3439
        -87.4684
        -98.1102
        -34.1687
        -55.8349
        274.6066
       1362.2090
        837.2421
       1133.5771
          0.0000
          0.0000
          0.0000
        388.7686
         93.9796
        -58.6237
          2.4078
        -25.9118
        698.4908
        265.8513
        167.3846
        157.8033
          0.0000
        977.5946
          0.0000
        -17.8434
        -53.1026
       -171.8632
         26.6378
        285.1504
         93.1255
       -189.7104
       -331.9498
        180.4182
          0.0000
          0.0000
          0.0000
          0.0000
          0.0000
        143.2558
        131.0668
        -46.7531
        -40.3777
       -266.9901
        112.3642
        234.5064
         -5.3702
       -124.4838
        386.3150
        909.1525
          0.0000
          0.0000
        320.9540
        322.0139
         79.1686
       -108.3970
        -74.6551
       -223.3824
       -241.2997
       -141.8041
         48.1858
         75.9386
          1.8660
          7.9166
         40.2706
        -44.3555
        -61.4361
        -73.8272
          0.0000
        489.7477
        213.6571
        102.1254
        330.4481
        422.7422
       1198.6344
        351.5679
         48.0642
        102.5749
         70.0236
        -38.6632
       -129.7042
        -85.4914
        446.7851
        176.1692
        -15.1467
        -22.9715
        -55.1138
        -61.1077
        -40.9557
        450.5547
        232.5310
       -114.8283
        -22.0710
        -80.6746
        -13.5490
          0.0000
          0.0000
          0.0000
        415.9844
        262.8618
         -1.4276
          0.0000
          0.0000
         77.5719
         51.8220
         78.9193
        565.6600
        297.9466
         28.5190
          0.0000
          0.0000
          0.0000
          0.0000
         53.2045
       -132.9982
         -1.6114
          0.0000
          0.0000
          0.0000
          0.0000
          0.0000
          0.0000
          0.0000
        108.1350
        193.8438
          0.0000
          0.0000
          0.0000
          0.0000
         52.1396
       -240.1075
       -289.8284
         -9.3288
        -56.6064
       -249.7198
       -266.4274
          0.0000
          1.9625
        129.7174
        -89.8384
       -206.4345
       -114.2080
       -175.2741
       -183.0680
       -151.5170
       -190.0558
       -201.2784
       -432.8640
       -388.0838
       -357.3902
       -552.5971
       -283.7008
          0.0000
       -131.6862
         87.9001
       -278.6050
       -409.2405
       -232.8110
          0.0000
          0.0000
          0.0000
          0.0000
        -97.9579
        -48.5209
        -12.1253
         18.4786
          0.0000
          0.0000
          0.0000
        -32.6495
         18.1817
       -167.2584
        -95.2319
         -4.0385
        -45.1121
       -127.5200
       -136.4584
       -223.1036
       -311.9720
       -137.4406
        220.6580
        311.5751
        192.4436
        154.0266
        162.7532
        231.5172
        749.9117
        185.8922
        -11.2099
          0.0000
          0.0000
         60.5672
        151.9279
         24.0573
        476.6906
        -32.9388
          0.0000
         74.9890
         23.6306
        -20.5416
        107.3085
        138.4473
        143.7355
        224.8266
         39.8425
       -215.8631
          0.0000
          0.0000
          0.0000
         27.1519
          2.4411
       -164.0457
       -141.2122
        -61.1455
        -23.0304
          0.0000
          0.0000
         17.7743
        -36.4655
       -241.1424
       -267.7960
       -171.7138
       -254.0062
       -266.5170
       1311.5465
       1353.0713
          3.7157
          0.0000
          0.0000
          0.0000
          0.0000
          0.0000
          0.0000
         79.1125
        -95.7637
       -140.7638
          1.5321
         26.1371
        -36.3305
        -35.2332
        -12.5397
         72.0789
         -8.0021
         75.8774
        -68.4581
       -285.9896
       -147.6637
        118.4031
        455.9758
        612.9919
        602.6163
       -122.7711
       -301.0167
         66.3595
        530.4648
        342.5301
       1105.8192
       1393.9741
        820.6425
        -33.4732
          0.0000
        140.5581
        273.7968
        148.7961
        226.2512
       -134.0869
       -460.8416
       -154.8135
          0.0000
         85.9071
        127.0087
        307.5520
        514.8336
        987.9044
        619.4419
          0.0000
          0.0000
          0.0000
          0.0000
          0.0000
          0.0000
          0.0000
          0.0000
          0.0000
         -4.0380
          0.0000
          0.0000
         56.1634
        -35.4456
          0.0000
        121.0206
        680.3598
        373.4649
        169.7669
          0.0000
          0.0000
          0.0000
        -40.8084
       -150.0398
        -53.7442
       -118.4560
       -124.7384
          0.0000
          0.0000
        201.5695
        319.5835
        372.7398
        391.4360
         44.4443
         -4.9154
        176.4742
        567.8257
        581.1661
        413.7835
        251.1763
          0.0000
          0.0000
          0.0000
          0.0000
          0.0000
        256.2041
        178.4956
       -182.4928
        -60.1557
        115.6958
        832.4812
       1072.8881
        695.0220
        319.9140
        338.3429
        117.3345
          0.0000
          0.0000
          0.0000
          0.0000
          0.0000
        -13.2200
       -134.2323
       -274.9670
       -184.7603
        -83.8755
         53.5701
         61.3732
        -77.4383
        -81.4410
       -238.7543
       -326.0691
       -241.9557
        -83.5957
        -53.0691
        -24.3674
          0.0000
          0.0000
         -1.3871
         37.4549
       -125.5286
       -131.1653
       -127.8885
       -307.5870
       -321.1263
        -25.0591
       -182.1185
       -211.9736
       -223.6382
       -133.4183
         -3.6245
          6.8837
        124.5712
        464.7079
        765.6805
        753.9008
        378.0499
        117.2102
         63.5875
          0.0000
          0.0000
          0.0000
          0.0000
        -32.8649
          0.0000
          0.0000
          0.0000
          0.0000
          0.0000
          0.0000
          0.0000
        -75.3301
       -105.7673
        -40.9386
          0.3319
         -1.2913
          0.0000
          0.0000
        -58.0515
        -90.7681
       -234.8249
       -114.9101
         34.3013
        -21.3485
       -111.2047
       -121.7961
       -229.4239
       -437.0616
       -448.0145
       -246.4562
        -92.1286
        -60.3440
       -171.3674
         32.1063
        207.3235
        298.3727
       -203.7197
         -6.7050
        -66.4485
        -13.9897
        -48.6276
        -25.4183
         41.0710
         59.8009
       -340.8816
       -216.1424
        -73.6626
         -6.0056
          0.0000
          0.0000
         95.6162
        153.7198
         56.5713
        -13.2322
         39.4674
         78.3095
         31.7147
        -79.9755
         23.6761
        376.8384
         49.4543
       -267.5825
       -207.1063
       -181.5219
       -169.1320
        -46.8255
        206.7642
        152.0038
         81.5454
        -33.9096
        -26.0969
         80.1752
        193.1152
         35.0642
        430.0256
        226.8012
       -245.4992
          0.0000
         64.2881
        243.2910
        156.4551
        -31.7814
          0.0000
          0.0000
          0.0000
          3.8894
        168.0852
        -94.7328
        -15.8076
          0.0000
       -134.8849
       -211.9342
       -294.2884
       -201.7389
         26.0158
         21.7847
         45.3362
        471.9751
        959.9921
          0.0000
          0.0000
          0.0000
        418.5699
        132.3794
        408.4599
        451.2978
        436.0315
          0.0000
          0.0000
          0.0000
          0.0000
          0.0000
          0.0000
         23.4246
         96.3916
        152.5816
         77.9009
       -204.2662
       -187.4259
       -187.2519
       -176.3377
        -18.9585
       -273.0729
       -264.8047
        -89.5784
         92.8474
        -13.6361
       -223.3583
        -96.7041
        305.5825
       1142.5586
        980.4057
        -86.4330
          0.0000
          0.0000
          0.0000
         26.6862
          0.5215
        -58.7810
        -49.6701
        -61.8976
        124.8320
        423.6504
        283.1803
       -119.8059
        -91.1385
        -24.2667
        -87.1089
          0.0000
          0.0000
          0.0000
          0.0000
          0.0000
          0.0000
        149.4781
         81.3400
        -78.5330
        -76.0873
         50.7842
        154.6516
        308.9833
        316.2027
        633.8103
        397.5541
        161.4610
       -101.0032
        118.4577
        -84.2944
        101.0633
        231.6887
        132.3680
        223.0446
        313.9704
         77.3322
        223.3912
        529.0513
         82.1504
          0.0000
        -40.5950
       -220.1112
       -266.4107
       -162.0940
        -75.0113
          7.7252
        -13.3344
         -8.0428
         92.3735
        120.5193
         13.9394
        -19.8193
        -15.1192
       -135.6083
        -34.2507
         16.3986
       -291.3546
       -317.7630
       -269.9338
         88.7617
        205.6233
         49.5742
         97.7582
        -26.5512
        135.0628
        684.4950
        157.0010
        -62.3138
       -100.5409
        -62.1372
        138.2962
        361.0518
        579.5085
        401.6803
       -120.7082
          0.0000
          6.3497
        346.9030
        228.8175
        -88.7543
        289.9679
        274.4946
          0.0000
          0.0000
        275.9190
          8.7827
       -136.5473
       -119.4640
        -44.4184
          0.0000
          0.0000
         -2.4328
          0.0000
          0.0000
          0.0000
          0.0000
          0.0000
          8.3850
        -35.2778
        -44.2158
        -16.3048
         -3.6349
        -22.3122
          8.5653
        -97.1685
       -131.2744
        -84.9934
        -80.0194
         16.8371
       -113.8605
       -145.0210
        306.0068
       1054.4470
        151.6012
         51.8885
        308.8956
        137.5187
       -200.3569
       -147.6518
         10.9980
          0.0000
        -55.0991
          0.0000
          0.0000
         31.7365
        -21.3944
          3.3841
         21.2979
        171.4118
         78.7815
         78.7815
          0.0000
          0.0000
          4.7487
          0.0000
          0.0000
          0.0000
          0.0000
          0.0000
          0.0000
          0.0000
          0.0000
          0.0000
          3.9909
        174.7583
        239.9878
       -121.1063
        267.8851
        110.6063
       -122.1746
       -113.0636
        -96.6334
       -151.3897
       -114.6372
       -139.6514
        -14.2911
         24.8698
         13.8637
        -46.0881
        -10.3866
        596.2989
        552.1521
         -3.9347
         25.2697
         32.6221
         82.2844
        -92.5700
         75.6442
        446.7656
          0.0000
          0.0000
          0.0000
         18.8369
         28.9627
          0.0000
         24.1692
         40.9994
        159.4872
        -15.5866
          0.0000
          0.0000
          0.0000
          0.0000
          0.0000
          0.0000
          0.0000
         22.5785
        257.4286
        229.9447
        164.5572
        146.6707
         87.5991
        144.1837
        -11.2242
        -87.5253
         54.5792
        345.2894
         27.5734
        315.7840
       -251.7455
        184.9279
       -244.8309
       -141.7997
         80.6845
        138.1792
       -127.1080
       -144.4084
        114.5582
        430.1424
          0.0000
          0.0000
        114.9230
         94.5460
         24.5997
        -20.5198
        348.0279
        509.6869
        140.8817
          0.0000
          0.0000
          0.0000
          0.0000
          0.0000
          0.0000
          0.0000
          0.0000
          0.0000
          0.0000
          0.0000
          0.0000
          0.0000
          0.0000
          0.0000
       -267.3798
         24.3882
        105.5839
        287.0924
        176.0414
        -36.4968
       -145.3757
          0.0000
         49.5860
          0.0000
          0.0000
          0.0000
          0.0000
          0.0000
         41.9693
          0.0000
          0.0000
          0.0000
        -10.8590
        -15.5388
        -45.5284
          0.0000
          0.0000
          0.0000
          0.9146
          0.0000
          0.0000
          0.0000
         14.2303
         30.5472
        -35.2254
          0.0000
          0.0000
        145.4058
          0.0000
          0.0000
         52.7125
         67.0693
        -51.5146
       -279.7938
       -266.1861
        327.9545
        498.5871
        365.7710
         74.8108
         -4.7877
         24.0684
        -47.1164
        301.9301
        166.4966
          0.0000
          0.0000
          0.0000
          0.0000
          0.0000
          0.0000
          0.0000
          2.5376
          0.0000
          0.0000
          6.3751
        -33.2441
        -10.0497
          0.0000
          0.0000
         94.8400
        124.9545
         19.6278
        -11.7452
        -55.3580
         45.9141
        -57.5848
          0.2216
        280.1445
        399.9011
        322.3367
        137.3767
         -9.3704
        101.5015
        306.6608
         96.9484
          0.0000
          0.0000
         81.4750
        135.5004
         70.7979
       -161.0089
        -34.4874
        169.1298
          0.0000
          0.0000
          0.0000
          0.0000
          0.0000
        231.0755
         75.0649
       -136.3812
          0.0000
          0.0000
          0.0000
          0.0000
          0.0000
        133.6778
         -5.7674
        -10.4890
          0.0000
          0.0000
          0.0000
          0.0000
          0.0000
          0.0000
          0.0000
        -16.0789
          0.0000
          0.0000
          0.0000
          0.0000
          0.0000
         -0.7705
         -0.5020
         -5.2438
         73.9950
         40.6794
        127.0762
        106.1285
        -46.8981
        117.2642
        172.1850
        599.8207
        582.4353
        144.4280
        144.5037
        423.7504
        244.3358
       -243.0589
        -95.1280
        304.9162
        847.5735
        381.0249
        195.8776
        202.9027
        246.7183
       -718.5831
        116.2577
        359.8483
         74.5763
       -205.3046
       -107.9779
         -9.6842
         48.8629
       -102.9964
        462.2932
        473.8863
          0.0000
          0.0000
         23.0429
         46.5108
         51.5782
       -361.6412
       -182.3253
         80.7983
          0.0000
          0.0000
          0.0000
          0.0000
          0.0000
          0.0000
          0.0000
        -30.8775
       -131.3745
        -96.8623
        -27.7199
          0.0000
         12.8374
         -5.8828
        -59.1313
       -227.1767
        -93.8799
       -136.4560
          0.0000
          0.0000
          0.0000
          0.0000
          0.0000
       -234.2330
       -200.5306
        -42.6411
          0.0000
          0.0000
          0.0000
          0.0000
          0.0000
          0.0000
          0.0000
          0.0000
          0.0000
          0.0000
          0.0000
          0.0000
          0.0000
        -76.6411
        -58.0327
        -90.1772
        -96.0324
        -30.2928
         -8.2411
          0.0000
         -2.7649
        143.7138
         70.0569
       -151.7878
       -226.3285
        -88.9908
        -95.2666
        183.8497
        168.7973
        200.9330
        393.6045
        471.3759
        376.2799
          0.0000
          0.0000
          0.0000
          0.0000
        -66.7446
       -345.9721
       -234.3668
         20.8717
        121.0541
        -45.1774
        -30.0422
        -24.4380
         47.2603
        -73.9347
         -3.4281
         91.9196
        -51.2988
         -2.9092
        165.4538
       -102.3914
       -402.4407
       -345.6211
        -40.0860
         57.8045
        -29.0442
        -38.3792
         82.7163
        116.1437
        104.1998
         71.9952
        -19.6392
        125.7083
         43.3554
        -16.9652
       -104.6159
       -168.3164
       -333.6419
       -503.2279
       -297.9942
        -38.3284
        104.0085
         71.9697
         27.1233
        269.1435
         78.9895
       -235.7639
         15.8391
        268.2480
        115.3878
         46.0264
        -55.4841
       -106.4335
         67.2788
        -74.8971
         48.3356
        199.9030
          9.5018
        -63.5922
        -12.0056
        608.1267
        361.5374
         91.1365
          0.0000
        193.7697
        272.9071
        140.2751
        134.8181
        554.3424
          0.0000
          0.0000
          0.0000
          0.0000
          0.0000
          0.0000
          0.0000
          0.0000
       -121.2565
       -261.8633
       -410.1348
          0.0000
          0.0000
          0.0000
          0.0000
        -35.5216
       -124.0596
       -203.0295
       -285.7865
       -172.2972
          0.0000
          0.0000
          0.0000
        -31.1495
        167.9212
        301.9116
         -5.1905
        -21.1687
        -24.1291
        -31.5151
       -159.8384
         34.1704
        609.2634
        711.6252
        438.3717
          0.0000
          0.0000
          0.0000
          0.0000
          0.0000
        127.4679
         53.5315
       -101.2142
        -83.8475
        -57.6641
         39.5635
         95.8712
        304.1699
        443.8066
        319.8541
         79.2893
        -32.8764
        -32.3819
        -48.5626
        -97.5501
       -205.7664
         22.1758
         18.1637
        -24.2107
          7.2390
          0.0000
          0.0000
          0.0000
          0.0000
         73.5767
        261.7233
        271.7351
        347.7725
        170.9847
        215.7130
        153.5413
       -145.6543
          0.0000
        -34.1995
        -73.1989
        -46.4287
          0.0000
         87.6115
        133.5021
       -108.7567
       -422.1063
       -243.0888
        266.7401
       1320.5483
        432.6433
        187.0557
        291.2327
        235.5974
       1498.0228
       1510.4972
        608.8163
         53.6461
         -0.3419
         89.9456
        -14.3499
         70.5050
        421.3406
        409.1695
        -31.5943
       -238.8300
       -174.6537
       -124.9465
         -3.3283
        -16.8193
        413.4137
        254.1561
       -112.2174
        -51.6449
          0.0000
          7.8475
        232.4223
        299.3960
        112.7577
          0.0000
          0.0000
        169.2368
         67.3938
       -137.3678
       -140.5325
          0.0000
          0.0000
          0.0000
          8.0191
         47.0190
          0.0000
         35.1778
        204.8711
        483.8603
         13.2436
          0.0000
          0.0000
          0.0000
          0.0000
          0.0000
          0.0000
          0.0000
        123.0025
        -22.6859
        -54.3734
        -47.1827
        -29.7771
         14.8497
         -7.7207
       -158.6690
        132.4120
        175.0126
        -44.1515
       -160.3263
        -13.3374
        183.9492
        109.1976
       -123.8246
        385.3803
          0.0000
          0.0000
          0.0000
          0.0000
          0.0000
         44.8022
          0.0000
         31.5084
         31.4686
        169.3002
          1.9812
        -23.9005
        109.3955
        -52.0120
          0.0000
          0.0000
          0.0000
          0.0000
          0.0000
          0.0000
          0.0000
          0.0000
          0.0000
        -29.7643
        -77.0753
       -163.4394
       -183.3388
        -95.0971
         72.4318
        -19.8825
       -132.3422
         31.3235
         14.2292
        -84.2706
        -61.6949
         -1.8706
        268.6543
        -60.0649
       -133.2962
         98.6514
        506.8992
         66.0147
         29.6949
         47.5981
         54.3939
          7.3280
        208.2784
        356.5620
         66.0072
         82.1161
        131.2714
        165.9885
        105.8336
       -544.2158
       -321.5003
        -39.6835
        640.8402
        -59.4919
        254.0692
          0.0000
        222.6260
        277.1442
         69.3808
       -468.4762
        245.6989
        407.7441
        232.6970
         96.6179
         42.4276
          3.2041
          0.0000
          0.0000
         65.2945
         92.9586
         86.3522
         27.5295
        -53.9912
       -180.8342
         50.2959
       -222.1886
          0.0000
          0.0000
          0.0000
          0.0000
         33.8491
        106.3296
        132.8112
          0.0000
          0.0000
          0.0000
          0.0000
          0.0000
          0.0000
          0.0000
          0.0000
          0.0000
         30.9007
         15.1317
        104.3367
          0.0000
          0.0000
          0.0000
          0.0000
          0.0000
          0.0000
        232.9495
        273.2234
        415.2677
         67.2498
        -32.6541
       -112.1731
        687.8023
        896.2032
        590.8385
       1286.5868
        833.4228
        439.0829
         62.3970
          0.0000
          0.0000
          0.0000
          0.0000
          0.0000
          0.0000
          0.0000
          0.0000
          0.0000
          0.0000
          0.0000
          0.0000
          0.0000
          0.0000
          8.7637
        -45.1511
       -193.5466
       -129.4371
        -56.3583
       -163.1979
       -141.4678
       -182.7033
        -38.5548
          0.0000
        -98.6552
       -136.9943
        136.8407
        104.3247
        252.0136
        407.9221
        698.6477
        713.6460
       1388.5489
        388.6934
         55.1515
         98.3745
        -28.8559
          0.0000
         71.5780
        292.8621
       1022.2042
        415.7223
        -17.9547
       -131.9580
          0.0000
          0.0000
          0.0000
         46.7673
        401.5500
        496.1844
        120.4471
       -143.2723
       -114.5578
        -27.2347
        254.7050
        358.5771
        421.0438
        496.6940
        487.2530
          0.0000
          0.0000
          0.0000
          0.0000
          0.0000
          0.0000
          0.0000
          0.0000
          0.0000
          0.0000
          0.0000
          0.0000
          0.0000
          0.0000
        -73.8565
       -175.4007
       -306.1138
       -206.7258
        -32.9200
          0.0000
          0.0000
          0.0000
          0.9123
        -13.9071
          0.0000
          0.0000
          0.0000
          0.0000
          0.0000
          0.0000
          0.0000
          0.0000
          0.0000
         10.4673
       -134.3901
        -88.2557
          0.0000
        -52.9533
         57.3233
        -82.5386
       -144.2086
        -42.0793
       -110.9349
       -146.9011
       -137.8448
          0.0000
          0.0000
          0.0000
          0.0000
         20.4709
         40.0420
          0.0000
          0.0000
          0.0000
          0.0000
         26.9711
          0.0000
        -45.0129
        -55.6312
        -73.0554
        -75.8642
        -31.2175
         64.7017
        184.7383
        401.0717
        368.9760
          0.0000
         36.9439
          0.0000
          0.0000
          0.0000
          0.0000
          0.0000
          0.0000
          0.0000
         46.8266
        168.0459
        287.1493
          0.0000
          0.0000
          0.0000
          0.0000
        -12.0595
          0.0000
          0.0000
          0.0000
          0.0000
         82.4871
         35.8094
         90.8499
        113.9485
        628.1978
        434.8290
        236.6600
        222.4207
         98.2276
       -103.9186
       -106.9655
        -98.2882
        214.9899
        162.1656
          1.7439
          0.0000
          0.0000
          0.0000
          0.0000
          0.0000
          0.0000
          0.0000
          0.0000
         -1.2275
        297.9610
        152.9952
         33.0444
        -82.6034
          0.0000
          0.0000
        -30.9203
         78.7916
          0.0000
          0.0000
         51.7287
         52.1862
         29.7076
        145.5515
        706.5013
          0.0000
          0.0000
          0.0000
          0.0000
         71.9382
          0.0000
          0.0000
        350.9586
        364.6981
          0.0000
          0.0000
        102.9654
         85.4270
         30.5076
        106.6345
        539.5988
        689.0347
          0.0000
          0.0000
          0.0000
          0.0000
        139.7696
         28.8248
         23.8815
         87.2818
        -40.6173
       -152.8438
        -92.3255
        -40.3963
         61.2735
         57.5150
        -76.0299
         86.6029
         93.7893
          0.0000
          0.0000
        -18.6534
        -76.8916
        -77.8330
        -62.0734
        424.7109
          0.0000
          0.0000
          0.0000
          0.0000
          0.0000
         58.4615
         79.2061
         46.5471
         70.3532
        -26.5657
         10.5961
         24.0467
        -28.4493
        133.7614
       -143.7772
        321.0294
       -281.6018
          0.0000
        340.8518
        365.9722
        -17.4105
         56.7975
        285.9705
          0.0000
          0.0000
          0.0000
         43.5903
        164.1452
         32.0214
        314.0509
        648.8555
        148.7808
          0.0000
          0.0000
          0.0000
        121.6918
          0.0000
          0.0000
          0.0000
          0.0000
          0.0000
          0.0000
        131.5110
        195.7398
         -1.2439
       -130.6091
       -110.6797
        -23.9369
        -19.6809
        211.0178
        718.1511
        341.8420
       -142.9445
          5.8741
        384.7465
        229.6096
        400.6788
         18.9088
        -52.2776
          0.6987
        247.3566
        330.8088
        242.2901
          0.0000
          0.0000
          0.0000
         42.3740
        -14.0963
        303.6327
         47.3093
         87.2022
        331.2054
        321.9360
        215.6708
        279.4182
        286.6728
        268.8135
        188.6005
        100.6700
          0.0000
          0.0000
          0.0000
          0.0000
          0.0000
          0.0000
          7.7506
          0.0000
        250.7967
        925.2148
        535.2195
          0.0000
          0.0000
         29.3745
        114.4148
       -131.1253
       -224.0595
        -13.4120
          0.0000
          0.0000
          0.0000
          0.0000
          0.0000
          0.0000
         42.5296
       -105.4636
         -6.0486
        106.2853
        -22.6314
        -26.7413
        -89.0798
        107.3524
          0.0000
          0.0000
          0.0000
        136.4896
        250.0167
        430.9564
        504.7188
       1086.4998
          0.0000
          0.0000
          0.0000
          0.0000
          0.0000
         41.9006
          0.0000
          0.0000
          0.0000
          0.0000
          0.0000
          0.0000
         19.1741
          3.3191
         38.0230
        259.2636
        337.2505
        -83.3475
          0.0000
        107.5581
        237.1650
        140.0086
       -188.5370
       -169.4911
          0.0000
          0.0000
          0.0000
          0.0000
          0.0000
        183.7544
        398.0033
        656.0961
         49.4731
          0.0000
          0.0000
          0.0000
          0.0000
          0.0000
         57.6994
        273.8034
         62.8880
          0.0000
          0.0000
          0.0000
          0.0000
          0.0000
          0.0000
          0.0000
          0.0000
          0.0000
          0.0000
          0.0000
        115.5385
        127.6215
          9.1850
          0.0000
          0.0000
          0.0000
        128.5814
        482.3669
        364.5036
         26.7558
       -204.4953
         69.1420
          0.0000
          0.0000
          0.0000
          0.0000
          0.0000
          0.0000
          0.0000
          0.0000
          0.0000
          0.0000
          0.0000
          0.0000
          0.0000
         60.6093
        453.6181
        203.8016
          0.0000
         54.0689
        384.1635
         40.9410
         10.1890
          0.0000
          0.0000
          0.0000
          0.0000
        427.6509
        595.5383
        364.5118
        362.7827
        459.3031
        206.0891
        -55.5393
        176.6616
        258.5119
        422.9094
        887.0257
       1087.8975
        916.9012
        601.8350
        992.1915
          0.0000
          0.0000
          0.0000
         40.5308
         41.9911
         75.0528
         24.1719
        -41.4357
         91.8819
        -42.2606
        -51.2386
          0.0000
          0.0000
          0.0000
          0.0000
        150.6395
        407.7147
        310.8139
         20.5296
        -52.5592
          0.0000
          0.0000
          0.0000
        185.9911
        880.4108
         74.9842
          0.0000
          0.0000
          0.0000
          0.0000
          0.0000
          0.0000
        478.0417
        119.6700
          1.0720
          3.0206
        -99.7891
       -129.6147
         54.9961
        438.9487
        258.9632
        174.4015
        196.3088
        166.9956
          0.0000
          0.0000
          0.0000
         77.3133
        501.1067
        212.2208
         61.9155
        305.9945
        933.2678
        195.4783
          2.2932
        178.4608
        319.5546
          0.0000
          0.0000
          2.6868
         54.9403
         48.6049
         11.5405
         27.2762
        126.3671
        502.7067
        320.3491
        132.8315
       -247.2488
        -17.5008
          0.0000
          0.0000
          0.0000
          0.0000
          0.0000
        267.2800
         94.0774
         67.5854
        116.4960
       -113.6067
          0.0000
          0.0000
          0.0000
          0.0000
          0.0000
          5.6184
        -10.5720
          0.0000
          0.0000
          0.0000
          0.0000
          0.0000
          0.0000
          0.0000
          0.0000
         57.4650
        267.5021
          0.0000
          0.0000
        118.0521
          4.3436
        -73.6968
        -12.3207
        253.0604
        128.4772
        257.4794
        169.5427
        -14.8947
       -197.1991
       -145.5589
         -7.7309
        -15.4130
        466.6803
        -44.7681
          0.0000
        163.0665
        -48.0978
        -35.0436
          0.0000
          0.0000
          0.0000
          0.0000
          0.0000
        130.4976
         87.7423
          0.0000
          0.0000
          0.0000
        164.6826
         22.9697
        -46.6100
        -64.0939
        -24.1334
        -55.8765
        -53.7621
       -137.5062
       -102.4234
        -60.3374
          1.4718
         85.3137
        227.3721
        254.3053
        161.2800
        186.9241
          0.0000
          0.0000
         36.4056
         20.3973
        -35.8555
          0.0000
          0.0000
         43.8775
         28.3043
          0.0000
          0.0000
          0.0000
          0.0000
          0.0000
          0.0000
          0.0000
          0.0000
          0.0000
          0.0000
         14.1603
        101.0594
        140.3607
         27.7975
        233.8367
        141.7275
          0.0000
          0.0000
        149.1849
         -1.9217
        -87.3927
       -106.1408
        -41.4851
        171.3727
          0.0000
         96.9625
        157.8070
         15.9555
         98.7987
          0.0000
          0.0000
          0.0000
          0.0000
          0.0000
        -51.9588
         35.3897
         -8.6496
        -52.1977
       -294.3653
          0.0000
          0.0000
          0.0000
          0.0000
          0.0000
          0.0000
          6.4933
          0.0000
         20.7951
          0.0000
          0.0000
          0.0000
          0.0000
          0.0000
         46.7579
         61.9277
        266.7879
          0.0000
          0.0000
          4.4771
          0.0000
          0.0000
          0.0000
         33.6454
        104.0795
        -13.3170
          5.9177
          0.0000
          0.0000
          0.0000
          0.0000
          0.0000
        -46.3088
        -31.5714
        -41.7069
          0.0000
          0.0000
          0.0000
          0.0000
          1.9495
         87.9075
        122.3937
         85.1290
         -6.5372
        -55.3392
        -88.3591
         52.9879
        611.6930
        838.4250
          0.0000
          0.0000
        102.4661
        145.1423
         25.4349
         -4.6967
        -44.2001
        204.3419
        230.3333
        231.8873
        502.4241
        325.0767
         54.8162
        161.2951
         15.4587
          0.0000
          0.0000
          0.0000
        104.5214
        215.9688
        112.8504
        413.7206
        938.3813
          0.0000
          0.0000
          0.0000
          0.0000
        175.9044
          0.3252
        -15.9694
          0.0000
          0.0000
          0.0000
         78.0625
         -5.1265
        -67.6365
         22.1243
        324.2587
        725.3928
         75.8949
          0.0000
          0.0000
          0.0000
          0.0000
          0.0000
          0.0000
          0.0000
          0.0000
          0.0000
          0.0000
          0.0000
          0.0000
          0.0000
          0.0000
          0.0000
          0.0000
          0.0000
          0.0000
          0.0000
          0.0000
          0.0000
          2.0754
         62.5997
         78.4476
          0.0000
         74.4954
        245.4031
        332.9488
        263.1398
        365.3498
        866.0036
          0.0000
          0.0000
          0.0000
          0.0000
          0.0000
          0.0000
          0.0000
          0.0000
          0.0000
          0.0000
          0.0000
          0.0000
          0.0000
          0.0000
          0.0000
          0.0000
          0.0000
          0.0000
          0.0000
          0.0000
         23.2195
         24.6156
         53.2667
        -62.0829
          0.0000
          0.0000
          0.0000
          0.0000
          0.0000
          0.0000
          0.0000
          0.0000
          0.0000
          0.0000
          0.0000
          0.0000
          0.0000
          0.0000
          0.0000
          0.0000
          0.0000
         11.5909
         -7.4207
         72.8575
        -70.8613
       -135.7330
         13.4124
         57.5783
        312.4098
        350.5807
          0.0000
         70.3305
         35.5817
         15.0345
        -21.8436
         -6.6164
          0.0000
          0.0000
         45.3860
        161.5330
        -15.1879
        -54.5718
         69.5065
        103.3208
        140.0083
         61.9253
         72.3847
        103.6514
        217.5908
        -27.1286
        -41.9220
        -57.1852
         24.5908
        408.7733
          0.0000
         20.2743
         49.7286
        107.4463
         74.6404
          0.0000
          0.0000
          0.0000
          0.0000
          0.0000
          0.0000
          0.0000
          2.4546
          0.0000
        113.8093
         86.2924
        122.3608
         62.0569
          0.0000
          0.0000
          0.0000
          0.0000
          0.0000
          0.0000
          0.0000
         51.5064
         -8.9716
          0.0000
          0.0000
          0.0000
          0.0000
          0.0000
          0.0000
          0.0000
          0.0000
          0.0000
          0.0000
          0.0000
          0.0000
          0.0000
          0.0000
          0.0000
          0.0000
          0.0000
          0.0000
          0.0000
        -53.9860
       -103.6945
       -117.0772
          0.0000
          0.0000
          0.0000
          0.0000
          0.0000
          0.0000
          0.0000
          0.0000
          0.0000
          0.0000
          0.0000
          0.0000
          0.0000
          0.0000
        182.3122
          0.0000
          0.0000
          0.0000
          0.0000
          0.0000
          0.0000
        -74.5446
         -6.2614
          0.0000
         87.1471
        336.8715
        754.0051
        902.4455
        305.9772
          0.0000
          0.0000
          0.0000
          0.0000
          0.0000
          0.0000
          0.0000
          0.0000
          0.0000
          0.0000
          0.0000
          0.0000
          0.0000
         12.9743
          9.2704
          0.0000
          0.0000
          0.0000
         15.9795
          0.0000
          0.0000
          0.0000
          0.0000
          0.0000
        222.6750
        430.9306
        -59.9189
          0.0000
          0.0000
          0.0000
         85.2355
        283.7333
        356.2923
        377.8898
        222.3243
       -101.8660
         79.6206
        446.8384
        -15.6123
        -87.8355
        200.9868
         85.1067
        121.5735
        112.1004
        106.9423
        781.0736
        665.8534
        575.0596
        695.1060
        314.3458
        218.1286
         63.6791
        219.9114
        409.6783
          1.6116
        -75.2420
        448.2266
        252.2619
        234.5594
        260.9457
        588.4148
        585.5791
         25.0124
         33.2658
          0.0000
          0.0000
          0.0000
         25.6758
         27.1860
          0.0000
          0.0000
        669.0772
        684.6428
          0.0000
          0.0000
          0.0000
          0.0000
          0.0000
         59.4389
          0.7062
        650.3165
        643.4795
        -75.7254
          0.0000
          0.0000
          0.0000
         48.8020
        195.6019
        522.4744
        332.3055
        202.5262
        -12.7206
       -205.3049
       -187.3080
          0.0000
          0.0000
          0.0000
          0.0000
          0.0000
          0.0000
          0.0000
          0.0000
          0.0000
          0.0000
          0.0000
        -20.3650
         72.0723
        -58.3126
        118.5105
         36.0919
        -69.9802
         -0.8342
        487.8052
        155.6879
          0.0000
          0.0000
          0.0000
          0.0000
          0.0000
          0.0000
         17.0432
          0.0000
          0.0000
          0.0000
          0.0000
         89.9525
        -27.0819
       -166.1731
         78.8802
        -32.8476
         74.0885
        235.4130
          9.6906
       -144.6702
         41.7969
        -34.8549
        473.0998
        353.3936
       -126.5249
        -46.0863
          0.0000
          0.0000
         56.5790
         68.3050
        108.4316
        -34.7185
          0.0000
          0.0000
          0.0000
          0.0000
          0.0000
          0.0000
        -42.5025
          0.0000
          0.0000
          0.0000
        111.4111
         80.5629
         25.0264
        -71.3602
        405.8478
        387.1264
        251.1026
        169.2146
       -126.8283
       -342.9635
       -157.6394
       -238.5506
       -298.2649
          0.0000
          0.0000
          0.0000
          0.0000
          0.0000
          0.0000
          0.0000
        -29.9771
          0.0000
          0.0000
          0.0000
          0.0000
          0.0000
          0.0000
          0.0000
          0.0000
          0.0000
          0.0000
         16.3028
         32.5665
        -16.7203
          7.4524
        -55.5953
        122.9177
        142.1561
        -18.9810
        -10.9551
          0.0000
          0.0000
          0.0000
          0.0000
       -358.0669
       -123.8216
          0.0000
          0.0000
          0.0000
          0.0000
          0.0000
        -21.4089
       -372.2461
          0.0000
          0.0000
          0.0000
          0.0000
          0.0000
          0.0000
         37.3215
        644.4528
        140.2141
          0.0000
          5.1958
         25.7800
          0.0000
         21.0175
         24.4166
        355.8828
         83.6653
          1.0882
        -46.6289
          0.0000
          0.0000
          0.0000
          0.0000
          0.0000
          0.0000
          0.0000
          0.0000
          0.0000
          0.0000
          0.0000
          0.0000
       -151.6134
       -106.5252
        -40.5787
        -39.7754
        -61.5182
         11.3300
         20.0682
          0.0000
          0.0000
          0.0000
          0.0000
          0.0000
         27.8917
         17.0711
        128.1703
         90.5539
        287.8283
          0.0000
          0.0000
          0.0000
         58.0823
         29.3247
        -56.7408
        175.5921
        854.7313
        373.9814
         -4.1819
       -168.1191
       -344.6104
       -179.2576
          0.0000
        -82.0027
        136.1496
        165.8639
       -310.8405
          0.0000
          0.0000
          0.0000
          0.0000
         64.8110
        629.1462
        105.2698
          0.0000
          0.0000
          0.0000
          0.0000
          0.0000
          0.0000
        553.7922
        309.6097
         23.9265
         20.8630
         21.1504
         -7.7135
        -12.6802
          0.0000
          0.0000
          0.0000
          0.0000
          0.0000
          0.0000
          0.0000
          0.0000
          0.0000
          0.0000
        -31.3814
          8.4300
        136.6153
         77.5647
        -47.2292
        -84.7804
        -81.0282
        -25.0284
       -247.5092
       -137.4586
        -40.6976
        523.5293
        -36.1004
         82.6176
         -7.6791
        606.1394
         42.3837
        564.7523
        477.9735
        151.0150
       -197.2891
        245.5152
        153.8397
        -46.0399
         63.0390
       -199.2168
        -18.5988
          0.0000
          0.0000
          0.0000
       -120.5192
        -44.7728
       -334.5890
       -173.4032
        -70.2467
        -61.6377
        -41.0692
          0.5312
        -24.3726
         64.8551
        105.6352
         89.2315
         68.4064
         58.8843
        787.6501
        208.2805
        171.4932
        229.9955
        193.4989
        -64.7476
        -84.2478
       -122.0453
         11.0337
         56.8568
       1008.5151
        235.2819
       -130.7313
          0.0000
        118.7158
         25.9983
       -123.7446
        -61.8551
         29.9088
        -49.4576
        -88.8680
         96.2186
         10.6074
       -156.5975
          0.0000
          0.0000
          0.0000
          0.0000
          0.0000
          0.0000
          0.0000
          0.0000
          0.0000
          0.0000
          0.0000
        406.8490
        294.5095
        171.4338
        129.9187
         63.4915
        -50.0682
        -90.3603
         48.4279
        699.1875
       -162.8649
        -22.9720
        141.7959
         64.8567
        -14.0794
         51.8942
        -24.5036
        857.5281
        411.4710
         13.9907
        -50.5830
         26.5694
        131.5390
        130.1602
       -105.1978
       -382.5087
       -279.3956
        -48.1359
         28.1316
        186.9002
        129.8434
       -122.7962
       -138.0774
        -13.9852
       -110.3701
       -265.2233
       -326.2804
       -206.3716
       -118.0331
        -79.1242
        -63.6045
         56.3693
       -150.3079
       -274.4705
       -246.9537
          0.0000
          0.0000
          0.0000
          0.0000
         11.2320
        -16.9734
          0.0000
          0.0000
          0.0000
          0.0000
          0.0000
          0.0000
         67.0573
          0.0000
          0.0000
          0.0000
          0.0000
          0.0000
          0.0000
          0.0000
          0.0000
          0.0000
          0.0000
          0.0000
          0.0000
          0.0000
          0.0000
          0.0000
         33.4675
          0.0000
          0.0000
          0.0000
          0.0000
          0.0000
         28.9860
          5.0340
         88.3385
        -65.5458
       -131.3336
        -17.3971
         10.4806
        -54.3537
        -61.4148
        -32.4793
         50.7436
        378.8859
        -56.9420
         11.2473
       -132.4001
        -50.0326
         27.8008
        -77.4980
       -244.2228
       -335.8121
        -96.5863
        -36.7197
        -85.8941
        -10.9476
        385.0230
        841.5397
        264.9665
         62.3158
        464.5341
        116.1627
        -79.9235
       -186.7778
       -235.3996
       -215.6849
        -24.5380
         22.9714
        565.3926
        -18.2386
        -71.0425
       -213.7248
       -238.9968
       -341.6236
       -611.5404
       -379.0720
          0.0000
        -54.4020
         60.0059
       -187.4308
       -214.3967
       -372.5298
       -379.1833
       -236.5409
         86.8261
        154.1290
          3.6899
          0.0000
          0.0000
          0.0000
       -159.5901
       -157.7815
       -109.0335
         -6.1820
          0.0000
          0.0000
         40.2128
       -109.1600
       -295.0908
       -391.0577
       -327.4960
        -11.2115
          0.0000
          0.0000
          0.0000
          0.0000
         62.3059
          0.0000
          0.0000
          0.0000
          0.0000
          0.0000
          0.0000
          3.9364
         53.1031
        -89.3394
       -221.8682
       -113.1894
          0.0000
          0.0000
          0.0000
          0.0000
        124.0762
        -30.7089
       -113.2379
        -25.8600
          0.0000
          0.0000
          0.0000
         96.4621
         -8.2079
       -135.4700
       -239.5839
       -248.3316
       -238.6046
       -330.1149
        -32.0114
          3.4764
        357.9196
         35.3210
        -65.2436
         43.4635
        -94.5916
        -96.0965
        -32.0816
       -192.0310
       -258.7190
       -224.4846
          0.0000
          0.0000
          0.0000
          0.0000
        -41.0370
        -75.1135
        -53.8557
       -251.4940
       -347.1767
       -244.8289
       -330.9280
        -80.8784
          0.0000
        -69.1913
        -59.8864
       -161.6094
       -245.7851
       -163.2787
       -147.7260
       -299.6935
       -261.9244
       -394.6335
       -318.0607
       -447.5719
       -368.0145
        -93.7661
          0.0000
          0.0000
          0.0000
        -51.1636
         39.2878
        -84.7444
       -108.3574
         44.4227
         45.2429
        -60.0348
       -120.3331
         74.9323
        529.7584
        145.3225
        170.7543
        143.7043
         31.7904
         55.3733
       -115.4048
       -227.9807
       -100.7212
        -95.7408
         24.1313
          0.0704
          0.0000
          0.0000
          0.0000
        -28.7037
       -237.0167
          0.0000
          0.0000
          0.0000
        -40.1948
          0.0000
          0.0000
          0.0000
          0.0000
          0.0000
          0.0000
          0.0000
          0.0000
          6.3900
         52.6398
        -21.5117
         88.6687
        -15.8351
       -132.7357
        -83.2908
       -213.6601
       -355.9484
        303.8927
        172.5217
          0.1606
       -196.7557
        477.1556
        406.7087
       -129.9024
        104.8043
         40.0698
        -66.4186
        167.6873
          7.9786
       -101.4698
        -88.3069
        -11.7739
          0.0000
          0.0000
          0.0000
        -87.4684
       -177.6292
        -74.3825
         18.2758
         93.4830
       -128.0831
       -211.9994
         53.5916
        229.3038
       -376.6878
       -616.7566
       -431.8480
       -398.9069
       -295.3615
       -212.1443
       -431.9043
       -211.2101
       -134.9035
         35.2843
          7.4394
       -261.0554
       -196.4546
       -134.4329
       -310.0514
       -232.2858
       -248.1038
       -321.6568
       -210.0183
        -93.8409
        -75.8239
         -9.9079
       1114.8635
        718.2520
       -141.9658
        185.6705
        246.5743
        238.0387
        240.0598
         66.6938
        182.1602
        449.1481
          0.0000
          0.0000
        128.0121
        -20.5525
          0.0000
          0.0000
          0.0000
         25.5028
        -35.8184
       -123.9001
        -93.3186
       -110.4080
        -26.2700
          1.0836
        -48.3957
        -14.2583
         60.5527
        -12.5353
       -157.7626
       -227.2181
        -54.5811
          0.0000
         14.8362
        227.2058
         91.7780
        -81.2409
       -107.2024
       -214.4388
       -140.5172
        -95.3430
        -42.8384
         65.3555
         -5.0035
         53.1135
        189.6144
         24.8771
       -121.1993
       -152.9951
       -187.5175
        -63.8286
        -82.3641
       -102.0246
         -8.4038
         -4.6636
        732.8487
        579.9870
        524.9958
        281.5766
         -7.5026
       -195.4157
        -93.7068
        -75.1255
        -85.7369
        -85.7936
        104.7157
        102.9267
       -267.1796
       -225.8725
       -138.5767
          0.0000
         55.5283
        245.5723
        195.1413
        491.2672
         22.7552
       -226.5501
       -170.7232
       -387.1690
       -145.1790
          0.0000
        -50.5115
        -13.0919
       -204.2358
        -44.2686
        280.1664
        127.7854
        -40.3058
        -94.9869
         -9.4923
        215.0617
         30.3231
         87.4956
        181.7290
          6.7053
        490.2660
       -273.7940
        -85.5896
        130.5194
       -127.0285
        -29.1278
        227.3225
        483.3731
        508.4900
        983.6421
       -104.0496
       -192.0413
        361.6339
        104.7377
        -35.6999
          0.0000
          2.8789
        -22.4471
        -73.7742
       -201.2624
       -114.3795
        -12.5319
        -14.6353
        -20.6407
        -54.6616
        -68.8401
         42.5587
        256.5626
        191.8887
         11.7788
        127.0164
         -5.2145
        -87.6162
         66.7959
       1125.4178
       2152.9027
        824.1818
          0.0000
         67.0284
        180.4240
        426.1615
       1002.1047
        567.6401
          0.0000
          0.0000
          0.0000
          0.0000
          0.0000
          0.0000
          0.0000
          0.0000
       -147.2356
       -261.4566
        -48.2567
         43.7417
         25.0807
          0.0000
          0.0000
         55.0791
        319.6062
        596.1202
         26.6280
       -242.9806
       -129.3448
       -102.4458
         -4.4794
         -1.5911
       -101.2028
       -679.0294
       -130.1319
       -117.0380
       -110.9697
       -102.3384
         86.0425
        542.8957
        718.8579
        190.7985
        514.7215
        711.0471
        389.3890
        179.5011
        146.6626
        513.7422
       1375.2246
        -27.5467
       -192.3316
        -79.8202
         -9.3474
         22.4585
        145.9083
        336.8706
       2221.9197
       2509.5167
         36.2081
        537.6328
        420.1687
         56.4962
        -97.7985
       -142.0153
        216.9742
       1260.9791
        424.7059
        381.9613
        417.9124
       1460.0775
       2090.6575
       2298.2830
         20.5113
          0.0000
          0.0000
          0.0000
          0.0000
          0.0000
          0.0000
          0.0000
          0.0000
          0.0000
          0.0000
          0.0000
          0.0000
          0.0000
        142.3363
         46.3750
        -23.5480
        -43.6862
        293.7280
         79.1378
       -112.7284
       -205.1182
       -234.6223
        -49.1605
          0.0000
          0.0000
          0.0000
        547.5079
        352.9759
        107.3621
         98.7365
        -43.5538
        -60.8435
        257.3699
        394.1241
        241.9107
         33.0268
         46.8886
        -60.1018
       1011.2890
       1741.5920
        361.5651
        -26.5966
        -54.6009
        -81.0122
        -54.8468
        -26.6512
        -61.3685
         58.5603
       -124.5577
        -27.1868
        -86.5596
       -135.8251
        -53.6613
          0.0000
         95.1410
        775.7574
        924.6153
       -221.4523
       -170.5754
         23.3359
        -59.7738
        282.9842
        519.8664
        431.5037
       -148.0995
          0.0000
         -2.3229
       -285.8043
       -266.1239
        -68.1814
       -266.2492
       -100.2486
       -165.6377
         13.3772
          0.0000
          0.0000
          0.0000
          0.0000
          0.0000
          0.0000
          0.0000
          0.0000
          0.0000
          0.0000
          0.0000
          0.0000
          0.0000
          0.0000
          0.0000
          0.0000
          0.0000
          0.0000
          0.0000
          0.0000
        -61.1768
        -65.4867
        -46.9427
       -170.7824
        -66.5800
       -128.7962
       -305.4378
       -328.2500
       -105.9889
        487.1117
       1550.5335
       2302.8535
       1960.1419
       1711.1853
        416.2746
        -30.9883
        -88.0100
         14.5115
        273.9007
       -175.9532
         64.8661
         61.2312
       -246.4054
       -297.4810
       -274.3047
        179.4219
       -178.8430
       -170.9996
       -342.8043
       -227.5578
       -337.4474
       -377.4703
        -96.2733
        -54.3946
       -296.0953
       -117.0149
        -33.8864
       -250.9372
        -48.0498
          0.0000
          0.0000
       -176.7636
       -191.5298
        -18.3247
        178.8259
        159.0045
       -119.2268
          0.0000
       -101.0263
         49.1126
        -45.3413
       -187.9141
       -145.4333
       -157.6286
        -53.1420
         34.0879
        455.9175
        761.8659
       -164.2021
        -37.5513
        111.5707
       1837.2210
       2132.5550
       2040.6640
        877.4716
        225.7423
        120.8308
        670.3785
       1497.9140
        354.8713
        125.7395
        120.5869
       -147.4557
         -0.5220
        106.7464
       -187.2983
       -110.0751
       -109.1114
       -104.2444
       -122.7857
        -64.5685
        -85.0311
       -306.3347
       -107.5874
        -46.4441
          0.0000
          0.0000
          0.0000
        -76.3595
       -155.7324
       -169.0558
          0.0000
          4.1122
          0.0000
          0.0000
          0.0000
          0.0000
       -219.9014
        -41.8785
          0.0000
         14.0403
          1.0578
          0.0000
          0.0000
          0.0000
          0.0000
          0.0000
          0.0000
        123.4459
         67.2684
         11.6981
        -48.0289
       -171.2562
       -125.5570
        -74.1427
       -135.6044
       -111.1844
         -8.5562
         58.8072
        348.6022
       1888.2393
        473.1171
        334.3724
        411.7780
        274.0696
       -108.6577
        307.3656
        446.6173
       -112.4996
       -425.7342
       -308.4953
          0.0000
        889.7675
        851.5334
       -113.7213
       -126.2369
        -44.2112
        172.1413
       -186.8629
        138.7404
        152.3849
       -139.6782
       -210.3999
         97.4616
       1064.2303
          0.0000
          0.0000
          0.0000
          0.0000
          0.0000
          0.0000
          0.0000
         11.4878
        296.1909
        214.9364
         26.8429
         38.2169
       -132.3144
        -50.7588
          0.0000
          0.0000
         36.4097
         44.6060
         90.6596
         15.3895
       -157.5563
          0.0000
          0.0000
          0.0000
       -116.1975
        -48.6555
          0.0000
          0.0000
          0.0093
         13.3368
        -23.3114
        161.1205
        125.4028
         34.6722
       -167.8866
        -67.0787
        -47.2961
        150.2396
        935.3182
       1306.4822
        103.1460
       -375.8915
       -144.5670
        173.2933
        526.8495
         21.9191
       -716.3197
       -547.1169
        -33.4118
        233.6346
        141.0852
        146.4312
        -88.4078
        293.6331
        214.6400
       -160.9148
       -177.2205
       -197.1413
         13.4344
        159.4682
       -133.3551
       -171.0335
        -11.1914
       -270.3293
       -143.7511
       -217.4078
       -178.1618
       -156.3363
        -74.9505
         25.1483
        107.4531
        213.7142
        891.9823
        206.8250
        556.8263
        173.7396
        118.8273
        131.3811
         60.0526
         71.5353
        138.1498
          0.0000
          0.0000
         35.9384
          0.0000
          0.0000
         62.0582
       -157.0503
       -369.6164
       -298.5029
       -226.7499
        -16.3014
          7.4344
         50.2590
          0.0000
       -198.9568
       -465.7136
       -232.7237
        -14.7742
          0.0000
          0.0000
          0.0000
         -5.5740
        -25.6353
         50.9302
        -36.2670
          4.2305
        199.5554
        239.4595
        231.6756
        200.6203
        216.9321
        318.5226
        126.1870
        141.2227
        260.4024
        572.5364
         58.7776
       -387.8704
       -256.9750
         56.6758
        -81.5101
          0.0000
         62.5792
         51.5298
        174.2611
        246.1360
         47.4421
        182.3233
        -94.4278
       -130.3508
          3.0895
          0.0000
          0.0000
          0.0000
          0.0000
        660.6229
         73.4527
          1.6526
          0.0000
          0.0000
          0.0000
          0.0000
          0.0000
          0.0000
          0.0000
         56.3815
         84.3153
          0.0000
        265.5347
        631.3770
        992.6740
        575.4074
        133.1571
          0.0000
          0.0000
          0.0000
          0.0000
          0.0000
          0.0000
          0.0000
          0.0000
          5.3830
         62.5030
         10.4635
          0.0000
          6.6012
         19.9706
        173.2474
         37.0512
        120.2729
        174.9720
        -28.3436
        -78.4019
        -50.7383
          1.5848
         70.4940
        167.7128
        224.8759
        211.9905
       -183.0777
        544.4818
        287.8796
         78.4859
          0.0000
          0.0000
          0.0000
        103.7759
         94.4996
        859.1305
        463.6045
        -40.3022
        -42.1621
         45.0173
         13.6663
        124.0605
         28.2393
        -47.0798
        -37.7033
        181.7509
        265.7551
        265.7551
