        803.3149
        803.3149
        731.2484
        830.4210
        924.7388
        885.0090
        647.1988
        708.2345
        704.7442
        359.5939
        187.8931
        289.0019
        591.6960
        858.5620
        927.4914
       1017.3517
       1016.2145
        800.8515
        632.9394
        727.8299
        807.8128
       1049.5278
       1327.0612
       1398.3522
       1447.8726
       1011.6430
        812.2784
        801.4284
        934.1257
        706.4246
       1104.4026
        849.1552
        960.7532
        857.4044
        851.0269
        917.2399
       1060.1705
       1170.2984
       1325.6014
       1251.9738
       1167.9042
       1073.5200
        931.9184
        865.6690
        791.9097
        897.1423
       1069.9398
       1108.1697
       1165.2981
       1128.7287
       1071.1669
       1149.5730
       1209.3982
       1153.4344
       1095.0434
       1026.3993
        936.0728
        672.2495
        423.5790
        540.1860
        657.2671
        631.2085
        498.0796
        570.7066
        622.8520
        594.7734
        527.0924
        566.7615
        604.9555
        703.9217
       1084.0154
       1079.4059
       1067.0315
        899.4210
        744.5969
        682.9643
        614.9606
        774.5330
        938.9963
        802.0168
        663.0768
        232.0908
        204.9057
        171.6053
          0.0000
         71.3049
         87.2295
        189.6708
        340.0525
        240.5008
        130.1770
        228.6167
        381.3281
        733.2821
       1101.1333
       1164.8534
       1176.2121
        883.4858
        606.3022
        597.8014
        581.0314
        386.4785
        147.3980
          0.0000
          0.0000
          0.0000
         23.0462
        133.3657
        240.1301
        236.7526
        558.5168
        693.3345
        912.9745
       1019.2670
       1240.6621
       1056.0331
       1058.0318
       1613.6875
       2066.6898
       1679.2344
       1314.9126
       1170.4809
        937.1725
        891.0182
        838.0690
       1011.2404
       1124.5769
       1109.4809
       1086.8817
       1179.5859
       1376.9648
       1329.5183
       1376.6397
       1630.7028
       1864.2138
       1925.7146
       1976.5097
       1919.8977
       1857.8226
       1798.4021
       1686.8485
       1486.7288
       1277.5919
       1236.8763
       1219.2425
       1028.0131
        934.9113
        782.1135
        683.4535
       1004.3562
       1278.2659
       1250.6745
       1229.5643
       1012.8896
        832.3285
        776.9910
        736.8009
        593.5859
        352.3593
        420.1307
        438.2186
        506.4570
        574.3247
        617.0513
        654.6167
        325.6617
          0.0000
          0.0000
        139.8811
        433.2915
        663.5024
        817.8565
        954.7689
       1229.8846
       1395.3447
       1410.2683
       1372.9668
       1137.2876
        867.0473
        969.7344
       1066.0381
       1060.8319
       1034.8254
        948.2024
        856.7837
       1119.5752
       1428.6319
       1462.7823
       1475.2827
       1362.0829
       1226.5225
       1405.0466
       1582.0306
       1462.0452
       1238.4545
       1293.3129
       1289.6860
       1468.6302
       1596.1016
       1534.6029
       1428.6766
       1713.0235
       1949.7642
       1640.2481
       1416.1894
       1282.6051
       1059.5184
       1052.1626
       1031.2893
        894.4266
        737.3161
        628.5266
        522.8558
        786.4519
        992.2096
       1091.8920
       1176.2513
       1091.5434
        988.6754
        862.0956
        845.4978
       1031.5050
       1178.9847
       1207.7036
       1211.1166
        914.0058
        601.8430
        630.4881
        656.7217
        772.0932
        672.2718
        439.2525
        201.3383
         13.2131
          0.0000
          0.0000
          0.0000
        164.8622
        197.2152
        249.2410
        290.9966
        468.3685
        652.1352
        761.8417
        966.1972
       1149.2608
       1246.9378
       1286.2311
       1297.6326
       1097.5052
        871.5877
        846.7074
        819.8858
        840.2465
        841.4125
        835.4595
        827.3670
        811.4955
        790.0067
        839.8359
        889.1418
       1148.0115
       1233.8070
       1271.5663
       1316.4061
       1106.1267
        903.7093
       1095.2215
       1284.5539
       1315.3916
       1170.2070
       1248.9697
       1295.8838
        830.2972
        330.8741
        351.0845
        412.9411
        929.5393
       1464.4656
       1495.1437
       1509.3109
       1396.5620
       1225.7736
       1200.2828
       1169.1533
        740.8731
        245.8937
        565.5121
        879.4871
        668.3662
        410.4996
        422.3454
        431.1743
        838.9735
       1390.9522
       1440.0215
       1578.2259
       1443.0129
       1485.4592
       1003.0445
        596.6035
        771.5309
        811.1357
        496.6664
        154.0599
          0.0000
          0.0000
        251.2632
        524.1053
        920.7400
       1405.6521
       1050.3355
        853.8963
       1029.0757
       1196.2882
        981.8876
        911.7899
       1368.4840
       1783.3447
       1724.2597
       1661.5805
       1274.2135
        949.1745
        985.4609
        996.5871
       1372.0400
       1844.6470
       1771.2966
       1693.1919
       1375.4557
       1117.9384
       1221.0962
       1318.8635
       1079.9079
        845.3102
        707.8515
        581.7403
        231.5202
          0.0000
        147.0138
        367.0518
        839.5919
       1272.0736
       1287.3452
       1313.0915
       1106.8463
        916.4369
        805.7626
        759.6387
       1151.4663
       1499.7196
       1467.3758
       1384.9496
       1071.8057
        710.7067
        854.0631
        995.4402
        985.5125
        955.3648
        835.1260
        700.1044
        572.5076
        456.2751
        403.8814
        347.1082
        400.5847
        463.3500
        544.4865
        603.4541
        505.3084
        401.7265
        384.8627
        363.5382
        587.0056
        780.1752
        861.0801
        921.7414
        736.6499
        549.8077
        565.6135
        579.0921
        911.9400
       1070.0645
       1084.8523
       1130.5898
        677.7822
        230.4877
        379.2300
        521.1906
        786.4524
        931.8582
       1000.1407
       1038.4858
        719.2451
        341.5414
        410.7383
        483.8496
        917.1864
       1106.9843
       1070.7263
        945.0199
        926.4444
       1090.5710
        999.5448
       1050.3566
       1132.3054
       1153.1089
       1309.1296
       1457.0069
       1118.9486
        848.7568
        608.8252
        385.4708
        369.2744
        216.2680
        330.0028
        447.2194
        615.0479
        753.1596
        808.8622
        838.2934
       1156.3222
       1425.0911
       1483.7744
       1538.4733
       1091.4008
        705.1394
        713.7124
        782.3672
        765.0771
        806.6724
        862.1737
        917.4809
        826.6687
        738.1239
        823.6410
        971.6854
       1042.3876
       1317.8588
       1436.8611
       1548.1569
       1581.8347
       1687.2058
       1446.8938
       1233.3352
       1382.5399
       1781.9360
       1851.0106
       1919.3306
       1167.1155
        532.5739
        573.5939
        789.2986
        824.0179
       1000.4242
        825.6434
        588.0883
        387.1754
        198.6800
        211.9596
        225.9791
        621.5568
        933.8723
        912.9594
        864.5466
        756.4903
        737.8065
        686.6506
        729.0638
        905.9701
       1005.0867
       1066.4760
       1109.7379
       1008.1607
        947.4698
       1104.5609
       1255.3551
       1506.2918
       1786.5429
       1943.8158
       2079.6803
       1289.4676
        603.0862
        652.9313
        693.4717
        872.2124
        974.8260
        879.6791
        724.8898
        646.5184
        568.3803
        622.4357
        670.7144
        669.5480
        466.2524
        634.1108
        680.8042
        707.8672
        735.7230
        671.4282
        601.0427
        793.9578
        901.0716
        745.4219
        544.2780
        384.6904
        251.4510
        439.4171
        640.0088
        588.3571
        513.1479
        493.0572
        484.4134
        401.4143
        310.5560
        506.0915
        701.3175
        958.3237
       1171.9516
        942.5224
        628.0189
        501.2686
        376.8181
        419.4747
        459.2227
       1072.5757
       1602.3597
       1842.2217
       2026.4674
       1265.4787
        630.2761
        621.2445
        605.4782
        186.1200
          0.0000
          0.0000
          0.0000
          0.0000
        111.3498
        159.8166
        162.7829
        704.3449
        844.3165
        891.3426
        951.3769
       1160.0403
       1351.3633
       1453.8909
       1521.0875
       1190.2167
       1091.7276
       1094.2878
       1367.4238
       1823.6427
       2313.4986
       2268.9381
       2186.2998
       2614.7345
       2957.9625
       2726.7176
       2520.0570
       1802.8764
       1135.4354
       1017.5721
        904.2393
        842.2670
        638.3848
        644.6477
        619.3654
        736.8554
        837.5214
        809.5060
        779.0735
       1400.3417
       1854.1523
       1850.1826
       1751.2385
       1538.4003
       1314.8322
       1475.2220
       1633.9529
       1790.3822
       1945.4333
       1783.9013
       1602.7701
       1388.7771
       1227.2273
       1245.8321
       1263.3742
       1466.7677
       1641.6008
       1379.0693
       1112.8538
       1020.2930
        871.3322
        815.6033
        754.6472
        670.6503
       1074.1776
        869.3286
        705.8269
        914.6407
       1219.7752
       1239.1282
       1410.3522
       1017.6034
        782.0200
        844.3627
        897.1063
       1040.2548
       1228.3052
        694.0191
        601.0577
        985.6859
       1297.9750
       1347.1591
       1397.5140
       1345.0235
       1296.4983
       1054.8147
        824.3100
        736.1772
        640.0177
        831.1183
       1072.3179
        869.8755
        759.8145
        682.0951
        642.4001
        434.9811
        243.2969
        342.9919
        479.2475
        614.5295
        736.5523
        785.9307
        833.5629
        954.1768
       1125.4649
       1008.0857
        893.0012
        840.1742
       1128.3818
       1148.3974
       1177.9385
       1160.0648
       1297.2330
       1539.9364
       1818.7544
       1534.9007
       1348.7523
       1062.3579
       1064.9436
        822.6452
        511.0906
        675.7667
        828.5350
        465.0126
        317.9345
        351.0115
        392.9596
        398.7780
        562.2526
        417.1544
        253.3420
        142.2740
         80.0966
        121.0705
        167.2515
        225.0083
        167.9160
        243.1468
        310.2830
        447.7714
        550.7064
        716.4890
        883.3797
       1031.8579
       1112.0033
       1458.1622
       1803.6259
       1669.3571
       1732.4854
       1417.4203
       1330.6908
       1045.2237
       1132.9360
       1144.6100
       1184.0340
        726.1289
        251.9052
        341.6597
        397.0009
        273.2916
          0.0000
         19.6854
         62.4165
        270.5114
        453.1106
        579.5440
        699.3358
       1090.5928
       1221.4971
       1313.9860
       1381.5256
       1420.6392
       1397.6190
       1407.3548
       1417.4374
       1953.9096
       2381.4803
       2210.4273
       2015.2022
       1599.7978
       1230.6881
       1387.5781
       1591.5089
       1510.7731
       1259.9549
       1392.4597
       1529.1169
       1134.7802
        770.7962
        927.6657
       1009.7515
        611.3014
        163.8717
        305.6921
        440.9478
        240.7387
         61.1496
        156.4569
        255.5080
        498.6005
        637.8327
        521.8551
        402.5341
          0.0000
          0.0000
          0.0000
          0.0000
        195.2730
       1095.8986
       1192.7324
       1318.5052
       1381.9241
       1525.7024
       1357.5518
       1352.1553
       1325.3314
       1791.6507
       1579.7994
       1385.6169
       1189.2160
       1014.9619
        964.4190
       1037.1569
       1194.7987
       1583.2812
       1581.9647
       1580.5740
       1492.7970
       1697.5316
       1740.9372
       1779.8998
       1390.6771
       1540.4507
       1587.6052
       1699.8518
       1501.2096
       1326.6577
        969.0173
        888.4467
       1231.8825
       1591.8042
       1649.7186
       1708.7152
       1718.6867
       1773.7097
       1576.4670
       1400.7476
       1340.9279
       1469.5366
       1450.0001
       1545.7643
       1565.7589
       1671.2579
       1364.1444
       1388.2792
       1266.1518
       1363.0079
       1361.5643
       1362.8847
        930.9838
        466.6055
        706.0919
        967.3187
       1294.0535
       1618.3814
       1467.9048
       1297.7241
        739.7800
        236.7896
        361.5593
        502.8962
        452.9657
        952.4602
       1039.3282
       1253.3109
       1277.6186
       1299.0048
       1176.8260
       1375.7000
       1592.8702
       1624.9096
       1656.4000
       1630.8046
       1429.5069
       1194.0524
       1198.2128
       1202.4195
        887.2597
        945.3830
       1160.4525
       1411.7918
       1274.7666
       1178.5087
       1059.5525
       1072.5900
       1211.8078
       1412.3156
       1198.6560
       1016.9641
        797.4095
        530.9509
        511.2116
        485.1354
        755.6444
       1440.9231
       1531.5167
       1865.7373
       1295.9251
        863.6401
        729.5678
        672.6917
        768.0263
        818.6640
        953.3257
       1032.7524
        901.6314
        752.9938
        663.6583
        629.4560
        570.0782
        524.3971
        545.4892
        570.6855
        360.6686
        167.4325
        225.5238
        281.2632
        536.5004
        704.0227
        784.0897
        847.2184
        937.3743
       1015.9882
       1114.1765
       1208.1799
       1458.9547
       1798.3257
       1856.5817
       1878.8672
       1673.3794
       1458.4203
       1543.9869
       1623.0645
       1140.7973
        669.6070
        686.0184
        781.3432
        546.4394
        357.6924
        342.3575
        401.4144
         68.2218
        225.9107
        285.2474
        340.0982
        451.2785
        557.7288
        726.2017
        895.3457
       1174.5312
       1362.8806
       1321.4054
       1281.3714
        906.3966
        767.1356
        755.4393
        895.8195
        882.5887
        921.2474
        812.3394
        769.8233
        604.1445
        503.5368
        515.6324
        527.2006
        875.7945
       1123.6011
       1207.2406
       1264.4405
        755.8335
        449.2800
        510.0098
        640.0296
        693.2857
        693.8648
        655.1318
        549.3103
        615.7401
        677.2654
        825.5112
        971.0112
       1299.3348
       1685.6471
       1672.3600
       1655.5828
       1523.2252
       1381.3506
       1412.6714
       1445.1615
       1393.7997
       1204.3598
       1048.9420
        897.8984
        275.6139
          0.0000
          0.0000
         68.6781
        300.4124
       1188.1083
       1224.0493
       1251.7337
       1121.7364
        985.6953
        967.7680
       1001.9201
       1136.5417
       1060.8195
       1039.5807
       1009.4412
        938.0819
        832.6674
       1023.5227
       1198.9783
        711.9281
        623.9958
        937.3349
       1245.8211
        778.1502
        258.6786
        106.9874
          0.0000
        732.1048
       1603.6937
       1482.7156
       1375.6535
        899.6659
        483.6912
        533.8142
        586.8267
       1168.4466
       1791.4314
       1895.7735
       1984.3482
       1388.2525
       1297.2280
       1064.6628
        884.6317
        862.7421
        874.3606
       1100.9816
       1355.1234
       1086.4320
        861.1339
        963.5202
       1045.4350
        728.6504
        423.3383
        392.6206
        393.0622
        317.1203
        233.9997
        315.4659
        392.8276
       1092.3873
       1660.5545
       1650.7398
       1578.0898
       1250.4196
        939.3380
        906.5676
        878.6261
       1038.6980
       1091.1506
       1269.3683
       1392.1098
       1035.1939
        751.2486
        656.1017
        550.9898
        830.4829
        758.0780
       1015.1582
       1222.3130
       1240.7807
       1187.9761
       1225.7981
       1259.5509
       1364.1693
       1314.4439
       1398.1167
       1436.5249
        877.3203
        561.4773
        694.2175
        801.5068
        534.0411
        639.9591
        689.2113
        726.1876
        578.2652
        416.0637
        358.2141
        315.8693
        804.5763
       1090.4672
       1199.3758
       1282.9664
       1048.1281
       1069.3725
        864.3087
        645.8724
        612.0161
        670.1339
        566.8675
        505.9027
        422.4370
        325.5802
        388.4721
        452.3522
        613.0947
       1105.4608
       1125.9576
       1163.2282
       1150.3428
       1129.0989
       1163.8504
       1189.0058
       1376.7178
       1806.5013
       1558.3137
       1541.2024
       1259.2550
        978.7263
        955.9249
        983.5941
        845.5246
        848.4691
        964.0566
       1225.3745
       1032.8517
        837.3748
        928.4918
       1121.9857
       1072.4144
       1115.1503
       1246.3192
       1546.9407
       1432.5625
       1388.3768
       1364.5701
       1389.7354
       1259.3588
       1132.4946
        810.5668
        558.7749
        294.4234
         82.7096
        182.7294
        402.9629
        496.3672
        614.2717
        545.0469
        491.5839
        342.6511
        271.9619
        276.6515
        372.5097
        591.0295
        549.1697
        618.0703
        687.1352
        732.7538
        771.6910
        822.9304
        850.2753
        944.3878
       1208.0739
       1203.0174
       1196.5549
       1290.4719
       1376.5043
       1205.4717
       1085.3777
       1034.4704
       1433.0492
       1398.4854
       1561.5968
       1430.5789
       1275.1738
       1325.4719
       1371.9130
       1463.1572
       1526.2689
       1467.1130
       1388.5411
       1081.0615
        823.4464
        803.7345
        782.3647
        836.4706
        801.6662
        826.4253
        853.2495
        849.3629
        842.2126
        775.5983
        706.1825
        713.5710
        528.5735
        495.3309
        448.1974
        411.9474
        407.4260
        487.8159
        624.6158
        716.5939
        859.1762
        790.6259
        799.1704
        582.7215
        400.1852
        471.4690
        601.6484
        945.2850
        913.1610
       1009.6093
       1088.9365
        833.2989
        471.3425
        580.2797
        661.9224
       1188.0018
       1759.0411
       1530.5963
       1309.0138
        953.3290
        689.7670
        651.1733
        615.0467
        493.4997
        554.4320
        668.5314
        786.5388
        583.9896
        377.4732
        467.8015
        557.6305
       1007.8175
       1467.3829
       1414.5282
       1319.7499
       1194.8678
       1064.1377
       1027.5668
       1042.1532
       1092.7102
       1150.4171
       1304.6230
       1463.2006
        935.2516
        352.3855
        460.7377
        568.0213
        717.3773
        817.1415
        701.4145
        555.4645
        201.2280
          0.0000
          0.0000
        132.3267
        535.4977
       1217.9185
       1267.4052
       1299.1413
       1189.0148
       1076.4721
       1094.1749
       1110.4454
       1324.3283
       1466.6471
       1516.0677
       1552.9000
       1433.8618
       1313.7279
       1270.3032
       1481.3167
       1042.5452
       1135.4114
       1189.0010
       1303.2380
       1355.9232
       1406.2745
       1199.0650
       1213.0528
       1100.4808
       1498.0441
       1511.8774
       1584.4274
       1529.5547
       1423.6638
       1115.6617
        955.3423
       1211.2792
       1680.8663
       1656.7332
       1695.7807
       1699.9036
       1689.2976
       1419.6501
       1404.3835
       1282.1743
       1375.8477
       1399.8054
       1425.2543
       1346.5406
       1259.0586
       1226.5079
       1194.4067
       1263.0952
       1669.7261
       1499.8471
       1570.6198
       1380.3150
       1196.1394
       1272.5653
       1346.6374
        878.9693
       1316.9846
       1195.5394
       1058.4453
        891.6421
        779.9664
        653.9178
        711.1238
        896.9483
        861.2810
        867.5309
        803.4436
        645.0564
        596.3045
        621.9557
        795.1233
        858.0037
        986.8569
       1242.8849
       1507.3081
       1483.5483
       1521.4252
       1182.2106
       1161.8986
       1078.1111
        857.8318
       1170.7221
       1428.4744
       1718.5100
       2077.5286
       1528.6725
       1095.2031
       1372.5857
       1647.4490
       1311.0457
       1061.8556
        750.2600
        452.1511
        464.7701
        477.6625
        582.3524
        844.8192
        854.1223
        985.8050
        925.6134
        808.7943
        705.5616
        605.9222
        575.1021
        100.0558
        103.7633
        114.6168
        336.4782
        584.8603
        281.4861
         32.3652
          0.0000
          0.0000
          0.0000
          0.0000
          0.0000
         38.4422
          2.8510
          0.0000
         35.1827
         40.9455
         68.7884
         88.1339
        258.5265
        366.7889
        238.6797
        103.7553
        118.8377
         93.9068
        164.4324
        214.6097
         67.4570
          0.0000
        112.4684
        191.8973
        343.0065
       1038.9652
       1192.3164
       1341.8871
        889.6464
        410.4691
        468.3553
        584.1989
       1162.0642
       1684.5563
       1581.4930
       1463.5975
       1164.2036
        822.7515
        649.8945
        496.8047
        517.9031
        562.1389
        436.4419
        458.4950
        578.6299
        697.6017
        571.0814
        470.0518
        993.2210
       1682.1906
       1525.9428
       1360.9906
        944.6425
        573.2671
        527.2387
        636.3605
       1368.9375
       2149.5191
       2020.7402
       1882.5786
       1557.7494
       1218.2280
       1187.5350
       1100.1403
       1132.5215
       1254.4908
       1198.4733
       1139.6817
       1030.3345
        898.2999
        834.1727
        784.8240
        815.8939
       1263.4647
       1310.0884
       1476.6941
       1377.6741
       1277.6411
       1081.7127
        918.6847
       1047.0604
       1009.6401
        911.3742
        751.5808
        748.2749
        708.0753
        565.3140
        423.3141
        704.5994
        949.9240
       1184.8504
       1407.8491
       1269.2716
       1183.4115
       1052.4708
        931.2087
       1084.3234
       1151.6506
       1090.7167
       1009.6597
        774.7302
        507.4093
        445.6176
        384.8018
        659.2421
        898.4757
       1124.8179
       1266.6883
        961.0262
        761.8723
        669.4492
        596.8602
        678.3004
        790.2568
        669.0147
        690.2161
        409.7345
        218.1710
        353.6374
        487.6677
        626.2103
        954.5401
        829.7787
        693.4483
        232.1348
          0.0000
          0.0000
         32.5854
          0.0000
          0.0000
          0.0000
         77.0951
          0.0000
          0.0000
          0.0000
          0.0000
        171.0435
        617.6662
        694.0043
        785.0964
        573.5267
        384.6440
        298.6772
        243.9060
        429.9667
        774.3374
        925.5512
       1077.6197
        972.0297
        863.7851
        689.0876
        598.9852
        746.1616
        933.2644
       1007.3012
       1266.3186
       1364.4347
       1513.4097
       1142.9869
        744.5695
       1094.1739
       1406.8067
       1414.4706
       1620.4168
       1352.2845
       1138.6297
        957.8713
        931.3940
       1018.0559
       1347.5378
       1332.4464
       1324.7138
       1374.6424
       1403.2613
       1365.7781
       1378.6085
       1112.9171
        742.0676
        957.5698
       1194.4388
       1262.0814
       1317.7505
       1254.4912
       1344.7664
       1188.0533
       1143.3925
       1246.7050
       1398.3807
       1324.7670
       1184.4809
        953.7246
        729.8590
       1075.9254
       1329.0251
       1297.0978
       1364.2762
       1097.5469
        793.9576
        728.7748
        641.2921
        691.1082
        742.4403
        820.5667
        864.9089
        807.4066
        860.9479
        698.5780
        637.8277
        859.8212
       1273.5183
       1277.3817
       1280.6974
       1205.7063
       1108.9528
        768.7528
        457.8201
        691.3624
        941.3705
        809.8239
        676.5211
        932.4435
       1213.8243
       1038.1984
        886.8118
        698.2539
        637.1889
        604.5959
        797.1606
        740.1750
        680.6688
        661.4441
        638.9568
        698.6605
        699.8840
        786.6090
        870.4329
        678.5838
        530.4830
        538.8770
        609.2446
       1103.5177
       1808.4176
       1832.4793
       1839.8615
       1569.1669
       1353.2136
       1169.1572
       1185.2033
        866.5930
        714.5165
        923.3779
       1107.8876
       1459.8087
       1735.9947
       1443.8919
       1144.4023
        946.2268
        749.9528
        720.7409
        874.3970
        863.1260
        855.5602
        854.8658
        783.7123
       1006.8380
       1203.7781
       1447.8733
       1702.9723
       1615.9525
       1548.1938
       1319.5732
       1326.8520
       1454.1847
       1778.3308
       1722.8387
       1729.4857
       1417.9973
       1129.5241
        964.1966
        874.0136
        981.4303
       1161.6348
       1206.4361
       1504.8446
       1497.0059
       1570.3701
       1382.6470
       1198.5159
       1276.7315
       1343.8455
       1467.9906
       1537.5362
       1654.8088
       1804.1974
       1614.1204
       1423.2496
       1368.6203
       1526.0842
       1734.4341
       1939.1281
       1518.5807
       1123.2193
       1046.7692
        953.0326
        933.5270
        815.2621
        844.1061
        868.5950
        671.5395
        571.0678
        461.8261
        432.1960
        760.7476
        960.8564
        710.8330
        449.0286
        363.6152
        280.2122
        261.7842
        248.2268
        699.8477
       1283.4524
       1236.5821
       1220.7730
       1113.6855
        944.6883
        732.4514
        514.6195
        266.4298
         24.6166
         43.8176
         87.5334
          9.2202
          7.8765
        186.3871
        371.0985
        476.0644
        944.9585
       1038.2282
       1119.9128
       1035.3191
       1066.9243
        998.1429
       1031.7500
       1063.4872
        852.1759
        962.0328
        933.4493
        425.0913
         15.8924
         17.1523
         17.5700
        272.9627
        426.1242
        651.2403
        860.3430
        439.2228
        107.9287
        147.6689
        209.5208
        305.3636
        395.8522
        602.4988
        833.8087
        781.4789
        805.1482
        753.6838
        788.3770
       1202.4748
       1431.3182
       1472.6419
       1488.0443
       1133.4558
       1096.1929
       1007.3762
        902.5314
       1151.9629
       1389.8668
       1438.5599
       1429.5210
       1317.9756
       1460.6522
       1208.6091
       1013.5277
       1213.8667
       1201.1735
       1140.6914
       1086.2604
        957.9997
        874.5308
        728.6604
        628.5013
       1017.7755
        811.0660
        704.9698
        575.6581
        524.2469
        506.4872
        538.9653
        617.5118
        935.8243
       1425.2415
       1429.3356
       1505.0879
       1486.9648
       1457.0824
       1458.0276
       1430.3809
       1227.6167
       1402.1469
       1321.7386
       1496.7807
       1575.3451
       1779.1208
       1789.7623
       1882.6422
       1239.4122
       1184.3476
       1495.7209
       1791.9544
       1933.3017
       2206.3146
       1860.1685
       1551.4249
       1658.7958
       1833.9634
       1905.7332
       2118.7941
       1896.9107
       1757.1571
       1667.7663
       1566.8114
       1342.4337
       1103.7356
       1280.6009
       1458.6625
       1481.6362
       1549.4495
       1503.5826
       1508.3507
       1205.9171
        796.5982
        811.0606
        818.1067
        845.1757
        932.9143
        867.3083
        754.3994
       1520.3003
       2252.1934
       2185.8227
       2216.2101
       1730.6935
       1286.9687
       1104.3612
       1092.9994
       1177.7995
       1310.2841
       1500.6895
       1634.1952
       1684.1552
       1815.1113
       1741.7886
       1715.5232
       1189.8900
       1513.5550
       1252.4696
       1382.3581
       1396.4038
       1404.2746
       1224.1990
       1291.6266
       1546.0401
       1518.5516
       1504.5575
       1465.1614
       1547.8177
       1630.2818
       1735.8642
       1832.2120
       1578.8910
       1724.3604
       1757.9985
       1864.5809
       2012.7653
       2158.1211
       1891.4306
       1653.5510
       1698.9675
       1980.1616
       2070.9149
       2237.6643
       2016.5413
       1902.8280
       1628.1709
       1401.0689
       1535.5032
       1656.7146
       1724.3607
       1778.1607
       1563.0092
       1291.0402
       1108.9338
        924.3484
       1046.3653
       1213.3920
       1276.2900
       1313.6042
       1180.6488
       1051.3085
        964.3885
        876.0683
       1692.9024
       2321.8252
       2031.7645
       1729.7754
       1559.9012
       1413.9081
       1127.9748
        879.9153
        578.7742
         56.3638
          0.0000
          0.0000
          0.0000
          0.0000
          0.0000
          0.0000
          0.0000
          0.0000
          0.0000
          0.0000
          0.0000
          0.0000
          0.0000
          0.0000
          0.0000
          0.0000
          0.0000
          0.0000
          0.0000
          0.0000
          0.0000
          0.0000
         25.7637
         67.7634
         19.2170
         59.9315
        395.6633
        434.3495
        770.5080
       1086.1706
       1477.8480
       1757.1761
       1814.1135
       1872.9591
       1497.6418
       1121.1811
        957.2237
       1073.9809
       1027.2650
       1166.4447
       1241.0303
       1292.0836
       1468.2706
       1588.9161
       1718.1070
       1957.3428
       1545.5247
       1305.4296
       1415.6251
       1536.1564
       1555.0345
       1684.8412
       1584.3653
       1651.2320
       1630.8434
       1710.4531
       1598.8972
       1631.7544
       1259.4137
        880.3851
        874.5865
       1087.3962
       1088.8041
       1451.2063
       1485.3829
       1586.0945
       1334.0359
       1133.6063
        965.7433
       1240.5789
       1123.6645
       1186.1334
       1547.4023
       1962.5510
       1968.5909
       2081.3663
       1675.1446
       1300.7883
       1693.1617
       2013.3780
       1764.0715
       1937.9735
       1755.6566
       1635.1053
       1311.3114
       1060.5514
       1024.7055
       1113.4635
       1090.4581
       1345.1608
       1313.8749
       1283.2207
       1453.3363
       1622.7049
       1056.8195
        685.3680
        905.9198
       1189.6181
        911.6157
        633.3155
        771.4783
        887.5146
        783.4217
        672.7273
        677.5561
        696.8887
        575.7725
        465.6599
        494.6494
        625.1585
       1019.5479
       1841.2928
       1778.6259
       1707.5429
       1491.4189
       1432.4009
       1228.5842
       1298.3917
        946.9526
       1422.0829
       1235.2734
       1282.2146
       1492.7320
       1934.0449
       1501.8018
       1400.0531
        935.0789
        686.8281
        524.6792
        391.3766
        307.0199
        279.0534
         42.4054
        191.7730
        469.1216
        365.3424
        248.3382
        100.0204
        266.5165
        356.3979
        495.4624
        631.9861
        755.7803
        451.4415
        516.1009
        562.6655
        367.3118
        225.7286
        497.0891
        765.0614
       1111.9527
       1408.3928
       1650.2834
       1904.5178
       1683.9618
       1502.4233
       1401.4584
       1599.8400
       1386.0282
       1111.3972
       1279.3725
       1425.9777
       1290.2047
       1099.1938
       1198.9177
       1289.4949
        806.0642
        306.2226
        538.1966
        755.6992
        690.3555
        742.4101
        815.7424
       1037.2877
        886.9765
       1017.5356
       1139.9408
       1310.9741
       1312.9886
       1309.5392
       1252.7236
       1363.6550
       1374.3244
       1082.0184
       1160.9646
       1187.2244
       1176.8172
       1216.2123
       1248.6212
       1306.4944
        868.2412
        986.9035
        883.2657
        997.7281
       1142.3132
       1385.3298
       1236.7683
       1056.5325
        695.2475
        329.4023
        276.3699
        500.0742
        761.2221
       1183.4693
       1237.2610
       1268.1674
       1448.8350
       1736.3835
       1674.9759
       1754.1586
       1890.1285
       2021.0773
       1666.8991
       1453.6834
       1483.6390
       1617.2891
       1456.0618
       1311.5190
       1167.9857
        991.4945
        878.2951
       1129.1510
       1212.5597
       1459.1319
       1245.9979
       1262.4210
       1132.9479
       1095.5724
       1287.6538
       1521.0325
       1100.4023
       1166.1434
       1293.0341
       1466.9378
       1429.3102
       1480.2457
       1227.2087
        963.7484
       1193.1812
       1430.8029
       1308.9176
       1170.3493
       1080.7978
        989.4207
       1083.7372
       1167.4225
       1431.6686
       1520.4002
       1637.7303
       1744.1991
       1239.0788
       1104.8484
       1049.2297
       1233.8834
       1193.3832
       1654.8735
       1354.0464
       1100.8668
       1137.0917
       1348.1339
       1322.1321
       1284.1595
       1425.0068
       1457.5140
       1338.3270
       1213.2056
       1206.1453
       1134.7602
       1070.7245
        998.1963
        887.9244
        852.3618
        906.7158
       1050.1066
       1445.6921
       1877.8674
       1492.7515
       1448.4549
       1216.4238
       1430.1795
       1415.1864
       1384.4807
       1494.3566
       1801.6490
       1660.4860
       1526.1682
       1496.5088
       1671.6287
       1589.5664
       1486.6545
        955.5565
        696.4989
        573.3958
        675.7255
        769.5332
        760.2439
        810.2068
        868.2966
        857.3125
        767.2764
       1103.7696
       1457.5702
       1812.2701
       2078.6340
       1948.9610
       1734.9355
       1467.9662
       1243.0344
       1213.5621
       1184.3006
       1233.5924
        628.2453
        434.7489
        226.7458
        265.2350
        443.4361
        283.5402
        519.0328
        452.2090
        807.2509
        747.7821
        719.3539
        711.9732
        713.7360
        627.5071
        711.6458
        761.5148
        776.1419
        813.5250
        835.7315
       1015.3279
       1179.1135
        991.2792
       1167.0896
       1056.5512
       1088.0733
        857.6493
        783.0092
        583.3412
        389.0224
        508.5655
        617.9730
        630.0206
        361.9523
        561.9281
        694.3150
        894.9932
       1141.3233
       1320.6015
       1826.4840
       1302.4319
       1989.7016
       2034.0023
       2050.6620
       2127.1122
       2398.3657
       1873.4315
       1453.5533
        890.5569
       1201.0569
       1192.1097
       1177.1634
        964.8905
        813.3293
       1052.6609
       1348.5194
        920.2309
        941.5798
        920.2023
        910.8158
        796.9701
        715.6272
        551.7926
        621.9978
        350.0398
        265.1721
        450.1344
        634.5903
        518.5965
        458.8077
        615.4754
        839.4143
        594.2894
        592.3057
        632.0013
        818.8552
       1040.0613
       1262.7921
       1344.8579
       1631.5135
       1313.1592
        957.0290
       1118.0410
       1307.8719
       1298.1891
       1493.8010
       1560.8964
       1614.4639
       1723.8238
       2215.7580
       2065.6372
       1899.5327
       1644.5112
       1326.7054
       1636.5885
       1948.8718
       1674.0444
       1426.2758
       1353.8741
       1557.4401
       1507.8712
       1429.3560
       1804.5558
       2162.4594
       1721.4336
       1181.0722
       1355.6930
       1499.9564
        908.7443
        295.4527
        598.8718
        925.3991
        970.3450
       1010.4351
       1232.8123
       1565.6442
       1575.7517
       1565.0316
       1157.8301
       1380.7751
       1287.0582
       1614.5445
       1549.7609
       1597.6579
       1291.6581
       1382.0550
       1256.7525
       1072.3550
       1048.5802
       1790.2235
       1557.2672
       1302.5995
        623.0075
         72.1629
        347.0280
        711.3956
        884.0815
       1030.5122
       1031.7013
       1039.5514
        321.4895
        120.3622
        280.7151
        432.4453
        542.2275
        951.5596
        996.5947
       1142.6115
        780.2994
        402.5309
        120.2781
        464.5738
        850.4798
       1127.5923
       1142.7932
       1190.9363
        953.0488
        963.8248
        798.3352
       1047.9369
       1191.8321
       1280.0412
       1279.2887
       1333.9959
       1171.6001
        876.2768
       1116.6291
       1357.0044
       1388.9648
       1387.9468
       1172.7317
       1260.9424
       1330.6118
       1591.7860
       1517.8582
       1491.8365
       1305.4877
       1505.7404
       1450.6125
       1392.1110
       1225.9095
        949.4123
       1231.1955
       1512.7490
       1726.9565
       1844.5693
       1773.9103
       1696.8215
       1374.6581
       1107.7562
       1320.2970
       1504.9322
       1616.4480
       1731.9727
       1751.7625
       1758.1670
       1876.1672
       2128.7840
       1915.0023
       1733.2670
       1592.2443
       1405.9482
       1438.5913
       1457.9105
       1479.9508
       1497.8267
       1590.5854
       1684.5390
       1509.9401
       1259.6251
       1191.6532
       1084.3122
       1196.4480
       1255.7563
       1105.3041
        890.1193
        878.2784
        880.6549
       1005.2337
       1132.6472
        856.4878
        699.4800
        904.1952
       1108.3643
       1096.0313
       1091.8265
       1174.9174
       1225.0075
       1151.1903
       1123.5958
       1269.0724
       1469.1004
       1235.0764
        935.2040
        980.7309
       1035.2056
        724.7394
        384.8078
        497.0836
        647.7772
        964.8844
       1508.1909
       1201.3083
       1010.1277
        914.9625
        881.0534
       1045.9454
       1211.8238
       1147.5186
        883.8484
        959.3837
       1032.1515
        953.2450
        866.9956
       1213.3901
       1503.6829
       1908.3279
       2117.1144
       2001.2926
       1830.9191
       1650.8545
       1494.9564
       1723.6589
       1943.6185
       2384.1931
       2228.0336
       2117.0157
       1972.2327
       1848.7074
       1692.9200
       1821.1716
       1893.5558
       1874.5612
       2123.7093
       1845.4964
       1628.4120
       1507.6217
       1387.6693
       1472.9987
       1557.6018
       1486.4737
       1141.9898
        996.0192
        824.7249
        718.4464
        490.9214
        728.4460
        961.9971
       1021.7065
        719.4365
        652.3878
        586.2604
        529.8361
        360.7341
        894.3979
       1439.8610
       1431.8547
       1487.0165
       1602.4006
       1795.6446
       1762.2591
       1715.8882
       1843.4221
       2140.6921
       1936.0366
       1687.2856
       1575.8459
       1534.7964
       1855.2836
       2196.6114
       2067.2427
       2185.6422
       1810.3880
       1418.3599
       1544.4407
       1657.9431
       1265.1845
        917.3472
       1266.3335
       1720.3932
       1501.0772
       1279.6535
       1009.4227
        776.7845
        961.5701
       1105.7140
        977.8782
       1166.7217
       1711.1468
       2139.7622
       2174.1166
       2158.2599
       1878.8550
       1598.2331
       1799.4804
       2001.5714
       2352.8890
       2256.3855
       2157.6287
       1996.3599
       1806.4326
       1563.2489
       1752.4343
       1951.0714
       2010.8582
       1476.1214
       1543.0056
       1583.4343
       1608.6077
       1512.8428
       1778.8615
       2006.8403
       1393.2740
        756.7879
        698.2452
        533.5930
        317.7072
         47.9923
        391.3867
        806.0516
       1581.3687
       2266.4870
       2058.3498
       1718.1784
       1517.9499
       1309.4068
       1537.6068
       1764.4807
       1585.8443
       1493.4805
       1298.2179
       1367.1864
       1695.8128
       2005.8709
       2267.9432
       2492.5978
       2281.1469
       2286.1102
       2276.3965
       2216.2188
       1582.8786
        967.0703
       1164.4770
       1448.5778
        897.8383
        302.7173
        174.0817
        279.5874
        562.1927
        884.2834
       1025.4748
       1165.7903
       1793.9728
       2738.0934
       2561.5799
       2298.4599
       1919.3306
       1643.2305
       1616.9622
       1687.1805
       1343.0570
        925.6809
        740.0892
        565.6379
        323.5313
        125.1320
        215.9575
        303.4771
        749.8279
        912.4730
       1061.9904
       1203.4370
       1109.6406
        967.8816
       1227.6434
       1485.5444
       1242.1087
        823.1359
       1098.0608
       1288.6347
        784.7775
        301.8891
        484.4591
        675.6770
       1113.5343
       1404.9508
       1291.5191
       1138.1138
       1290.1553
       1441.1930
       1736.5101
       2048.5943
       2165.7204
       2203.2429
       2121.6765
       1974.4459
       1469.8088
       1027.3634
       1101.0269
       1165.9182
       1175.4866
       1078.7016
       1111.6412
       1135.8693
       1103.1637
       1102.0003
       1241.4837
       1443.6314
       1892.4787
       2544.8510
       2454.4740
       2300.3094
       2157.3429
       2015.5819
       1487.2161
       1286.9181
        727.4299
        757.4578
        699.6249
        647.6688
        510.3738
        356.9912
        525.4780
        689.4146
       1215.9440
       2004.4693
       1873.6583
       1807.4611
       1720.9886
       1647.1436
       1821.7641
       2011.3837
       2027.7457
       1935.4115
       1614.5280
       1298.7251
       1225.8227
       1149.8568
       1296.0605
       1440.5786
       1739.7652
       1834.2501
       1969.2489
       2016.2158
       1906.8816
       1798.5409
       1734.9026
       1655.7594
       1846.2730
       1715.5507
       1817.5164
       1883.8560
       1676.1232
       1473.0545
       1624.6665
       1706.5815
       1047.4694
        494.7593
        519.6969
        537.4646
        420.3610
        311.5769
        418.7927
        530.0249
        639.2255
        499.2681
        468.8168
        502.4002
        701.3092
        825.8666
       1060.7162
       1353.5095
       1199.2814
        617.2245
        525.0614
        390.6345
        720.1058
        937.8518
       1182.0858
       1428.6591
       1588.2394
       1410.7099
       1408.9543
       1350.4927
       1459.0834
       1476.5004
       1845.3442
       2207.4548
       2397.5656
       2617.0055
       2212.7108
       1843.4085
       1534.1004
       1234.1561
       1296.0131
       1326.2323
       1431.6742
       1520.2365
       1429.4419
       1392.3870
       1386.7521
       1379.2676
       1670.7206
       1959.8026
       2254.1687
       2518.5162
       2492.7671
       2454.6301
       2314.5173
       2235.9895
       2312.1924
       2388.0060
       2340.9245
       1976.5055
       2083.1418
       2079.4284
       1650.1584
       1147.1732
       1366.7303
       1537.4005
       1280.0784
       1281.6420
       1409.9893
       1827.6216
       1675.0514
       1524.0419
       1662.2475
       1797.4726
       2181.7678
       2443.1549
       2232.7233
       1983.8391
       1926.4633
       1861.8776
       1887.8065
       1878.0233
       2007.8667
       2135.7046
       1686.9853
       1276.4971
        894.6120
        486.2847
        611.0287
        734.6514
        941.8847
        684.0579
        714.3554
        753.4375
       1003.9516
       1183.3268
       1423.8512
       1705.0424
       1799.2056
       1620.6907
       1695.8235
       1732.1056
       1920.4111
       2016.2594
       2085.8383
       2130.1949
       1550.1625
        978.7130
       1017.4724
       1048.9022
        808.6618
        852.1775
        822.1141
        781.5273
        414.0919
        155.2008
        195.0438
        226.7058
        121.3035
         45.1620
        202.7501
        403.3773
        667.3723
        833.6858
        917.3835
       1083.6718
       1162.1112
       1236.8510
       1205.7312
       1214.4648
       1259.2166
       1633.6599
       1761.3858
       1884.2519
       1837.2760
       1786.4415
       1807.9399
       1868.0786
       1361.3650
        870.9449
        800.8742
        744.3790
        569.7658
        374.7383
        576.7639
        778.5474
       1333.9576
       2078.6320
       1967.3159
       1977.9806
        830.5468
        459.7274
        314.9085
        335.0636
        780.1286
       1136.7964
       1118.2952
       1093.4238
        706.7603
        292.3062
        558.7291
        821.7959
       1257.5934
       1636.8149
       1722.5227
       1764.8380
       2151.0401
       2622.4694
       2481.6653
       2345.4201
       1771.4807
       1352.0594
       1239.0260
       1172.9017
       1233.2434
       1446.2979
       1106.5133
       1301.0400
       1251.0409
       1155.0847
       1229.5488
       1295.9702
        992.3083
       1095.4471
        887.1369
       1053.4702
       1013.2430
        794.0974
        754.5779
        795.1626
        906.7056
        929.7889
       1024.0581
       1129.5246
       1266.9878
       1375.3668
       1546.5306
       1698.2883
       1737.2858
       1744.0291
       1459.6820
       1177.8721
       1671.4913
       2111.7244
       2179.5652
       2225.0992
       2385.5388
       2608.9786
       2340.4643
       1974.3174
       1852.2588
       1969.9971
       1989.6914
       2241.4147
       2006.8229
       1770.3093
       1540.7311
       1418.2126
       1597.9171
       1751.5554
       1459.1686
       1187.2722
       1236.9321
       1279.2746
       1296.4003
       1293.7897
       1182.2858
       1068.0384
        951.9205
        832.7762
        785.5990
        938.8265
        778.2030
        866.2259
       1235.6578
       1625.4175
       1526.6077
       1391.4398
       1238.1060
       1076.1928
       1109.8584
       1143.9665
       1161.5433
       1206.5818
       1266.9759
       1496.5425
       1409.6022
       1301.7440
       1318.4250
       1332.9258
       1075.7801
        692.6716
        831.2534
        943.8221
       1236.9676
       1887.4476
       1532.0969
       1566.7083
       1133.4362
        910.1580
        951.3707
       1020.0459
        886.8515
        791.3700
        921.9137
       1142.7384
       1151.9793
       1045.4394
       1035.8398
        982.0547
        999.3808
       1019.2242
        936.6193
        891.6099
       1051.3885
       1283.0412
       1283.0412
        848.2083
        848.2083
        883.5938
        998.7371
       1066.5318
        992.7298
        858.4903
        684.2569
        456.1980
        484.1815
        502.4422
        605.6129
        707.8301
        831.6513
       1097.1246
       1179.6155
       1435.6935
       1000.4242
        852.9661
        705.0602
        847.5549
       1062.9266
       1113.3717
       1125.8848
       1132.2156
       1300.7672
       1446.3280
       1692.1255
       1930.5536
       1428.6730
       1205.5977
       1144.1171
       1339.0786
       1548.0537
       1750.6847
       1422.7834
       1355.6447
        861.9598
        335.9156
        218.1342
        125.9491
        284.5040
        487.2215
        457.2908
        426.5812
        841.3366
       1298.0502
       1074.2517
        902.9050
        866.3701
        831.5329
        861.5286
        895.7206
       1178.8557
       1283.6784
       1369.6550
       1423.8897
       1115.7847
        858.0065
        906.2187
        893.0346
       1148.8953
       1564.2328
       1433.9442
       1464.2381
       1498.6643
       1722.3545
       1289.8399
        901.0131
        689.0178
        574.5523
        629.8249
        825.8356
        860.1202
        924.4394
        803.2627
        737.5171
        858.4576
        993.8739
        948.0875
        909.8710
        982.2646
       1077.0955
       1055.7505
       1000.7817
        458.9950
          0.0000
          0.0000
          0.0000
        226.6574
        528.7696
        532.4346
        526.4850
        915.4951
       1087.6884
        972.7550
        746.0658
        660.1227
        557.4205
        594.9646
        629.9074
       1035.2854
       1361.0706
       1320.4962
       1166.2554
        915.8747
        698.2466
        737.5514
        851.7638
        687.6639
        510.5587
        438.7519
        354.8939
        445.7246
        505.3819
        628.1152
        746.5571
        951.2760
       1033.3633
       1006.6280
        979.2390
       1082.8038
       1314.5061
       1201.5623
       1225.0798
       1121.5451
        955.6062
        900.8704
        807.3974
        681.6426
        531.6485
        534.5301
        534.1943
        602.9116
        636.0677
        457.6222
        255.6373
        208.4986
        154.6025
        378.9910
        627.6317
        539.7594
        939.8416
        811.0530
        829.0394
        686.4401
        542.9535
        571.9602
        747.9959
        893.0024
       1015.0283
        785.7346
        519.9354
        475.2484
        417.0488
        556.5024
        693.9610
        849.4547
        848.2861
        948.3544
       1009.6063
        825.7650
        586.6663
        664.2437
        740.0594
       1083.0383
       1264.2270
       1158.0858
       1002.1353
        888.5973
        865.5879
        896.5915
       1050.9763
       1379.0276
       1465.2576
       1669.4998
       1786.8424
       1267.5490
        686.4239
        735.2623
        778.5991
        430.1613
         80.8185
          1.9763
          0.0000
         25.1479
        226.7207
        345.0282
        447.7916
        218.8316
        181.8267
        118.6214
          0.0000
          0.0000
          0.0000
          0.0000
         23.3718
        444.7601
       1302.3940
       1063.3835
        823.9623
        796.1309
        793.3811
        772.4379
        741.7614
        889.6657
       1035.4567
        740.9950
        449.4308
        254.9866
         78.6389
        156.7655
        231.8497
        601.1771
        731.2756
        688.7343
        645.4090
        888.0520
       1087.3348
       1146.2377
       1199.6862
       1523.8970
       1923.2826
       1947.3326
       1955.0648
       1508.9317
       1132.5946
       1173.1450
       1210.9833
       1463.2443
       1694.2822
       1555.1718
       1375.8061
       1488.3538
       1603.7343
       1318.5988
       1350.5701
       1542.2941
       1673.7963
       1899.6207
       2075.9881
       1847.5490
       1664.9190
       1461.0350
       1501.7630
       1051.3556
        566.6262
        890.0433
       1213.6348
       1263.6027
       1357.5602
       1201.6428
       1090.2059
        584.0336
        107.3409
         24.8740
         47.6796
         95.8125
        211.4501
        272.1747
        404.2080
        252.6371
        231.9575
         81.0753
         28.2169
          0.0000
          0.0000
          0.0000
          0.0000
        272.2768
        508.1049
        593.4339
        643.0807
        610.2505
        561.4227
        657.3706
        743.1901
       1354.1151
       2111.4923
       2047.4583
       1944.3207
       1482.4073
       1120.2914
        777.8513
        453.4084
        613.0319
        534.7840
        560.9789
        544.8350
        332.6352
        117.8125
          0.0000
          0.0000
          0.0000
          0.2754
        145.6343
        230.8440
        359.4174
        470.6694
        568.3726
        667.4400
        626.5854
        252.4258
        368.8865
        418.4375
        676.6578
        927.9504
        975.7928
       1008.7286
       1359.2039
       1721.7731
       1989.9374
       2094.8213
       1856.3024
       1571.7845
       1472.4954
       1434.8219
       1231.5834
        942.5623
        956.8985
        926.5063
        732.0918
        501.6562
        610.6109
        710.4182
        962.9516
        844.4969
        882.8783
        949.6774
       1302.5302
       1678.1348
       1756.0792
       1939.7608
       1606.3047
       1300.4336
       1373.6711
       1535.1642
       1596.3046
       1658.5717
       1700.8802
       1825.5272
       1581.7684
       1300.8874
       1207.6973
       1119.1119
        995.2418
        875.1535
       1009.9057
       1205.2735
       1883.2666
       2432.0891
       2294.3085
       2150.0801
       1976.7001
       1728.6712
       1555.4303
       1347.0369
       1585.5206
       1788.7606
       1855.3086
       1912.3197
       1726.3181
       1532.5021
       1625.1561
       1700.5276
       1500.1712
       1819.5623
       1942.1014
       2303.2458
       2129.7096
       2127.5730
       1739.5632
       1373.4825
       1296.8195
       1170.1153
       1268.4356
       1364.8317
       1211.1746
       1046.7253
       1062.8188
       1134.1084
        696.2393
        254.1227
        244.5338
        188.6077
        294.6823
        539.7045
        483.0741
        496.2128
        335.3047
        424.0603
        213.7657
         11.7565
        108.0459
        299.5543
        392.4288
        581.3607
       1118.8688
       1339.0672
       1396.4945
       1401.8651
       1234.6824
       1042.6894
        990.1693
        933.0820
       1370.9638
       1396.6182
       1503.4424
       1383.8832
       1223.9909
        897.8470
        898.7459
        898.1199
       1404.2738
       2070.2757
       1787.9815
       1488.1469
       1183.9512
        826.3472
        888.4952
        942.6871
        564.8225
        176.9960
        260.4911
        331.3786
        182.5797
          0.0000
         62.6864
        141.1628
        353.2777
        522.9692
        614.6353
        806.3345
       1194.7109
       1531.9739
       1580.4374
       1563.4536
       1632.9640
       1744.2916
       1360.1095
       1262.5492
        946.7774
        811.2144
        727.0516
        642.4532
       1266.8064
       1923.6082
       2083.9705
       2302.4218
       1860.7694
       1422.9681
       1372.2557
       1264.7731
       1445.1311
       1461.4918
       1323.5182
       1207.6540
        926.3162
        545.4256
        630.4487
        687.9381
       1148.5259
       1335.7491
       1206.8697
       1140.5342
       1250.9423
       1373.3748
       1492.8444
       1596.2468
       2313.9999
       2909.6287
       2704.1139
       2389.4640
       1880.9645
       1444.1375
       1487.5749
       1567.2810
       1722.2497
       1877.2303
       1596.6507
       1327.6725
       1111.3600
        831.1359
        956.1094
       1077.7797
       1428.3644
       1781.6880
       1541.6378
       1310.1382
       1245.8235
       1123.9628
       1172.6562
       1223.2758
       1265.1926
       1686.0338
       1346.5755
       1133.2171
       1093.4580
       1051.7374
       1134.2182
       1215.8783
       1119.3806
       1025.9705
        920.5062
        812.9210
        712.3198
        621.2291
        692.2636
        762.4008
        658.2272
        460.3156
        562.1723
        669.7433
        727.8017
        752.8651
        751.5269
        674.9372
        367.7358
         43.5176
          0.0000
          0.0000
          0.0000
          0.0000
          0.0000
        143.0751
        673.5801
       1733.3442
       1674.0454
       1739.2748
       1564.5631
       1527.0694
       1387.2233
       1241.4618
       1418.2192
       1726.8666
       1773.5937
       1805.1865
       1585.5188
       1341.2758
       1243.7238
       1134.0344
       1177.3514
       1397.1698
       1223.5557
       1185.2060
       1315.0874
       1470.4286
       1306.3302
       1148.0430
       1729.8722
       2251.3804
       1876.0989
       1550.3571
       1125.0489
        706.4320
        368.5184
         47.5182
          1.1286
          0.0000
          0.0000
          0.0000
         28.0937
         49.2197
         88.5838
        120.1452
        700.5869
       1114.2335
       1335.9984
       1432.9572
       1432.2454
       1373.3555
       1322.0356
       1252.8006
       1107.0683
        884.7318
        942.2205
        943.3497
        782.3912
        618.4571
        622.2316
        567.7756
        864.2540
       1192.2525
        953.5914
        644.5102
        526.8172
        358.8558
        436.3281
        513.4015
        811.6295
       1043.0261
       1090.9941
       1129.1910
        843.0036
        745.5413
        690.8748
        615.0600
        708.8249
        935.7714
        729.8572
        562.9600
        471.9244
        374.8178
        371.8296
        365.5405
        523.2461
        654.8428
        550.2034
        337.8415
        302.7746
        288.6702
        354.0260
        407.1959
       1026.1613
       1577.9813
       1582.3049
       1584.3827
       1399.4830
       1206.3654
       1198.4605
       1114.7352
        861.0849
        580.9897
        544.8702
        510.9126
        260.0486
         14.8156
        156.4693
        307.2291
        163.2382
         14.9661
          0.0000
          0.0000
          0.0000
        140.0882
        102.9811
         13.2947
        457.3268
        731.6351
        738.1146
        742.9586
        720.7427
        663.3452
        868.1093
       1069.0745
       1410.8530
       1627.7134
       1510.0197
       1314.9327
       1037.6544
        714.9888
        754.9123
        777.7520
        735.6564
        881.2823
       1074.2590
       1305.2428
        696.5181
        233.4504
        277.5606
        354.9144
       1032.4635
       1615.2318
       1477.4485
       1298.6560
        973.6326
        628.1120
        515.0905
        400.9664
        995.9557
       1314.8466
       1241.4444
       1187.9071
       1199.9886
       1246.3174
       1343.8203
       1419.3780
       1209.8670
       1544.7572
       1564.1898
       1589.9660
       1272.7076
       1143.2049
        818.9060
        771.7065
       1361.8513
       2277.3222
       2387.8981
       2407.6622
       2154.0623
       1823.2686
       1517.0431
       1340.2555
        889.6939
        441.7960
        650.9041
        867.2696
        890.0313
        876.0063
       1001.0057
       1122.2414
        951.1681
        983.0255
       1114.0449
       1246.2541
       1036.1063
        884.2826
        741.4424
        738.7703
       1092.6528
       1472.2638
       1331.1942
       1189.5105
        901.9999
        563.1922
        750.4865
        929.7579
       1119.8970
       1234.0427
       1116.3148
        900.8798
        826.5948
        747.5951
        748.8150
        741.3009
       1139.2703
       1444.1306
       1173.4582
        979.8641
        913.7265
        828.0844
        702.7167
        574.1736
       1220.3515
       1656.4265
       1809.3101
       1843.5329
       1861.4102
       1850.7385
       1767.6747
       1682.5132
       2170.5871
       2467.1769
       2009.9395
       1480.8455
       1346.2785
       1204.8087
       1062.9969
        981.2321
        815.1634
        269.0103
        219.4951
        147.5014
        373.7270
        517.0786
        772.7302
       1040.5139
       1310.2267
       1305.7709
       1222.5539
       1122.4710
       1256.9722
       1308.1661
       1358.3739
       1382.4225
       1373.6634
       1142.3657
       1232.0110
       1278.3608
       1743.0440
       2160.9940
       2220.8840
       2277.1421
       2091.2804
       1778.0422
       1836.0175
       1811.0945
       1472.8382
       1139.8458
       1205.3900
       1219.1117
       1446.4289
       1635.3074
       1861.7684
       2027.1459
       1613.6400
       1214.0429
       1272.4006
       1276.6582
       1389.1216
       1559.1616
       1386.8602
       1212.2152
       1181.7076
       1205.2288
       1128.4450
       1049.3635
       1005.5413
        755.5983
        880.6014
        964.2183
        824.5888
        646.9433
        704.1749
        757.3278
       1351.5232
       2018.4071
       2038.3036
       2039.1978
       1755.2645
       1467.1864
       1157.4864
        861.8101
        845.0041
        882.6388
        935.1482
       1028.7425
       1061.6079
       1038.6616
        893.8367
        752.9634
        703.3662
        474.9175
        385.1024
        306.0926
        133.3644
          0.0000
        104.0067
        260.1141
        820.8543
       1462.0715
       1561.6230
       1586.8778
       1152.6480
        783.8041
        748.2286
        712.0850
        923.4572
       1180.8159
       1239.8974
       1367.9359
       1247.8189
       1106.9801
       1105.3094
       1039.2017
        923.2450
        772.6828
        780.1277
        778.6720
        566.1424
        340.4274
        420.6702
        507.7306
        709.1260
        884.6174
        868.5462
        847.0037
        798.2889
        750.5780
        931.5538
       1112.5434
       1154.0104
       1148.1655
       1080.5243
       1056.6276
       1159.2896
       1260.6775
       1359.3070
       1455.7885
       1913.6219
       2409.1218
       2168.1812
       1914.3834
       1721.6349
       1529.1915
       1582.4678
       1633.0643
       1633.5227
       1537.0981
       1683.4984
       1748.9451
       1234.4980
        781.4496
       1084.3076
       1332.3186
       1412.4506
       1427.2749
       1544.4829
       1634.6237
       1266.2259
        957.9163
        963.8535
        970.7569
       1216.0870
       1416.0205
       1494.3988
       1543.1128
       1485.8180
       1429.2266
       1227.5353
       1071.3286
       1298.7176
       1792.5158
       1523.9697
       1307.7709
       1588.8605
       1911.6619
       1386.5688
       1048.1282
        939.7843
       1092.6256
       1218.5825
       1524.3146
       1272.6305
       1017.5345
        960.3609
        855.9069
        821.8206
        738.1482
        789.4353
        829.8817
        982.3670
       1141.4716
       1225.5625
       1307.5969
       1564.6294
       1801.0619
       1662.3014
       1518.1033
       1207.2323
        907.8489
        899.8080
        806.2954
       1096.8300
       1525.1807
       1618.5481
       1706.5901
       1545.9619
       1343.0204
       1143.9610
       1084.6931
       1214.3760
       1328.2313
       1219.6001
       1134.3056
        939.9498
        797.4765
        613.3590
        433.6637
        790.4367
       1109.5149
        871.7248
        704.9990
        434.0536
        358.9347
        223.6232
        266.9983
        810.5843
       1278.9102
       1298.7979
       1301.9183
       1149.1410
        974.3876
        910.9735
        796.2880
        684.3362
        513.4731
        575.0175
        640.9026
        654.2049
        658.5246
        760.9032
        860.4487
       1191.6333
       1464.1208
       1314.4342
       1062.7118
        812.5892
        484.2696
        476.2756
        483.3780
       1066.8818
       1507.6041
       1081.9553
        712.2238
        424.1082
        216.9412
        261.0928
        374.3565
        868.9643
       1168.3715
       1143.6380
       1093.0188
        934.8690
        683.1602
        689.9276
        677.4353
        742.3152
        769.6671
        813.2369
        866.9169
        931.5320
        965.9117
        846.1503
        697.6366
        384.7656
         62.8211
         92.2252
        128.4442
         44.2369
          0.0000
         39.1403
        146.9880
        292.2713
        448.8099
        611.7035
        775.1461
        573.8250
        366.2038
        379.0103
        396.5468
       1056.1739
       1887.8924
       1609.4402
       1319.0442
       1288.8064
       1256.1401
        882.8201
        766.4668
        964.2889
       1448.6844
       1270.5125
       1065.3636
       1148.2451
       1227.0795
       1170.3536
       1106.3619
        801.4115
        522.4434
        544.4673
        573.0536
        569.7596
        556.1303
        501.4268
        451.4527
       1060.6752
       1872.1873
       1534.6821
       1249.4389
       1163.4649
       1074.8043
       1195.5857
       1316.2921
       1627.2743
       1756.9152
       1655.6646
       1497.9675
       1374.0046
       1247.3343
       1278.9965
       1283.7153
       1967.9110
       2493.0085
       2339.2604
       2227.1107
       1662.6210
       1444.8413
       1085.0957
        789.6120
        720.9493
        938.0638
       1075.7941
       1212.9135
       1244.6688
       1257.1520
       1324.6444
       1390.9799
       1845.7300
       2202.1825
       1930.3977
       1566.5903
       1414.6767
       1262.9310
       1321.5895
       1369.8183
       1150.3571
        916.7585
       1068.7388
       1223.4655
        906.4196
        563.3707
        797.5684
       1121.5646
       1735.4346
       2281.7724
       2342.1055
       2424.2526
       2134.0451
       1833.3263
       1687.8137
       1557.8217
       1808.9730
       1990.9260
       2104.6686
       2213.4259
       1902.4436
       1568.7474
       1264.1456
       1002.0297
       1003.4078
       1053.3181
        987.3213
        926.8018
        825.1476
        677.8135
        579.5397
        493.9209
        949.0740
       1336.0770
       1261.3753
       1171.0589
       1249.5739
       1317.1953
       1425.7110
       1527.4471
       1940.1853
       2233.9933
       2335.4171
       2417.9787
       1201.2192
        671.2805
        343.3352
        588.3117
        922.9101
       1022.4931
       1022.1847
        987.7823
        891.1003
        809.7431
        826.1862
        947.9229
       1236.7549
       1445.6287
       1420.1289
       1384.1553
       1166.6050
        993.2989
        999.4733
        995.4942
       1659.3509
       2329.9195
       2350.6363
       2384.0332
       2009.9526
       1742.6818
       1594.1884
       1543.7332
       1480.2684
       1621.3592
       1521.8366
       1447.5456
       1360.5357
       1273.8284
       1183.5029
       1117.6543
       1003.8377
        799.7432
        927.6298
       1041.6176
        968.7812
        835.3225
        849.9924
        860.7814
       1400.4673
       1773.6468
       1772.7918
       1725.2461
       1724.0833
       1689.3078
       1564.6181
       1433.8415
       1870.8409
       2089.3927
       1790.0516
       1492.2548
       1217.5955
       1013.5035
        905.2388
        801.8263
       1194.0026
       1653.4137
       1591.3882
       1529.0879
       1316.2666
       1102.1602
       1188.6324
       1269.2552
       1970.5321
       2563.8510
       2353.5290
       2075.0263
       1804.0189
       1520.0744
       1522.2158
       1527.2249
       2120.7931
       2469.3540
       2339.3217
       2067.2050
       1889.8218
       1709.1808
       1490.5969
       1260.1709
       1757.5990
       2172.3086
       1998.4929
       1747.7163
       1480.4123
       1324.4560
       1126.8908
        974.3592
       1270.2146
       1698.3910
       1559.9979
       1436.9222
       1298.8766
       1151.4693
       1330.7455
       1510.7331
       2096.2743
       2478.8763
       2269.3339
       1955.7079
       1491.1626
       1207.2540
       1051.2126
       1018.0782
       1463.6507
       1796.0458
       1881.8436
       1890.8121
       1622.5521
       1369.6772
       1346.3342
       1301.7762
       1846.3173
       2331.3195
       2256.0579
       2126.1523
       1666.7381
       1247.7328
       1130.4852
        910.5366
        825.6149
        846.1429
       1032.4247
       1298.3732
       1319.0391
       1330.6467
       1265.5172
       1243.3673
       1074.1703
        885.7142
       1033.8150
       1176.1469
        678.9909
        221.4243
        399.5809
        577.0016
        954.2349
       1087.3916
       1134.4116
       1164.6209
       1114.2202
       1108.2076
       1047.4261
        940.8140
       1292.4093
       1691.0649
       1528.1203
       1372.4285
       1252.2717
       1190.5123
       1322.0646
       1391.8725
       1489.8816
       1479.8929
       1551.2955
       1613.9662
       1276.1359
       1122.2566
        801.1190
        716.5767
        960.5383
       1072.0911
       1006.5339
        938.4158
        930.6103
       1204.6716
       1014.8767
        992.7739
       1311.7840
       1484.0167
       1368.8200
       1249.6479
       1367.6331
       1430.7608
       1485.8090
       1525.9582
       1645.2991
       1722.2889
       1558.9614
       1365.5722
       1280.9496
       1191.7522
       1104.8623
       1019.2265
       1383.1596
       1698.1581
       1699.3599
       1693.1115
       1474.9343
       1255.6029
       1063.6984
        932.9026
       1751.3941
       2597.8368
       2599.3013
       2562.4806
       2051.4508
       1506.0745
       1276.3201
       1040.5280
       1330.6075
       1106.6398
       1112.6606
       1069.8250
        962.2163
        896.6476
        768.8330
        643.2018
        946.4150
        956.8021
       1233.3604
       1401.7744
       1346.0063
       1275.5346
       1422.4457
       1554.0189
       1583.6519
       1611.2695
       1462.5315
       1309.3967
       1055.2659
        782.6706
        884.1168
        984.2149
       1331.4528
       1717.2814
       1789.4689
       1895.4281
       1349.4347
       1201.8064
        844.8545
        512.4383
        741.9022
       1672.9231
       1576.3962
       1470.8130
       1515.3937
       1552.6513
       1229.4909
        882.0386
        739.7941
        588.8295
        667.2824
        742.8092
        701.0489
        656.0349
        718.0968
        782.6951
       1209.2451
       1633.5012
       1580.7050
       1527.6806
       1121.5341
        929.4049
        764.7719
        598.1562
        612.6505
        634.1973
        565.6940
        501.1012
        583.3717
        713.5731
        546.9388
        379.7287
        904.8122
       1132.0938
        823.8840
        503.0015
        680.4233
        835.8336
        655.3752
        489.4092
        325.2067
         66.1906
          0.0000
          0.0000
          0.0000
         76.3422
          0.0000
          0.0000
        173.4461
        755.7619
        937.8389
        973.7526
       1059.4884
       1227.7305
        915.1782
        614.0446
        789.9050
        843.8491
        899.2266
        950.7889
        874.3298
        799.5029
        804.2410
        807.7561
       1050.4729
       1216.2799
       1006.6514
        764.3926
        888.2578
        995.8484
       1070.5920
       1148.9164
       1312.4851
       1453.1916
       1335.9175
       1213.9678
        994.7155
        744.2147
        848.9031
        947.3437
       1353.9988
       1743.9309
       1522.1164
       1280.4032
       1316.2604
       1324.9334
       1232.1752
       1178.6562
       1072.0731
        635.8436
        536.7268
        411.5230
        565.8150
        655.4538
        688.4875
        710.2068
        958.9206
        930.7868
       1013.1654
       1023.5355
       1279.7975
       1417.9495
       1359.1064
       1290.0942
       1565.4569
       1826.4340
       1764.5553
       1677.2982
       1337.4313
       1039.4673
        663.7734
        286.2023
       1051.9958
       2081.3063
       1976.0547
       1868.4396
       1808.9641
       1747.4594
       1332.5635
        966.2827
        934.0632
       1130.1755
       1254.4738
       1424.3972
       1365.2996
       1303.5505
        743.3287
        379.4515
        664.1683
        869.3178
        856.7158
        777.3409
        764.5985
        743.5568
        581.5106
        424.1358
        848.1555
       1127.8623
        926.7654
        654.6314
        758.7536
        861.7767
        810.4123
        754.9941
       1131.2657
       1596.0733
       1514.0659
       1419.3495
       1220.3684
       1076.2274
       1066.5717
       1051.9124
       1439.6301
       1634.1935
       1637.3045
       1545.7085
       1401.6965
       1254.9248
       1247.9067
       1172.6918
       1902.4650
       2446.8507
       1874.5045
       1313.0932
       1093.3513
        907.3557
        765.4590
        707.4476
        914.1972
        834.8151
        735.5929
        599.2270
        667.8611
        641.2555
        658.3505
        676.8247
        939.5397
        862.6141
        973.4948
       1038.4603
        993.5605
        887.0809
        835.0718
        773.6583
       1206.7652
       1552.9845
       1537.7093
       1484.8308
       1228.0566
       1036.9628
       1019.3666
       1054.1677
       1025.5299
        706.2630
        959.6471
       1078.1089
        758.6256
        464.8587
        442.1617
        416.2337
        731.7935
       1178.4899
       1335.5119
       1542.9057
       1735.0068
       1937.6072
       1480.3049
       1124.8024
       1152.4805
       1101.1639
       1272.9783
       1431.5096
       1570.2789
       1678.9043
       1618.0216
       1549.5061
       1631.3238
       1279.6950
       1201.2404
       1028.3964
       1295.5905
       1564.5594
       1441.9762
       1347.5080
       1444.2750
       1448.9847
       1435.4619
       1410.7892
       1302.2616
       1241.7840
        996.6088
        764.3045
        930.7671
        964.7408
       1018.7715
       1005.0315
        567.8343
        121.3291
        142.3454
        160.6576
        994.0372
       1776.0105
       1959.9861
       2088.2735
       1550.8323
       1280.5394
       1224.4994
       1363.1666
       1704.3064
       1955.2450
       1800.9379
       1585.5380
       1258.3867
       1111.8097
        897.4174
        760.7450
        991.2529
       1163.7120
       1242.2804
       1295.3011
        857.1571
        459.4339
        444.3769
        430.2372
       1029.9604
       1791.2847
       1656.2088
       1669.2014
       1428.2691
       1565.6330
       1267.6391
        998.3522
       1447.3015
       1823.7437
       1738.3585
       1660.9669
       1274.9078
        868.2936
        817.4074
        755.7194
        687.6554
        512.3537
        567.1764
        566.1800
        431.8825
        290.0048
        319.3700
        349.3205
        947.8151
       1713.6740
       1539.1737
       1306.9620
       1185.8266
       1011.8289
        872.1959
        739.7759
       1203.9395
       1590.6337
       1684.7140
       1778.1113
       1735.8378
       1928.3265
       1783.9350
       1638.2531
       1599.7968
       1596.6726
       1459.0807
       1425.0997
       1416.4323
       1540.4524
       1404.5371
       1394.8150
       1548.4475
       1418.5944
       1281.8010
       1184.7453
       1130.4206
       1061.6666
       1013.9831
        961.2627
       1038.7225
        943.5826
       1017.8324
        994.7785
        712.5908
        406.2016
        501.7457
        593.5566
       1297.3009
       1838.8314
       1883.3455
       1881.7600
       1457.2491
       1086.0092
        984.5178
        882.2755
       1276.8875
       1470.5770
       1623.2046
       1734.8874
       1540.5124
       1346.9596
       1128.9541
        843.2861
       1382.6002
       1728.0613
       1830.1190
       1853.9566
       1702.9279
       1520.7264
       1527.1747
       1528.1124
       1694.7307
       1710.2084
       1807.3706
       1852.2383
       1486.6378
       1196.0386
        948.1817
        698.9886
       1018.6640
        779.2746
        721.3811
        616.5145
        947.9441
       1258.1671
       1217.5982
       1275.2053
       1559.2611
       1807.3023
       1921.9488
       1907.2694
       1746.8576
       1560.0622
       1267.5460
        945.3951
       1388.0271
       1924.4840
       1417.5220
       1415.3801
       1249.4784
       1146.5966
        743.8192
        366.7827
        596.2069
        383.8557
        345.2374
        299.9862
        338.7594
        362.9346
        388.9296
        536.1928
        712.5833
        454.5085
        384.5500
        273.6345
        471.1622
        613.8663
        801.5420
        958.5192
       1084.2739
       1189.0975
       1275.2687
       1244.0444
       1091.5739
       1080.7740
        889.6878
        797.0402
       1201.1004
       1106.4857
        955.2973
        794.4922
        933.0276
       1031.3121
        978.8767
        985.1097
       1246.9565
       1462.0286
       1236.2082
       1133.9513
       1090.0274
       1066.3192
        916.6552
        787.8266
        890.6938
        844.4961
        859.4125
        786.5638
        764.7153
        709.2454
        783.1226
        853.6846
       1304.7320
       1797.8750
       1818.7969
       1783.2516
       1579.1365
       1366.7851
       1290.8166
       1201.2656
       1574.6268
       1405.1227
        998.5398
        558.5008
        984.8729
       1291.8517
       1051.4042
        788.4801
       1155.4055
       1153.4768
       1059.9801
        940.1490
        882.5724
        822.5729
        748.9320
        754.2549
        960.2031
        932.2548
        679.9172
        420.9470
        483.7930
        509.2133
        566.7205
        606.8651
        940.8641
       1130.5983
       1203.3508
       1181.0570
       1108.3309
        984.3098
       1074.9371
       1154.8221
       1112.6712
       1018.4147
       1040.7306
       1030.3979
        932.6795
        964.3538
        819.2131
        868.0189
       1689.6783
       1975.0512
       1933.5790
       1835.3069
       1696.1958
       1536.5576
       1604.1444
       1657.2655
       1530.1533
        954.7122
       1191.2303
       1291.5688
       1414.5910
       1411.8573
       1551.3670
       1681.8016
       1484.9238
        911.6116
        875.5048
        819.7263
        819.4793
        671.9283
        738.2169
        792.5048
        958.5330
        686.7191
        492.2015
        316.2606
        273.0927
        157.4804
        316.4836
        438.8622
        844.3631
        901.9410
        751.8315
        601.6308
        594.8496
        843.2612
        881.4119
        942.8255
       1305.0486
       1682.8494
       1874.8364
       1986.6420
       1720.0698
       1607.8239
       1638.9645
       1791.6463
       1710.9900
       1611.9216
       1905.8668
       2239.0141
       1631.5575
       1318.3049
       1050.9334
        768.4931
       1258.6353
       2293.6626
       2329.4036
       2435.7055
       1585.8964
        870.4158
        946.4290
       1022.5748
       1417.4439
       1335.9295
       1349.8932
       1326.1526
       1168.3084
       1038.9526
       1099.4355
       1282.0922
       1373.5773
       1380.6530
       1719.9764
       2033.7967
       1859.6478
       1776.1028
       1603.1488
       1519.4196
       1925.9837
       2548.0457
       2580.3519
       2600.4690
       2114.2867
       1584.6483
       1501.8156
       1408.5180
       1245.8243
       1619.3923
       1495.5813
       1568.3975
       1526.0355
       1482.4611
       1520.1079
       1645.5067
       2017.1918
       2380.7912
       2439.2842
       2598.7574
       2187.6471
       1746.2726
       1679.6487
       1602.8061
       1405.3072
        767.7239
        606.6272
        435.4489
        914.0793
       1225.6701
       1321.3659
       1363.4973
       1640.6944
       1793.8311
       1895.3867
       1957.9089
       1575.9928
       1230.0036
       1387.7590
       1595.5613
       1563.4960
       1556.1826
       1541.2934
       1575.9484
       1708.6594
       1817.4140
       1717.5968
       1671.0433
       1520.6608
       1203.1556
       1188.5473
       1170.3773
       1257.2277
       1338.9266
       1306.5698
       1332.8571
       1602.1574
       1987.6191
       1689.1347
       1466.2992
       1798.9260
       2283.2990
       1974.1052
       1669.2980
       2068.1623
       2315.7241
       2587.7067
       2850.3689
       2342.9664
       1903.3468
       1707.7041
       1531.7055
       1766.3556
       1717.6271
       1604.2374
       1470.5378
        981.5914
        564.4376
        577.7809
        586.1280
        625.5766
        326.1770
        168.4771
          0.0000
         93.4382
        194.9409
        234.7996
        266.5335
        510.2716
        282.2590
        133.2289
          0.0000
          0.0000
          0.0000
          0.0000
          0.0000
          0.0000
          0.0000
          0.0000
          0.0000
          0.0000
          0.0000
          0.0000
          0.0000
        259.8695
        374.7879
        241.6900
         89.7738
        312.4606
        447.9049
        625.0749
        793.1117
        731.9689
        721.0609
        802.9976
       1036.3201
        957.3197
        854.9784
       1096.1096
       1289.8598
       1376.2760
       1364.5309
       1447.1527
       1367.2038
       1216.8007
       1213.3789
       1085.7140
        864.1763
       1132.8970
       1861.9782
       1932.4648
       2138.6808
       1726.2680
       1338.3622
       1287.6671
       1425.6009
       1194.6724
       1162.1045
       1345.8631
       1582.0860
       1471.8739
       1357.7672
       1370.2880
       1604.2935
       1938.4052
       2301.7631
       2392.9417
       2462.3749
       2040.6954
       1909.6087
       1659.8072
       1930.4352
       2047.4742
       1877.7615
       1837.6591
       1750.8338
       1546.5803
       1333.7811
       1340.2456
       1335.6609
       1682.3696
       1709.8871
       1412.7536
       1107.7403
        938.2916
        852.4378
        814.0436
        922.3006
       1118.6787
        761.5544
        586.9060
        369.4588
        616.5884
        768.0034
        835.9116
        883.3719
       1232.7284
       1548.4848
       1425.9008
       1340.2083
       1151.7129
       1076.6146
        890.4554
        668.4946
        964.9533
        416.9462
        150.5391
          0.0000
        142.1142
        266.8782
        476.3333
        647.3949
       1216.8578
       1368.1925
       1011.2267
        765.2148
        591.1480
        392.2093
        345.0000
        344.8311
        880.0296
        891.1839
        665.3564
        484.5045
        517.9168
        529.5380
        719.6156
        889.1481
       1076.3017
       1124.7394
       1337.7866
       1451.3065
       1196.7722
        984.0298
        848.1087
        913.3075
       1214.6059
        960.4033
        768.9451
        772.1964
        923.4869
       1043.2597
       1231.2652
       1419.5842
       1237.2769
        715.4565
        362.2105
         41.6254
        277.1356
        434.1483
        577.9249
        719.3605
        885.6391
        922.1386
        930.6214
       1056.4341
       1195.4918
       1392.3146
       1428.2758
       1548.0445
       1503.7549
       1125.6307
        927.3624
        823.9800
       1031.0073
       1279.1757
       1285.8470
       1284.3414
        859.8159
       1202.7640
        783.5546
        433.7336
        620.3553
        729.6861
        988.3089
       1182.8911
       1411.5603
       1240.1978
       1221.2226
       1148.7904
       1506.7003
       1668.6906
       1956.1506
       2219.5657
       1666.7394
        799.5906
        824.6317
        928.9109
        907.1887
        743.8469
       1035.9309
       1489.7180
       1556.2541
       1164.4951
        866.5203
        620.6366
        505.9892
        337.0235
        377.6546
        410.5483
        916.9136
        799.4556
        198.2101
          0.0000
         15.6205
        236.5917
        321.5855
        622.8306
        535.4910
          0.0000
          0.0000
          0.0000
          0.0000
          0.0000
        167.4319
        305.6048
       1017.9813
       1701.5109
       1805.2481
       1967.8221
       2149.6175
       2348.8555
       2304.1429
       2226.6994
       2036.5608
       1837.7852
       2008.7651
       2148.4559
       1974.6755
       1675.3154
       1591.1712
       1496.9876
       1422.5234
       1142.9646
       1116.2161
       1100.9322
       1079.8958
        907.3634
       1004.4038
       1094.3800
       1449.6519
        883.2185
        722.3258
        580.3091
        771.5266
        900.9385
       1060.5205
       1148.0434
       1630.5951
       2520.8794
       2668.5152
       3120.6539
       2811.7133
       2504.5598
       2583.1546
       2655.2114
       2422.1965
       2096.2424
       2127.7251
       2121.9774
       2034.4658
       2041.0909
       1911.1143
       1838.3519
       1455.6662
       1918.8941
       1535.6212
       1255.9254
       1443.2483
       1628.7090
       1961.8153
       2297.1518
       1689.6529
       1137.5895
       1196.0522
       1320.7670
        869.7939
        816.6962
        758.1895
        645.3301
        881.5095
       1292.7305
       1395.3238
       1479.7713
       1375.1479
       1253.7975
       1383.2573
       1508.0995
       1623.9331
       1282.0814
       1216.9397
       1118.3167
        729.4983
        313.5868
        575.4318
        854.1587
       1132.1653
       1063.0038
       1072.8318
       1037.4933
        856.4936
        667.9845
        716.2613
        758.3640
        975.2576
       1011.2971
        868.0166
        735.8773
        607.4283
        502.7153
        562.5887
        755.2368
        954.8488
        933.1784
        799.3883
        623.1084
        857.9434
        847.8375
       1162.4298
       1550.7466
       1877.9242
       1704.4173
       1441.7467
       1187.8497
       1270.8852
       1269.9146
       1451.2759
       1523.5590
       1454.4787
       1248.4606
       1370.0967
       1490.9870
       1081.3949
        515.8835
        764.4969
       1011.1105
       1554.1146
       2234.3804
       2273.1841
       2374.1893
       1999.7232
       1637.8068
       2004.7921
       2371.8666
       1865.9183
       1359.2158
       1380.5260
       1355.8677
       1672.8911
       2058.5619
       2221.6491
       2501.5908
       2402.2982
       1789.8616
       1752.3669
       1654.1730
       1852.7301
       1892.8540
       2267.5848
       2636.4688
       2602.3280
       2208.1800
       2160.7429
       2237.2273
       2251.6964
       2226.7480
       2273.1569
       2379.6102
       2267.4109
       2057.8876
       2125.5967
       2049.6550
       1700.2500
       1881.1952
       1496.4917
       1653.7735
       1676.7311
       1601.8955
       1564.4947
       1530.0745
       1145.9159
        820.4551
       1042.7755
       1434.5202
       1466.5770
       1196.9771
       1057.4666
       1000.4933
       1081.8626
       1036.6313
       1556.5480
       2094.2483
       1661.9262
        896.0054
       1255.8564
       1403.5230
        922.0949
        932.9331
       1028.2541
       1014.0728
        908.0452
        693.5214
        607.5025
        708.4099
        442.8294
        525.6453
        544.2328
        713.5603
        972.6038
       1033.2441
        929.1737
        814.3602
        771.0989
        623.5641
        746.2727
        852.6966
       1416.4803
       1138.9678
        938.3679
        717.5190
        781.9934
        696.5586
       1176.1822
       1715.5997
       1750.1651
       1504.2626
       1883.0472
       1911.5190
       1493.2103
       1128.1135
       1330.1074
       1525.8854
       1794.6129
       2666.1171
       2474.3767
       2318.5190
       2263.9850
       2100.8240
       2260.1524
       2461.0830
       2314.5937
       2155.3890
       1925.0196
       1772.7653
       1423.1999
       1089.8194
       1130.4295
       1146.7692
       1445.1567
       1790.0040
       1611.3054
       1458.7491
       1471.0832
       1475.0416
       1793.9978
       2107.5890
       1820.9599
       1440.6886
       1369.2323
       1318.2743
        930.0829
        621.8022
        805.4722
       1101.9596
       1195.2201
       1332.9705
       1356.5527
       1356.9495
       1001.8879
        832.3392
        910.5210
       1136.5702
        609.0367
         45.9640
         20.0366
         20.6060
          0.0000
          0.0000
          0.0000
          8.3107
        384.1051
        378.5168
        434.9335
        477.6710
        611.2400
        557.4081
        937.9631
       1264.7784
       1613.7192
       2368.9605
       2293.8913
       2268.2353
       2456.9125
       2623.8883
       2239.4525
       1977.3595
       1859.2201
       1740.5610
       1507.6598
       1291.7206
        845.3340
        798.4055
       1163.2978
       1617.8396
       2204.7235
       2696.7373
       2704.9098
       2685.8043
       1943.2068
       1649.0106
       1260.9947
       1144.2109
       1023.8839
        865.1940
        947.8246
        990.8230
        679.7644
        591.0997
        674.7808
       1017.4854
       1361.7400
       1758.5008
       1722.7448
       1677.3955
       1516.0178
       1465.9482
       1837.2286
       2247.2764
       2176.4851
       1608.0192
       1892.0823
       1978.0729
       1619.2408
       1279.8182
       1546.8655
       1848.8224
       1616.5794
       1176.2536
       1556.0607
       1804.5470
       1904.0520
       1952.3030
       1740.1762
       1496.4884
       1506.0037
       1117.9052
        766.8811
        377.0094
        406.4256
        327.2182
        259.9706
        198.9164
        277.5537
         68.3214
         45.2160
          1.9661
        290.7303
        495.0189
        494.1402
        490.3914
        494.4334
        128.3924
        134.8723
        114.6433
        304.6872
        466.3485
        874.3903
       1297.6780
       1404.1901
       1394.4132
       1717.2854
       1943.7130
       1878.5907
       1766.3065
       1892.6630
       1995.3788
       1424.6515
       1748.0709
       1782.8137
       2078.5934
       1605.2708
       1190.7193
       1176.8649
       1250.9056
       1507.8582
       1923.2237
       1806.3164
       1760.5856
       1633.0771
       1569.9164
       1522.8304
       1812.7331
       1779.7383
       2399.8747
       2087.6055
       1971.2101
       1835.4996
       1796.5847
       2117.9887
       2373.4806
       1836.7130
       1580.5671
       1382.3398
       1380.4781
       1528.3762
       1743.3352
       1909.3375
       2078.1260
       1088.1911
        393.9007
        276.9816
        602.0918
        670.5009
        603.3854
        725.1494
       1072.9279
       1093.3453
       1006.1033
       1169.5244
       1319.1844
       1461.3858
       1566.0860
       1839.0531
       2122.5543
       2016.2466
       1876.5977
       1665.2129
       1459.3107
        997.2966
        748.2505
        813.1110
       1265.9883
       1118.3928
        951.1290
       1223.0163
       1485.5926
        936.8092
        496.0830
        796.5816
       1181.3122
       1221.3563
       1459.1500
       1253.8306
       1309.2909
       1877.5595
       2367.9868
       2527.8573
       2683.9171
       2250.8689
       1589.6783
       1557.0563
       1501.3734
       1388.2009
       1244.7141
       1196.2712
       1144.2189
       1474.2212
       1384.1119
       1033.1247
        666.2803
        658.4483
        554.0833
        595.1717
        584.9048
        719.0428
        565.6379
        323.5137
        161.1986
        335.4536
        445.6254
        461.1379
        472.8221
        568.1366
        271.6175
        221.1240
        140.0718
        726.4069
       1169.0928
       1786.6465
       2383.4371
       2207.0474
       1906.8084
       1888.4130
       1833.5033
       1593.5014
       1348.5259
       1427.2122
       1489.9092
       1646.3807
       1813.7331
       1659.8124
       1731.4634
        936.5378
        542.3836
        573.2396
        644.5410
       1004.7223
       1641.1190
       1386.3249
       1339.0831
       1027.6392
        780.6432
       1031.5205
       1337.7397
       1152.6670
       1389.1061
       1170.6513
        931.6185
       1047.0350
       1214.4028
       1116.9893
       1295.9381
       1304.9650
       1241.7466
       1136.4240
       1030.6981
        766.1701
        498.9405
        710.7363
        867.0946
        829.8735
        694.6984
        777.6976
        852.0630
        525.7063
        433.3494
        522.1549
        764.1824
        774.2689
        818.6261
        761.1976
        652.4560
        604.8760
        416.1427
        606.6915
        789.3189
        963.7664
        690.1969
        597.8770
        481.9189
        527.8647
        468.4862
       1043.1160
       1635.8980
       1627.7965
       1612.8412
       1639.6366
       1743.2123
       1589.6920
       1419.7263
       1684.0123
       1915.0305
       1457.1932
       1686.2953
       1502.3511
       1496.1382
       1402.1034
       1511.5311
       1107.4354
        911.7229
        905.7317
        827.3650
        950.4847
       1074.7486
        958.4931
        949.3377
        909.0239
       1044.1039
        785.7560
       1105.7223
        982.7279
        896.0087
        900.1625
        870.3175
       1182.2565
       1500.4250
        989.0846
        942.3702
        663.1496
        728.4077
        976.6377
       1229.3336
       1343.3095
       1336.1229
       1213.0663
       1077.2671
       1204.0381
       1297.3692
       1179.5181
       1202.9591
       1175.7171
       1169.2837
       1064.2716
        942.3335
        885.8228
        790.5276
       1293.3702
       1789.7190
       1718.3075
       1738.5372
       1015.0074
        780.2285
        664.1440
        632.9761
        855.6492
       1089.8100
        937.4087
        745.7251
        718.3182
        527.4170
        272.8824
        123.9932
        116.5042
        116.4325
        272.4340
        404.0183
        269.6129
        108.7176
        175.3572
        254.3998
        563.3919
        798.7394
        868.4975
        846.3508
       1117.4526
       1328.7636
       1372.6364
       1423.6174
       1287.1327
       1109.1182
       1085.6126
       1126.1911
        775.3309
        275.8570
        426.2230
        527.9447
        351.9859
        199.0660
        262.9348
        320.2513
        477.8066
        405.3217
        435.5863
        519.2326
        407.4730
        297.7611
        476.4833
        696.0209
        925.7801
        947.3343
        779.4519
        624.7201
        484.3258
        277.8932
        633.7638
        940.5915
       1053.0231
        930.7385
        925.8521
        912.9565
        781.5576
        608.0192
        818.3079
       1019.1378
        877.6949
        722.6417
        760.6042
        783.8284
        415.1224
         61.8683
        207.6121
        355.2271
        455.7674
        309.9238
        327.2623
        300.0343
        282.5857
        200.7119
        314.1767
        407.7374
        263.9334
        336.0198
        419.8744
        509.1714
       1075.2355
       1573.6412
       1553.7554
       1508.0950
       1075.3864
        590.3220
        702.3379
        781.5858
        664.9905
        901.1763
        688.0519
        778.3932
        680.7980
        407.1661
        374.4566
        336.3256
        367.8019
        382.4508
        391.5119
        312.0993
        582.4126
        764.1757
        671.5744
        639.5475
        861.1333
       1076.1685
        897.8673
        670.7489
        770.2748
        961.3311
        961.3311
