          0.0000
          0.0000
          0.0000
          0.0000
          0.0000
          0.0000
          0.0000
          0.0000
          0.0000
          0.0000
          0.0000
          0.0000
          6.5702
          0.0000
          0.0000
          0.0000
          0.0000
          0.0000
          8.6565
         32.4853
         20.8936
          0.0000
          0.0000
          0.0000
          0.0000
          0.0000
          0.0000
          7.3304
         27.9579
          2.4522
         -8.9379
          0.0000
          0.0000
          0.0000
          0.0000
         32.7675
         51.5058
         21.0228
         46.2600
          0.0000
          0.0000
          0.0000
          4.6964
         73.2014
         10.2931
         -2.0450
          0.0000
          0.0000
          0.0000
          0.0000
          0.0000
         30.9767
         82.1909
        202.7721
        354.2315
          5.9932
          0.0000
          0.0000
          0.0000
          0.0000
          0.0000
          0.0000
        118.5009
        150.9580
         30.4931
          0.0000
          0.0000
          0.0000
          0.0000
          0.0000
          0.0000
          0.0000
         11.0206
          2.1277
         57.6833
        183.4843
        103.0053
         18.9984
        101.2292
        206.2320
        154.5684
        197.8487
        283.1950
        107.1163
         11.7633
          0.0000
          0.0000
          0.0000
          0.0000
          0.0000
          0.0000
          0.0000
          6.1057
          0.0000
         43.9794
        146.4295
         59.8199
        104.8942
        154.9503
         55.8431
         67.8762
          0.0000
          0.0000
          0.0000
          0.0000
          0.0000
          0.0000
          0.0000
          0.0000
          0.0000
         67.4838
         54.4083
        122.4073
          0.0000
          0.0000
          0.0000
          4.4121
          0.0000
          0.0000
          0.0000
          0.0000
          0.0000
          0.0000
          0.0000
          5.9376
          0.0000
          0.0000
          0.0000
          0.0000
          0.0000
          6.8551
          0.0000
          7.8206
         27.8917
          0.0000
          0.0000
          0.0000
          0.0000
          0.0000
         28.0121
         31.5087
        275.8304
          0.0000
          0.0000
          0.0000
         52.1258
         32.8499
         21.7322
         13.5916
        129.1301
          0.0000
          0.0000
          0.0000
         58.4561
         46.4029
          5.8187
          0.8881
          0.0000
         -3.0684
          1.1792
         36.9317
         38.2870
          0.0000
          0.0000
          0.0000
          0.0000
         -5.5121
          0.0000
          0.0000
          0.0000
          0.0000
          0.0000
          8.6467
          5.3030
          0.0000
          0.0000
          0.0000
          0.0000
          0.0000
         13.4718
         21.8740
          0.0000
          0.0000
          0.0000
          0.0000
          0.0000
          0.0000
         17.4616
         15.4009
          0.0000
          0.0000
          0.0000
         20.2225
         21.4443
         46.7621
         10.3234
         10.6901
         19.5871
        194.9580
        182.1832
        196.4147
        160.5834
        112.6147
        163.0637
          5.2413
          0.0000
          0.0000
        139.7946
         76.7754
         45.5662
         60.6919
          8.6845
        -12.0871
        -13.1285
        206.8906
        253.1082
          0.0000
          0.0000
         16.8828
         37.1133
         30.4940
          0.0000
          0.0000
         72.9955
          0.0000
         30.1895
         21.4365
          0.0000
          0.0000
          0.0000
          0.0000
          0.0000
          0.0000
          0.0000
          0.0000
          0.0000
         -0.3840
          0.0000
          0.0000
          0.0000
          0.0000
          0.0000
          0.0000
          0.0000
          0.0000
          7.5929
        169.0054
          0.0000
          0.0000
          0.0000
          7.7260
         10.4658
         16.6341
          0.0000
         32.7097
          0.0000
          0.0000
          0.0000
          0.0000
          0.0000
         37.9870
          0.0000
          0.0000
          0.0000
          0.0000
          0.0000
          0.0000
          0.0000
          4.1865
          0.0000
          0.0000
         33.8020
        263.7940
        176.3699
         87.1127
          0.0000
         10.3740
          0.0000
          0.0000
        143.7543
          0.8429
          0.0000
          0.0000
          5.2562
        -15.6444
          0.0000
          0.0000
        429.7621
          0.0000
          0.0000
          0.0000
          0.0000
          0.0000
          0.0000
         64.0279
          0.0000
          0.0000
          0.0000
          0.0000
          0.0000
          5.6333
        424.7355
        402.0033
        238.3105
          0.0000
          0.0000
         20.6151
         29.3712
         32.3063
         35.1505
         18.2606
         -7.3388
          0.0000
          0.0000
          0.0000
          0.0000
          0.0000
          0.0000
          0.0000
          0.0000
         25.4480
         41.2767
         49.8406
         72.8857
         87.8983
          0.0000
         32.2988
          6.2527
          0.0000
          0.0000
          3.2313
        248.4072
        304.9250
          0.0000
          0.0000
          0.0000
          0.0000
          0.0000
         54.2060
        213.3528
        165.9764
          0.0000
          0.0000
          0.0000
          0.0000
          3.8356
          9.3544
         15.8277
         -8.6380
         -4.3805
          0.0000
          0.0000
          0.0000
         46.3779
        214.5643
        163.1840
         42.6488
          5.2594
          0.0000
         15.9789
        102.1739
         74.4446
          3.4787
         -9.6342
         61.6439
         78.3477
        302.2356
        142.6609
          4.8107
          0.0000
          2.3842
         14.8338
         34.8403
         10.9822
        125.7185
        232.2196
        133.0992
         -1.5256
         20.3488
         13.2796
          4.4549
         -0.3345
        338.9217
        453.3811
         54.6876
         -1.6235
          4.6336
         11.6709
         72.5818
          7.3847
         20.6582
          0.0000
          0.0000
          0.0000
          0.0000
          1.8577
          0.0000
          0.0000
          0.0000
          1.7677
         17.4955
         -5.0285
          9.5239
         38.8777
         47.1308
         17.8114
          0.0000
          0.0000
          0.0000
         19.5342
        154.0296
        254.6661
        117.1921
          0.0000
         -5.2058
          0.0000
          0.0000
          0.0000
          9.7544
         46.7875
         38.4443
        160.7624
          5.4762
          0.0000
          0.0000
          0.0000
         16.1525
         29.9140
         51.2325
        180.2322
          0.0000
          0.0000
          0.0000
          7.5020
         26.3453
         21.8117
         44.3249
        121.6515
          0.0000
          0.0000
          0.0000
          0.0000
          7.3862
         14.1481
         16.5281
          0.0000
        137.7434
          0.0000
          0.0000
          0.0000
        117.6864
        115.0641
        240.9325
        403.9637
        130.0857
          0.0000
          0.0000
          0.0000
          0.0000
          0.0000
          0.0000
          0.0000
         -0.2534
          0.0000
          0.0000
          0.0000
          0.0000
          0.0000
          0.0000
          0.0000
          0.0000
          0.7182
          0.0000
          0.0000
         15.4869
         57.4586
         63.1722
         26.7246
          0.0000
          0.0000
        457.7158
        394.8346
        286.3015
        186.3340
         13.9319
          0.0000
          0.0000
          0.0000
          0.0000
          0.0000
          0.0000
          0.0000
          0.0000
          0.0000
          4.5488
          0.0000
         33.9909
         44.0485
         55.7923
         42.6379
        102.9779
        126.2617
          0.0000
          7.6393
          0.0000
          7.3152
        113.9397
        176.2133
          5.2262
          0.0000
        119.4556
          3.0587
          0.0000
          0.0000
          0.0000
         12.8239
         19.1233
         -0.0932
          0.0000
          0.0000
          0.0000
          0.0000
          0.0000
          0.0000
         20.5435
          5.5705
        128.8951
        365.8061
        391.0938
        352.9315
        206.2321
        233.1379
        297.8138
          1.4425
          0.0000
          0.0000
          0.0000
          0.0000
          0.0000
          0.0000
          0.0000
          0.0000
          0.0000
          0.0000
          0.0000
          0.0000
          0.0000
          0.0000
          0.0000
          0.0000
          0.1960
        112.4565
         31.0200
          0.0000
          0.0000
         71.2114
         60.4924
        294.0594
        486.2002
        340.4933
        397.0522
        325.6174
        360.4965
        304.7768
        181.8207
          0.0000
          0.0000
          0.0000
          0.0000
          0.0000
          0.0000
          0.0000
          0.0000
          0.0000
          0.0000
          0.0000
          0.0000
          0.0000
          0.0000
          0.0000
          5.2663
        144.4439
         15.6275
          0.0000
          0.0000
          0.0000
          0.0000
          0.0000
          0.0000
          0.0000
          0.0000
          0.0000
          0.0000
          0.0000
          0.0000
          0.0000
          0.0000
          0.0000
          0.0000
          0.0000
          0.0000
          0.0000
          0.0000
          0.0000
          0.0000
          0.0000
          0.0000
          0.0000
          3.8643
         85.8491
         46.6161
         57.9427
         -0.2669
          0.0000
          0.0000
          0.0000
          0.0000
          0.0000
        144.1657
        345.9154
        251.2631
        291.6591
          0.0000
          0.0000
          6.9115
         10.4431
         23.2737
        279.0798
        225.3963
          4.9916
          0.0000
          0.0000
          0.0000
         30.9044
         26.3717
        225.5805
        256.5274
          0.0000
          0.0000
          0.0000
         10.3780
        101.9753
         70.6233
         91.0290
        -33.8398
        148.9930
          0.0000
         11.3462
         65.3900
         32.4241
         39.7481
        188.6966
         64.2235
          0.0000
          7.1298
        100.2207
         64.3982
         21.3120
         21.7216
        125.3807
        312.3769
        138.5351
          0.0000
          0.0000
          0.0000
          0.0000
          0.0000
          0.0000
          0.0000
          0.0000
          0.0000
          0.0000
          0.0000
          0.0000
          0.0000
          0.0000
         12.0436
          4.7196
          6.4828
         11.7950
         14.7691
         92.9275
         91.4019
        125.0082
        337.2033
        228.1520
          0.0000
        118.5411
        267.2086
        369.8256
        141.2255
          0.0000
          0.0000
          0.0000
          0.0000
          0.0000
          0.0000
          0.0000
          0.0000
          0.0000
          0.0000
          0.0000
          0.0000
          0.0000
          0.0000
          0.0000
          0.0000
          0.0000
          0.0000
          0.0000
          0.0000
          0.0000
          7.8334
         25.0274
         97.2162
          0.0000
          0.0000
          0.0000
          0.0000
          0.0000
          0.0000
          0.0000
         65.4531
        177.2469
        312.4616
        481.0886
         48.0790
          0.0000
          0.0000
          0.0000
          0.0000
          0.0000
          0.0000
          0.0000
        158.8448
        136.5931
          0.0000
          0.0000
          0.0000
          0.0000
          0.0000
          0.0000
         -8.3655
         -4.6019
          0.0000
          0.0000
          0.0000
          5.6904
         23.7043
         -3.8845
         95.6334
         21.4445
         -0.0096
          0.0000
          0.0000
          0.0000
         12.1366
         20.4079
        150.7583
        266.5263
        160.7016
          0.0000
          0.0000
          0.0000
          0.0000
          0.0000
          0.0000
          0.0000
          0.0000
          0.0000
          0.0000
         14.9276
         12.3762
          0.0000
          0.0000
          0.0000
          0.0000
         85.5683
         31.9721
          5.2430
         17.9985
          0.0000
          3.1802
          0.0000
          7.0686
          0.0000
          3.4710
         60.0715
         68.9939
        108.7058
         -7.4369
         -1.9414
         29.7591
        110.9165
          0.0000
          0.0000
          5.0570
          0.0000
          0.0000
          0.0000
          0.0000
          0.0000
          0.0000
          0.0000
          0.0000
          0.0000
          0.0000
          0.0000
          4.6023
         11.7836
         12.7698
          0.0000
          0.0000
          0.0000
          0.0000
          0.0000
         29.9090
        215.9220
        297.0746
         16.0910
          0.0000
          0.0000
          0.0000
          0.0000
          0.0000
         -6.3289
        374.2771
        316.7397
        100.3138
        228.9518
        393.4927
        235.3670
          0.0000
          0.0000
          0.0000
          0.0000
          0.0000
          0.0000
          0.0000
          0.0000
          0.0000
          0.0000
          0.0000
          0.0000
          4.1667
          0.0000
          0.0000
          0.0000
          0.0000
         24.5884
         51.6756
         20.2258
        123.6659
        266.9792
        262.7682
          0.0000
          0.0000
          0.0000
          0.0000
          0.0000
          0.0000
          0.0000
          0.0000
          0.0000
          0.0000
          0.0000
          6.6214
          8.1075
         58.1645
          0.0000
          0.0000
          0.0000
          0.0000
          0.0000
          0.0000
          0.0000
          0.0000
         37.7106
          0.0000
          0.0000
          0.0000
        139.4892
        168.1003
        191.4636
         35.3304
          0.0000
         39.7822
          0.0000
          0.0000
          0.0000
          0.0000
          0.0000
          0.0000
          4.1427
         80.2488
          0.0000
         29.5281
        115.1618
         19.6916
          0.0000
         17.2850
        121.5596
        337.9168
         45.3706
          0.0000
          0.0000
          0.0000
          0.0000
          2.4186
          0.0000
          0.0000
          0.0000
          0.0000
         26.3567
        166.2942
         60.1781
         55.4339
         54.9273
        351.1562
        356.0711
          2.2188
         54.9504
         33.2648
          0.0000
          0.0000
          0.0000
          0.0000
          0.0000
          0.0000
          0.0000
          2.6803
         17.2087
          7.2445
         53.0869
        196.4175
          0.0000
          0.0000
          0.0000
          0.0000
          1.4324
         16.2421
          0.0000
          0.0000
          0.0000
          0.0000
          0.0000
          0.0000
          0.0000
          0.0000
          0.0000
          0.0000
          0.0000
          0.0000
          0.0000
          8.3401
         61.7362
         68.2762
         13.7132
         50.2582
        232.5192
        233.5557
        129.1925
        146.8782
        233.4824
        193.7767
         33.6994
          0.0000
          0.0000
          0.0000
          0.0000
          7.6240
          0.0000
          0.0000
          0.0000
          0.0000
          0.0000
          0.0000
          6.6442
         34.2693
         23.5910
          4.6721
          0.0000
          0.0000
         40.5300
          4.0858
         54.4972
        356.9943
        362.3041
        307.9430
        278.8212
         35.2955
         23.9991
        -13.5380
          0.0000
          0.0000
          0.0000
          0.0000
          0.0000
          0.0000
          0.0000
         79.9009
          0.0000
          0.0000
          0.0000
          0.0000
          0.0000
          0.0000
          0.0000
          0.0000
          0.0000
          0.0000
          0.0000
          0.0000
          0.0000
         -8.3605
          0.0000
          0.0000
          0.0000
          0.0000
          0.0000
          0.0000
          0.0000
          0.0000
          0.0000
          0.0000
         48.2888
        150.4606
        273.2560
        461.2603
        499.9812
        345.4035
        113.3687
          0.0000
          0.0000
          0.0000
          0.0000
          8.8069
          5.4079
         -7.1681
          3.3194
         69.6180
         65.6042
        116.2107
        183.0803
        177.3342
        145.1645
        291.9520
        147.5211
          0.0000
          0.0000
          0.0000
          0.0000
          0.0000
          0.0000
          0.0000
          0.0000
          0.0000
          0.0000
          0.0000
          8.4025
         43.4529
         40.6236
        108.5231
        171.1818
         69.5332
          0.0000
          0.0000
          0.0000
          0.0000
          0.0000
          0.0000
          0.0000
          0.0000
          0.0000
          0.0000
          1.3404
          4.9186
          0.0000
          0.0000
          0.0000
          0.0000
          4.3649
         26.3139
         20.6483
          5.5582
        238.3660
        112.4255
          0.0000
          0.0000
          0.0000
         33.2932
          0.0000
          0.0000
          0.0000
         29.6425
          0.0000
          0.0000
          0.0000
          0.0000
          0.0000
          0.0000
          0.0000
          0.0000
          0.0000
          0.0000
          0.0000
          9.4742
         15.3462
         50.2794
         87.2568
         -5.6238
          0.0000
          0.0000
          0.0000
          0.0000
          0.0000
          0.0000
          0.0000
          0.0000
          0.0000
          0.0000
          0.0000
          9.1553
          0.0000
          4.8656
          0.0000
        157.0683
        150.3995
         23.3250
          0.0000
          5.8799
          5.3316
         13.8911
          5.1765
         44.0844
          0.2864
         38.3716
          0.0000
          0.0000
          0.0000
          0.0000
          0.0000
          0.0000
          0.0000
          0.0000
          0.0000
          0.0000
        145.8947
        112.0956
         82.8327
        204.5062
          0.0000
          0.0000
          0.0000
          5.1223
          0.0000
          0.0000
          0.0000
          0.0000
          4.0912
          6.6534
          1.2702
         34.5920
         56.0317
         23.7515
         32.4045
          3.5408
         87.0123
          0.0000
          5.8592
         47.5184
         31.1003
          5.7744
          0.0000
          0.0000
          0.0000
          0.0000
          0.0000
          0.0000
          0.0000
          0.0000
          0.0000
          0.0000
          0.0000
          0.0000
          0.0000
         18.4617
         21.5206
         49.8019
         45.3251
        143.4534
          0.0000
         25.2047
          2.6364
          0.0000
          0.0000
        134.3062
        242.3716
          0.0000
          0.0000
          0.0000
          0.0000
          0.0000
         16.3799
         29.8662
          4.8815
          0.0000
          0.0000
          0.0000
          0.0000
          0.0000
          0.0000
          0.0000
          0.0000
          0.0000
          0.0000
          0.0000
          0.0000
          4.9937
          0.0000
          0.0000
          0.0000
          0.0000
          0.0000
          0.0000
          0.0000
          0.0000
          0.0000
          0.0000
          0.0000
          0.0000
          0.0000
          4.7804
         75.0238
         98.4160
         32.6186
         29.8045
          0.0000
          0.0000
          0.0000
          0.0000
          0.0000
         13.5348
         23.0441
         11.2971
          0.0000
          0.0000
          0.0000
          0.0000
          0.0000
          0.0000
         11.5983
         34.8861
         29.7322
        114.2902
         26.1017
          0.0000
          0.0000
          0.0000
          0.0000
          0.0000
          0.0000
          0.0000
          0.0000
          0.0000
          0.0000
          0.0000
          0.0000
          0.0000
          0.0000
          0.0000
          0.0000
          0.0000
          0.0000
          0.0000
          0.0000
          0.0000
          0.0000
          0.0000
          0.0000
          0.0000
          0.0000
          0.0000
          0.0000
          0.0000
          0.0000
          0.0000
          0.0000
          0.0000
         25.6079
         45.9864
         15.1502
        138.8369
        132.1288
        232.9256
        280.1799
          0.0000
          0.0000
          0.0000
          0.0000
          0.0000
          0.0000
          0.0000
          0.0000
          0.0000
          0.0000
          0.0000
          0.0000
          0.0000
          0.0000
          0.0000
          0.0000
          0.0000
          0.0000
          0.0000
          0.0000
          0.0000
          0.0000
          0.0000
          0.0000
          0.0000
          0.0000
         12.0786
         10.9508
         15.3045
          0.0000
          0.0000
          0.0000
         10.5529
         37.1159
         32.0665
         -2.7261
         18.0792
         42.9985
         13.1536
          0.0000
          0.0000
          3.7209
         34.8909
         12.4095
         32.4187
         20.4118
          0.0000
         31.5276
         51.3252
         11.0281
         51.9864
          0.0000
          0.0000
          0.0000
        144.6812
          0.0000
          0.0000
          0.0000
          0.0000
         24.6865
        226.6439
        245.8006
         52.5380
          0.0000
          0.0000
          0.0000
          0.0000
          9.5829
         29.3701
         29.5023
         25.4361
        117.6466
        365.9982
        148.1995
          5.0081
          0.0000
          0.0000
          0.0000
          0.0000
          0.0000
          0.0000
          0.0000
          5.6402
          0.0000
          0.6801
          0.0000
          0.0000
          0.0000
          0.0000
          0.0000
         46.7546
          1.4162
          0.0000
          0.0000
          0.0000
          0.0000
          0.0000
          0.0000
          0.0000
          0.0000
          0.0000
          0.0000
          6.4674
          0.0000
          0.0000
         48.0065
         17.7888
         17.1620
         37.5306
         13.0115
          0.0000
          0.0000
          0.0000
          6.2974
         10.3140
         18.4203
        150.8885
         92.0476
         19.5165
          0.0000
          0.0000
          5.0924
         10.7217
         12.4751
         15.9252
          0.0000
          0.0000
          0.7071
         39.7001
        103.2843
         46.3944
         41.6801
         17.9245
        -43.1208
          9.5406
        236.5007
         10.5538
        124.0879
         66.3477
        153.8673
        207.6021
         86.1244
         -5.2885
          0.2748
          6.9122
          0.0000
         84.4466
        177.2325
         29.6031
          6.8432
         15.1282
          0.3190
          6.8030
          0.5560
          0.0052
          1.6920
         21.3143
         17.6277
          0.0000
          0.0000
          0.0000
          0.0000
          0.0000
          0.0000
          4.5742
          0.0000
          0.0000
          0.0000
          0.0000
          0.0000
         96.6370
        335.4755
        242.1300
          0.0000
          0.0000
          0.0000
          0.0000
          0.0000
          0.0000
          0.0000
          3.6134
          0.0000
          0.0000
          0.0000
          0.0000
          0.0000
          0.0000
          0.0000
          0.0000
          0.0000
          0.0000
          0.0000
          0.0000
          0.0000
          0.0000
          0.0000
          0.0000
          0.0000
          0.0000
          0.0000
          0.0000
          0.0000
          0.0000
          0.0000
          0.0000
          0.0000
          0.0000
          0.0000
          0.0000
          0.0000
          0.0000
         14.2476
         12.8072
          0.0000
          0.0000
          0.0000
          0.0000
          0.0000
          0.0000
         10.2355
         57.3156
         38.5599
          0.0000
          9.6198
         11.2789
          0.0000
         19.1441
         49.0206
        101.1156
          2.1098
          0.0000
          0.0000
          0.0000
         28.3212
         48.0567
          6.5107
         14.6776
        136.9574
        111.4896
          0.0000
         44.6365
         79.0377
         86.5083
         95.2590
         34.1675
          7.7542
        183.7902
          0.0000
          0.0000
          0.0000
          0.0000
          0.0000
          9.3971
          0.0000
          0.0000
         26.0148
          0.0000
          0.0000
         24.2401
          7.1562
          0.0000
          0.0000
          0.0000
          0.0000
         13.1133
         56.7276
         38.8046
          6.7703
         48.8791
          0.0000
          0.0000
          0.0000
          0.0000
         14.7638
         23.9687
          5.8369
          9.2121
          0.0000
          0.0000
          0.0000
          0.0000
         26.6974
         24.3708
          5.8988
          0.1437
          0.0000
          0.0000
          0.0000
          0.0000
          0.0000
          0.0000
          0.0000
          0.0000
          0.0000
          0.0000
          0.0000
          0.0000
          0.0000
          0.0000
          0.0000
          0.0000
          0.0000
          0.0000
          0.0000
          0.0000
          0.0000
         13.2898
          9.1594
          8.1448
          0.0000
          0.0000
          0.0000
          0.0000
          6.0167
         22.5450
         42.0845
         37.8073
          0.0000
          0.0000
          0.0000
          0.0000
         60.5546
         29.2446
          0.0000
          0.0000
          0.0000
          0.0000
          0.0000
          0.0000
          0.0000
          0.0000
          0.0000
          0.0000
          0.0000
          0.0000
          0.0000
          0.0000
          0.0000
          0.0000
          0.0000
         15.5885
          0.0000
          0.0000
          0.0000
          1.7129
         61.1103
         65.9344
         60.8910
         25.6169
          0.0000
          0.0000
          0.0000
          0.0000
          0.0000
          0.0000
          7.0002
         22.3928
          0.0000
          0.0000
          0.0000
          0.0000
          0.0000
          0.0000
          0.0000
          2.1986
         20.6608
         15.6129
          0.0000
          0.0000
          0.0000
          0.0000
         65.7105
         26.8986
         65.0971
          0.0000
          0.0000
          0.0000
          0.0000
          0.0000
          0.0000
         50.5266
          0.0000
          9.6111
          0.0000
          0.0000
          0.0000
          0.0000
          0.0000
          6.0073
          0.0000
          0.0000
          0.0000
          0.0000
         13.7766
         27.8804
          2.3277
         22.9843
         42.0353
         86.0986
          0.0000
          3.3292
          0.0000
          0.0000
          0.0000
          0.0000
          0.0000
          0.0000
          0.0000
          0.0000
          0.0000
          0.0000
          0.0000
          0.0000
          0.0000
          0.0000
          0.0000
          0.0000
          0.0000
          0.0000
          0.0000
          0.0000
          0.0000
          0.0000
          0.0000
          0.0000
          0.0000
          0.0000
          0.0000
          0.0000
          0.0000
         30.7935
          0.0000
          0.0000
          0.0000
         10.2097
          0.0000
          0.0000
          0.0000
          0.0000
         37.4966
         39.1803
         58.7160
         89.0261
        108.9862
        125.7232
          0.0000
          0.0000
          0.0000
          0.0000
          0.0000
          5.6839
         13.2261
          6.1502
         29.3686
          0.0000
          0.0000
          0.0000
          0.0000
          0.0000
          0.0000
          0.0000
          0.0000
          0.0000
          0.0000
          0.0000
          0.0000
          0.0000
          0.0000
          0.9700
          0.0000
          0.0000
          0.0000
          4.7088
          0.0000
          0.0000
          0.0000
          9.2420
         88.9300
        197.6621
          0.0000
          0.0000
          0.0000
          0.0000
          0.0000
          0.0000
          0.0000
          0.0000
          0.0000
          0.0000
          0.0000
          0.0000
          0.0000
          0.0000
          0.0000
          0.0000
          0.0000
          0.0000
          0.0000
          0.0000
          0.0000
         15.3858
          0.0000
          0.0000
          0.0000
          0.0000
          0.0000
         27.7233
          5.8492
        -18.3987
          0.0000
          0.0000
          0.0000
          0.0000
          0.0000
          0.0000
          0.0000
         15.2788
          0.0000
          0.0000
          0.0000
          1.7152
         84.4156
          0.0000
         18.0831
        431.6333
        251.2974
          0.0000
          0.0000
          0.0000
          0.0000
          0.0000
          0.0000
          0.0000
          0.0000
          0.0000
          0.0000
          0.0000
          0.0000
          0.0000
          0.0000
          0.0000
          0.0000
          0.0000
          0.0000
          0.0000
          0.0000
          0.0000
          0.0000
          0.0000
          0.0000
          0.0000
          0.0000
          0.0000
          0.0000
          0.0000
          0.0000
          0.0000
          0.0000
          0.0000
          0.0000
          0.0000
          0.0000
          0.0000
          0.0000
          0.0000
          0.0000
          0.0000
          0.0000
          0.0000
          4.2501
          1.7575
          0.0000
          0.0000
          0.0000
          0.0000
          0.0000
         17.5106
         28.4347
          0.0000
          0.0000
          0.0000
          0.0000
          0.0000
          0.0000
          0.0000
          0.0000
          0.0000
          0.0000
          0.0000
          0.0000
          0.0000
          0.0000
          0.0000
          0.0000
          0.0000
          0.0000
          0.0000
          0.0000
          0.0000
          0.0000
          0.0000
          0.0000
          0.0000
          0.0000
          0.0000
          0.0000
          0.0000
          0.0000
          0.0000
          0.0000
          0.0000
          0.0000
          0.0000
          0.0000
          0.0000
         73.0863
          7.7975
         59.5865
         42.6629
         30.4017
         19.3046
          0.0000
          0.0000
          0.0000
          0.0000
          0.0000
          9.1486
          5.8419
          4.3503
          6.0829
          0.0000
          0.0000
          0.0000
          0.0000
          0.0000
         18.5340
         15.7480
         -1.3817
          0.0000
          0.0000
          0.0000
          0.0000
          0.0000
         23.6494
        220.4419
          0.0000
          0.0000
          0.0000
          0.0000
          0.0000
          0.0000
          0.0000
          0.0000
          0.0000
          0.0000
          9.5356
          0.0000
          0.0000
          0.0000
          0.0000
          0.0000
          0.0000
          0.0000
          0.0000
          0.0000
          0.0000
          0.0000
          0.0000
          0.0000
          0.0000
          0.0000
          0.0000
          0.0000
          0.0000
          0.0000
          0.0000
          0.0000
          0.0000
          0.0000
          0.0000
          0.0000
          0.0000
          2.1085
         -9.8833
         -9.2244
          0.0000
          0.0000
          0.0000
          0.0000
          0.0000
         11.3497
         11.0283
          4.5455
          0.0000
          2.2682
          0.0000
         66.7845
         97.7034
         -4.6587
          0.0000
          6.4664
          0.0000
        146.2530
         28.1315
          0.0000
          0.0000
         15.6855
         22.0412
          0.3904
         -0.1608
        514.2915
        269.6524
          0.0000
          0.0000
          0.0000
          0.0000
          9.5661
          0.0000
          0.0000
          0.0000
          0.0000
          4.9108
          0.0000
          0.0000
          0.0000
          0.0000
          0.0000
          0.0000
          0.0000
          0.0000
          0.0000
          0.0000
          0.0000
          0.0000
          0.0000
          0.0000
          0.0000
          0.0000
          0.0000
         16.8629
         -9.9966
        110.9366
         59.1831
          0.0000
          0.0000
          0.0000
          5.6129
          5.8371
         17.6066
          0.0000
          0.0000
          0.0000
          0.0000
          0.0000
          0.0000
          0.0000
          0.0000
          0.0000
          0.0000
          0.0000
          0.0000
          0.0000
          0.0000
          3.4961
          7.0125
          0.0000
          0.0000
          0.0000
          0.0000
          0.0000
          0.0000
          2.3062
         19.4066
          8.8464
          0.0000
          0.0000
          0.0000
          6.1564
         13.5098
          7.6411
          4.1661
         17.2863
         52.6797
          0.0000
          0.0000
          0.0000
         56.5582
        156.9917
         13.4022
          0.0000
          0.0000
          0.0000
          0.0000
          0.0000
          0.0000
          0.0000
         27.3605
         34.6437
        -27.8513
          0.0000
          0.0000
          0.0000
          0.0000
          0.0000
          0.0000
          0.0000
          0.0000
          0.0000
          0.0000
          0.0000
          0.0000
          0.0000
          0.0000
          0.0000
          0.0000
          0.0000
          0.0000
          0.0000
          0.0000
          0.0000
          0.0000
          0.0000
          0.0000
          0.0000
          0.0000
          0.0000
          9.2723
         15.0855
          8.6489
          0.0000
          0.0000
          0.0000
          0.0000
          0.0000
         19.1172
         61.6759
         39.7811
          0.0000
          0.0000
          0.0000
          0.0000
          0.0000
          0.0000
         11.4756
         13.7468
          0.0000
          0.0000
          3.0820
         16.0330
          0.0000
          6.0505
          0.0000
          0.0000
          0.0000
          0.0000
          0.0000
          0.0000
          0.0000
         14.8829
         11.1497
         -0.4075
          0.0000
          0.0000
          0.0000
          0.0000
          0.6860
          0.0000
          2.4989
          0.0000
          0.0000
          0.0000
          0.0000
          0.0000
          0.0000
          0.0000
          0.0000
          0.0000
          0.0000
          0.0000
          0.0000
          0.0000
          3.8420
         -3.9612
          0.0000
          6.0970
          0.0000
          0.0000
          0.0000
          0.0000
         47.0620
          3.3975
          0.0000
          0.0000
          0.0000
          0.0000
          0.0000
         34.5694
        105.0672
         36.4402
        140.4917
        131.3282
          0.0000
          0.0000
          0.0000
          0.0000
          0.0000
          0.0000
          0.0000
          5.2587
          0.0000
          0.0000
         57.2080
          0.0000
         64.3432
        226.3787
        125.7161
        225.5352
        228.7476
          0.0000
          0.0000
          0.0000
          0.0000
          0.0000
          0.0000
          0.0000
          0.0000
          0.0000
          0.0000
          0.0000
          0.0000
          0.0000
          0.0000
          4.0580
          0.0000
        121.1120
          0.0000
          0.0000
          0.0000
         60.9653
          9.5290
          0.0000
          0.0000
          0.0000
          0.0000
          0.0000
          0.0000
          0.0000
          0.0000
          0.0000
          0.0000
          0.0000
          0.0000
          0.0000
         15.0169
         19.4303
          0.0000
          0.0000
          0.0000
          0.0000
          0.0000
          0.0000
          0.0000
          0.0000
         43.3605
        483.4121
          0.0000
          0.0000
          0.0000
          0.0000
          8.1507
         16.6193
          0.0000
          0.0000
          0.0000
          0.0000
          0.0000
          0.0000
        267.3633
        550.0897
        324.5462
         39.4245
          0.0000
          0.0000
          0.0000
          0.0000
          0.0000
         40.2845
        450.8921
        361.3432
        427.1319
          0.0000
          0.0000
          0.0000
          0.0000
          5.8150
          0.0000
          0.6016
          0.0000
        129.0664
          0.0000
          0.0000
          9.4546
          0.0000
        403.3173
          0.0000
          0.0000
          0.0000
          0.0000
          0.0000
          3.3260
         30.1410
         15.1778
         -1.2143
          0.0000
          0.0000
          0.0000
          0.0000
          0.0000
          0.0000
          0.0000
          2.8797
          0.0000
          0.0000
          0.0000
          0.0000
         74.3860
         67.8838
         20.7096
         86.4087
         73.5675
          0.0000
          0.0000
          0.0000
         11.6501
         22.4136
          0.0000
          0.0000
          0.0000
          0.0000
          0.0000
          0.0000
          1.3404
         15.6783
         19.6887
         36.0373
          0.0000
          0.0000
          0.0000
          0.0000
          0.0000
         20.2198
          0.0000
         49.7729
         57.1745
        504.9080
          5.2224
          0.0000
          0.0000
          0.0000
          0.0000
         19.3437
          0.0000
         55.9885
          0.0000
         10.3984
         18.9200
         19.0306
         13.3367
         35.8494
        124.6802
         25.4772
          0.0000
          0.0000
          0.0000
          0.0000
          0.0000
          0.0000
          0.0000
         92.9488
          0.0000
          0.0000
          0.0000
          0.0000
          0.0000
         45.8168
          8.5146
        206.0157
         28.9495
          0.0000
          0.0000
          0.0000
          0.0000
          0.0000
          0.0000
          0.0000
          0.0000
          0.0000
          0.0000
          0.0000
          0.0000
          0.0000
          0.0000
          0.0000
          0.0000
          0.0000
          0.0000
          0.0000
          0.0000
         11.0558
          3.7970
          0.0000
          0.0000
          0.0000
          5.5016
         10.2138
          0.0000
          0.0000
          0.0000
          0.0000
          0.0000
         19.1485
         19.2930
         27.3183
         16.4287
         21.4777
          7.7187
        -54.3492
          0.0000
          0.0000
          0.0000
          0.0000
          0.0000
          0.0000
          0.0000
          0.0000
          0.0000
          0.0000
          0.0000
          0.0000
          0.0000
          0.0000
          0.0000
          0.0000
          0.0000
          0.0000
          0.0000
          2.5090
          4.0434
          8.9497
          0.0000
          0.0000
          0.0000
          0.0000
          0.0000
          0.0000
          0.0000
          0.0000
          0.0000
          0.0000
          0.0000
          0.0000
         13.5409
         37.6104
         36.1454
         29.3314
         25.8742
        434.3880
         50.4369
          0.0000
          0.0000
          0.0000
          0.0000
         11.6584
          0.0000
        218.7886
          0.0000
          0.0000
          0.0000
         10.5879
          0.0000
         26.4329
          3.2388
          0.0000
          0.0000
          0.0000
          0.0000
          0.0000
          0.0000
          0.0000
          0.0000
          0.0000
          0.0000
          0.0000
          0.0000
          0.0000
          0.0000
          0.0000
          0.0000
          0.0000
          0.0000
          0.0000
         44.5134
         31.8459
        -16.2218
        490.7857
        484.2698
         18.8442
          0.0000
          0.0000
          0.0000
          0.0000
          0.0000
          0.0000
          5.5850
          0.0000
          0.0000
          0.0000
          0.0000
          0.0000
          0.0000
          8.5697
         11.3648
          0.0000
          0.0000
          0.0000
          0.0000
          0.0000
          0.0000
          7.0752
        148.6325
        446.7501
          9.4538
        -47.1991
         88.1296
        174.8235
         89.3379
        462.7769
        648.7642
        480.5756
          0.0000
          0.0000
          0.0000
          0.0000
          0.0000
          0.0000
          0.0000
          0.0000
          0.0000
          0.0000
          0.0000
          9.6662
         78.5506
        230.2140
        363.1562
        229.1053
          0.0000
          0.0000
          0.0000
          0.0000
          0.0000
          0.0000
          0.0000
          0.0000
          0.0000
          0.0000
          0.0000
          0.0000
          0.0000
          0.0000
          0.0000
          0.0000
        173.9032
         54.5416
          0.0000
          0.0000
          0.0000
          0.0000
          0.0000
          0.0000
          0.0000
          0.0000
          0.0000
          0.0000
          0.0000
         11.7771
         53.5658
        304.5512
        334.1470
        107.5855
         51.4363
         53.6421
        311.7023
        370.0910
        243.7155
         74.7333
          0.0000
          0.0000
          0.0000
          0.0000
          0.0000
          0.0000
          0.0000
          4.3272
          0.0000
         28.5412
        312.0056
        407.9213
        236.7604
         77.3820
         48.0475
          0.0000
          0.0000
          0.0000
          0.0000
          0.0000
          0.0000
          0.3128
          0.0000
          0.0000
          0.0000
          0.0000
          0.0000
         12.2556
         11.3024
         26.4504
          0.0000
          0.0000
          0.0000
          0.0000
          0.0000
          0.0000
          0.0000
          0.0000
          4.7344
          0.0000
          0.0000
          0.0000
         17.6575
         16.0789
          2.3947
          6.4120
          0.0000
          0.0000
          0.0000
          0.0000
          0.0000
          0.0000
         39.5339
        137.3761
        324.0282
        296.6325
         83.2991
          0.0000
          0.0000
          0.0000
          0.0000
          0.0000
          0.0000
          0.0000
          0.0000
          0.0000
          0.0000
          0.0000
          0.0000
          0.0000
          0.0000
          0.0000
          0.0000
          0.0000
          0.0000
          0.0000
          0.0000
          0.0000
          0.0000
         -0.6567
          0.0000
          0.0000
         18.2452
         27.7149
          6.3855
         11.0769
         20.5752
         -5.0739
          0.0000
          0.0000
         43.6142
         37.9522
         12.3967
         27.4913
        107.3126
         98.8620
          0.0000
          0.0000
          0.0000
          0.0000
          8.5739
         35.9020
         57.3999
         10.5598
          0.0000
          0.0000
          0.0000
          0.0000
          0.0000
          0.0000
         21.8575
          0.0000
          0.0000
          9.0066
         13.6883
         40.3340
         40.4997
         46.3673
         54.9367
        155.1121
          0.9445
          0.0000
          0.0000
          0.0000
          0.0000
          6.8041
        112.6698
          1.3023
          0.0000
          9.2445
          0.0000
          0.0000
         62.8882
         48.1654
        263.2302
        252.4025
          0.0000
          0.0000
         36.8025
         34.5247
         84.4829
          0.0000
          0.0000
          0.0000
          0.0000
         15.2357
         19.3283
          6.5191
          0.0000
          0.0000
          0.0000
          0.0000
          0.0000
          0.0000
         30.7051
         33.6411
         17.1354
        101.0525
        478.1211
          0.0000
          0.0000
          0.0000
         97.3852
         78.0643
        213.7453
        255.4378
        245.4238
         52.8023
          0.0000
          0.0000
          0.0000
          0.0000
          0.0000
          0.0000
          0.0000
         35.7856
          6.3833
          0.0000
          0.0000
          0.0000
          0.0000
          0.0000
          0.0000
          0.0000
          0.0000
          0.0000
         13.0315
         46.4198
          7.4875
         36.4087
        497.6426
        529.8954
          0.0000
          0.0000
          0.0000
          0.0000
          0.0000
         20.0707
          0.0000
          0.0000
          0.0000
        115.3094
        215.1373
        123.1325
          0.0000
          0.0000
          0.0000
          0.0000
          0.0000
          0.0000
          0.0000
          0.0000
          0.0000
          0.0000
          0.0000
          0.0000
          0.0000
          0.0000
         19.2919
        103.3007
        111.9668
         18.8024
        337.3344
        145.3971
          0.0000
          0.0000
          0.0000
          2.9797
          1.5750
         20.1850
          0.0000
          0.0000
          0.0000
          0.0000
         22.5234
        169.8090
          0.0000
          0.0000
          0.0000
         -5.0121
          0.0000
          0.0000
          4.7318
         25.0799
          7.2531
          3.6812
         15.6052
          0.0000
          0.0000
         16.4064
         27.8459
         22.1926
         60.9968
         22.1316
          0.0000
          0.0000
          0.0000
          0.0000
          6.0983
         35.4464
         52.9904
         54.2411
         45.7118
        139.9774
          0.0000
          0.0000
          0.0000
         21.0824
         39.9617
         85.8004
        178.4734
        239.8930
          0.0000
          0.0000
          0.0000
         30.8269
         80.7854
         50.4227
        146.9662
        201.9332
          0.0000
          0.0000
         57.1440
         -7.5556
          1.6320
         15.5903
          0.0000
          0.0000
          0.0000
          0.0000
          0.0000
          0.0000
          0.0000
          7.2947
          0.0000
          0.0000
          0.0000
          0.0000
          0.0000
         15.2062
         28.6631
         31.9191
          0.7035
          0.0000
          0.0000
         10.4115
        105.2750
         39.2312
         20.7297
        105.9639
        346.6619
          0.0000
          0.0000
         16.3691
         50.4303
          8.5862
          0.0000
         11.9959
          0.0000
          0.0000
          0.0000
          0.0000
          0.0000
         18.9177
         25.5089
         33.5855
         52.4493
          7.7177
          7.7177
          0.0000
          0.0000
         17.1577
         10.9357
         23.8327
         22.4082
          4.7323
          0.0000
          0.0000
          0.0000
          0.0000
          0.0000
         27.0923
         74.6486
        101.2372
          0.0000
         20.8126
         54.9951
         22.6716
         13.8016
         17.8849
          0.0000
          0.0000
          0.0000
          0.0000
         35.5930
         49.5706
         24.6179
         54.1359
        137.9149
         58.6388
          0.0000
          0.0000
         15.3311
         41.9107
         65.0282
        116.8068
        190.9957
          0.0000
          0.0000
          0.0000
         13.8676
         45.7300
         16.2401
         30.3952
         46.5304
         45.4611
          0.0000
          0.0000
          0.0000
          0.0000
          0.0000
          0.0000
          0.0000
          0.0000
          0.0000
         40.6647
         59.1498
         46.5125
         57.6580
         72.9470
         37.9229
          0.0000
          0.0000
         79.8687
        235.1418
        120.6501
        271.8364
        178.2457
        169.7894
          0.0000
          0.0000
          0.0000
          2.8814
         30.9027
         32.6710
         65.9999
         56.6681
          0.0000
          0.0000
          0.0000
          0.0000
         10.1123
         20.9558
        113.4288
        246.6940
         71.5416
          0.0000
          0.0000
          0.0000
          0.0000
          0.0000
          0.0000
          0.0000
          0.0000
          0.0000
          0.0000
          0.0000
          0.0000
          0.0000
          0.0000
          0.0000
          0.0000
          0.0000
          0.0000
          0.0000
         24.2510
         20.6986
         11.1895
          0.0000
        116.0927
          0.0000
          0.0000
          0.0000
          0.0000
          0.0000
          0.0000
          0.0000
          0.0000
          0.0000
          0.0000
          0.0000
          0.0000
          0.0000
          0.0000
          0.0000
          1.5849
          0.0000
         26.7876
          0.0000
          0.0000
          0.0000
         15.2574
          0.0000
          0.0000
         66.6315
          0.0000
          0.0000
          0.0000
          1.3500
         17.2317
          0.0000
          0.0000
        121.8007
        199.5772
        115.6608
         12.5983
          0.0000
         13.1134
          0.0000
        170.7806
        141.8883
          0.0000
          0.0000
          0.0000
          0.0000
          0.0000
          0.0000
          0.0000
         24.0842
          0.0000
          0.0000
         16.4205
          0.0000
          3.6991
          0.0000
          0.0000
          0.0000
          0.0000
          0.0000
          1.6773
          0.0000
         13.5055
          0.0000
          0.0000
        126.3598
        250.6322
        165.5083
         56.0775
        -14.1691
         46.3669
        147.5396
         79.1577
         50.7766
          0.0000
         66.8077
         60.6619
         15.7748
         26.7199
         95.7504
        115.1027
          0.0000
          0.0000
          0.0000
          6.3239
         13.9905
         45.9874
         24.3049
          0.0000
          0.0000
          0.0000
          0.0000
          0.0000
          5.3894
         34.5871
         20.1220
          0.0000
          0.0000
          0.0000
          0.0000
          0.0000
          0.0000
          0.0000
          0.0000
          0.0000
          0.0000
          0.0000
          0.0000
          0.0000
          5.2991
         18.3229
          0.0000
          0.0000
          0.0000
          0.0000
          8.6719
         13.4182
          2.3176
         29.3066
         28.5797
        164.2166
        199.4702
         59.8805
         21.6216
         44.0493
         54.7932
         22.8853
          5.1692
          0.0000
         18.2715
         10.5437
         17.1452
         89.0633
        124.1426
       -110.1694
        265.6293
         34.5792
          0.0000
          0.0000
          0.5456
         24.9345
         44.1351
         53.4617
        308.2487
         79.8512
          0.0000
          0.0000
          0.0000
         29.9847
         61.5343
          6.1054
         41.2390
         56.0652
          0.0000
          0.0000
          0.0000
          0.0000
          0.0000
          0.0000
          0.0000
          0.0000
          0.0000
          0.0000
          0.0000
          0.0000
          0.0000
         23.6062
         11.6634
          0.0000
          0.0000
          0.0000
          0.0000
          0.0000
          0.0000
          0.0000
          0.0000
         -3.4562
          0.0000
          0.0000
          0.0000
          0.0000
          0.0000
          0.0000
          0.0000
         -6.3189
          0.0000
          0.0000
          0.0000
          0.0000
          0.0000
          0.0000
          0.0000
          0.0000
          0.5884
          5.4150
         -2.3245
          0.1818
          0.2343
          3.7775
         -0.7874
         -4.0045
          0.0000
          0.0000
          0.0000
          0.0000
          0.0000
          9.8186
          0.0000
          0.0000
         89.6857
        217.0456
        140.4218
          0.0000
          0.0000
          0.0000
          0.0000
          0.0000
          0.0000
          0.0000
          0.0000
          7.7313
          4.3406
          8.4847
          0.0000
         14.6977
          0.0000
          0.0000
          0.0000
          3.2679
          7.5133
         44.5570
         45.3017
        260.3583
          0.0000
          0.0000
          0.0000
          0.0000
          0.0000
          4.1460
          0.0000
          0.0000
          0.0000
         25.2743
         34.1611
         27.5876
         46.6223
         74.1129
         38.6357
          0.0000
          0.0000
          0.0000
          0.0000
         13.3438
         20.8589
         48.3661
         74.3867
          0.0000
          0.0000
          0.0000
          6.4244
          3.7751
          8.3740
         20.1859
          0.0000
          0.0000
          0.0000
          0.0000
         10.1643
         19.2871
          0.0000
         70.9837
        256.8688
        178.5318
          0.0000
          0.0000
          0.0000
          0.0000
          5.2376
         50.6130
        286.6405
          0.0000
          0.0000
          0.0000
          0.0000
          0.0000
          0.0000
          0.0000
          0.0000
          0.0000
          0.0000
         -2.0640
          0.0000
          0.0000
          0.0000
          0.0000
          0.0000
          0.0000
          0.0000
          0.0000
          0.0000
          0.0000
          0.0000
          0.0000
          0.0000
        140.9227
        303.3606
        116.6843
         83.6708
         41.3485
        -14.2626
        -23.8973
         14.3339
        364.9171
        368.4550
        286.0529
         26.8988
          0.0000
          0.0000
          0.0000
          0.0000
          0.0000
          0.0000
          0.0000
          0.0000
          0.0000
          0.0000
         22.2574
         26.6127
         86.8136
        111.7553
         18.2779
         -1.4262
          0.4244
         26.4874
          6.3470
          0.0000
          0.0000
          0.0000
          0.0000
         47.6520
          7.1126
          0.0000
          0.0000
          0.0000
          9.4867
          0.0000
          0.0000
          0.0000
          0.0000
         56.7218
         61.9940
          0.0000
          0.0000
          0.0000
          0.0000
          0.0000
          7.6241
          6.8519
          9.3414
          0.0000
          0.0000
          0.0000
          7.1546
        493.5016
        232.6198
        100.9234
        140.4392
         43.1831
        536.1312
        551.1746
        216.5139
          0.0000
          0.0000
          6.3406
         32.5031
         13.7053
        187.6680
        249.2159
         37.2341
          0.0000
          0.0000
          0.0000
          6.5935
          0.0000
        102.6648
         60.7121
          0.0000
          0.0000
          0.0000
          0.0000
         19.5801
        178.7650
          0.0000
          0.0000
          0.0000
         13.5626
         91.0210
          0.0000
          4.2654
          0.0000
          0.0000
          0.0000
          0.9346
          5.3563
          7.0198
          0.0000
          6.2584
        214.8437
        102.1996
          0.0000
          0.0000
          0.0000
          0.0000
          0.0000
          0.0000
          0.0000
          0.0000
          0.0000
          0.0000
          0.0000
          0.0000
         15.1433
         24.4865
          0.0000
          0.0000
        136.6650
         55.6220
          0.0000
         14.1971
         62.2839
         21.7145
          0.0000
         96.2254
          0.0000
          0.0000
          0.0000
         14.4976
          0.0000
          5.3926
          0.0000
         25.0577
          0.0000
          0.0000
         34.1071
         53.7223
         84.8285
         71.7750
          0.0000
          0.0000
          0.0000
          0.0000
          0.0000
          0.0000
          0.0000
          0.0000
          0.0000
         -2.7576
          0.0000
          6.0540
          6.5847
         36.8081
         67.5848
         47.8041
         34.8108
         92.6910
         96.5743
         42.2209
         12.6513
         35.2513
        126.2006
          9.1366
          0.0000
          0.0000
        263.8948
         68.8344
         43.7359
         20.1546
         28.0422
         22.0576
         83.3863
        121.7509
          3.9226
         19.2704
          9.7731
          4.9260
         68.6902
        -68.9495
         50.6972
        138.6326
        292.0068
          0.0000
         97.3090
          0.0000
         70.9964
        140.6394
         37.4882
       -147.5503
         56.8055
        118.2886
        145.4564
        104.6474
         59.3551
          0.0000
          0.0000
          0.0000
          0.0000
          0.0000
         65.9758
         19.2521
        -42.4330
       -124.5325
         39.9186
       -152.8773
        -92.0408
          0.0000
          0.0000
          0.0000
         18.4778
         79.8745
        106.7550
          7.9976
          0.0000
          0.0000
          0.0000
          0.0000
          0.0000
         43.7508
          0.0000
          0.0000
          0.0000
          0.0000
          1.3532
          5.4446
         -2.0864
          0.0000
          0.0000
          0.0000
          0.0000
        137.9360
        166.8631
        208.0233
         85.2478
         15.1655
          0.0000
        445.3794
        564.9236
        302.7553
        538.7393
        389.8832
        286.4124
         47.9707
          0.0000
          0.0000
          0.0000
          0.0000
          0.0000
          0.0000
          0.0000
          0.0000
          0.0000
          0.0000
          0.0000
          0.0000
          0.0000
          0.0000
          0.0000
          0.0000
          0.0000
          0.0000
          0.0000
          0.0000
          0.0000
          0.0000
          0.0000
          0.0000
          0.0000
          0.0000
          0.0000
          0.0000
         13.7894
        115.3373
        375.4768
        456.0961
        658.1236
        207.8022
          0.0000
          0.0000
          0.0000
          0.0000
          0.0000
         41.2423
        286.5823
          0.0000
          0.0000
          0.0000
          0.0000
          0.0000
          0.0000
          0.0000
         56.6575
         11.8074
          0.0000
          0.0000
          0.0000
          0.0000
         80.3181
        192.7334
        164.2517
         77.4624
         49.3643
          0.0000
          0.0000
          0.0000
          0.0000
          0.0000
          0.0000
          0.0000
          0.0000
          0.0000
          0.0000
          0.0000
          0.0000
          0.0000
          0.0000
          0.0000
          0.0000
          0.0000
          0.0000
          0.0000
          0.0000
          0.0000
          0.0000
          0.0000
          0.0000
          2.6156
          0.0000
          0.0000
          0.0000
          0.0000
          0.0000
          0.0000
          0.0000
          2.8423
         31.5769
          1.0648
         -0.4195
          0.0000
          0.0000
          0.0000
          0.0000
          4.2663
         22.0341
         13.5240
          0.7694
         -4.9345
          0.0000
          0.0000
          0.0000
          0.0000
          9.6525
         27.2573
          0.0000
          1.3660
          0.0000
          0.0000
          0.0000
          0.0000
          1.2707
         34.7014
         14.4441
         30.0073
          0.0000
          0.0000
          0.0000
        126.5126
        149.1966
          0.0000
          8.2975
          0.0000
          0.0000
          0.0000
          0.0000
          0.0000
          0.0000
          0.0000
          0.0000
         30.0644
          0.0000
          0.0000
          0.0000
          0.0000
          0.0000
          0.0000
          0.0000
          0.0000
          0.0000
          0.0000
          0.0000
          0.0000
          6.9550
         19.0751
        256.1454
        249.8705
          8.4215
          0.0000
          0.0000
          0.0000
          0.0000
          0.0000
        124.5248
         95.8566
         68.3421
          0.0000
          0.0000
          0.0000
          0.0000
          0.0000
          0.0000
          0.0000
          0.0000
          0.0000
          0.0000
          0.0000
          0.0000
          0.0000
          0.0000
          0.0000
          0.0000
          0.0000
          0.0000
          0.0000
          0.0000
         43.9090
         64.1091
         88.3993
        311.5681
          0.0000
          0.0000
          0.0000
          0.0000
         35.5910
          0.0000
          0.0000
         68.5980
         23.5434
          0.0000
          0.0000
          0.0000
         11.0040
          1.4680
         56.5217
        158.2333
        108.8816
          0.0000
          0.0000
          0.0000
          0.0000
          0.0000
         13.4367
          7.9015
          0.0000
          0.0000
          0.0000
          0.0000
          0.0000
          0.0000
          7.2238
          0.0000
          0.0000
          0.0000
          0.0000
          0.0000
          1.8695
          0.0000
          0.0000
          0.0000
          0.0000
          0.0000
          0.0000
          0.0000
          0.0000
          0.0000
          7.0184
         12.2970
          0.0000
          0.0000
          0.0000
          0.0000
         11.8854
          1.6829
         38.7520
        125.1431
         90.0787
          0.0000
          0.0000
         69.6965
         55.8637
          7.6327
         46.6921
         30.1064
          0.0000
          0.0000
          0.0000
          0.0000
         12.3238
          0.0000
         28.0493
        261.0623
          0.0000
          0.0000
          0.0000
          0.0000
          0.0000
          0.0000
          0.0000
          0.0000
          0.0000
          0.0000
          0.0000
          5.1872
         25.4317
         14.4179
          6.4111
          0.0000
          0.0000
          0.0000
         70.9626
        232.3042
         88.2327
          0.0000
          0.0000
         83.9971
          0.0000
        100.0269
          0.0000
          0.0000
          0.0000
        102.5443
        163.2480
         72.8575
          0.0000
          0.0000
          0.0000
          0.0000
          4.1659
         97.5488
         32.3288
         24.5577
         28.2919
         90.7171
        141.5283
        168.7521
        117.3506
        151.2640
        137.4016
         18.8594
          0.0000
          0.0000
          7.0785
          9.0025
          5.7386
          0.0000
          0.0000
          0.0000
        187.6834
        368.4811
        251.0717
          0.0000
          0.0000
          0.0000
          0.0000
          0.0000
          0.0000
          0.0000
          0.0000
          0.0000
          0.0000
          0.0000
          0.0000
          0.0000
          0.0000
          0.0000
          4.0725
          4.6071
          0.0000
          0.0000
         -8.2654
         17.2921
          0.0000
          0.0000
          0.0000
         40.8197
        147.1913
        203.2731
        233.6006
        417.7428
          0.0000
          0.0000
          0.0000
          0.0000
          0.0000
          6.0828
          8.6555
          9.3835
          0.0000
          0.0000
          0.0000
          0.0000
          0.0000
         23.1655
         65.3299
         92.3186
         44.8408
          0.0000
          0.0000
          0.0000
         79.2265
         88.4952
         16.5256
          0.0000
          0.0000
          0.0000
          0.0000
          0.0000
          0.0000
         68.6132
        123.1553
        261.2896
          3.3900
          0.0000
          0.0000
          0.0000
          0.0000
          0.0000
         28.5334
        154.5085
         32.0152
          0.0000
          0.0000
          0.0000
          0.0000
          0.0000
          0.0000
          0.0000
          0.0000
          0.0000
          0.0000
          0.0000
         20.2111
         16.4280
         10.5196
          0.0000
          0.0000
          0.0000
          3.9021
         75.6031
         88.0003
         51.0185
         45.3385
         18.2011
          0.0000
          0.0000
          0.0000
          0.0000
          0.0000
          0.0000
          0.0000
          0.0000
          0.0000
          0.0000
          0.0000
          0.0000
          0.0000
          6.6720
        105.7855
         17.5309
          0.0000
          0.0000
         68.6883
          0.0000
          1.9795
          0.0000
          0.0000
          0.0000
          0.0000
          3.0698
         40.3036
         23.1506
         33.2620
         40.6977
         24.5058
          0.0000
          0.0000
          0.0000
         70.5260
        313.0761
        429.0792
        382.0767
        319.2828
        365.7667
          0.0000
          0.0000
          0.0000
          0.0000
          0.0000
          0.0000
         10.2140
          0.0000
          0.0000
          0.0000
          0.0000
          0.0000
          0.0000
          0.0000
          0.0000
         19.9270
        108.1003
        100.0837
          0.0000
          0.0000
          0.0000
          0.0000
          0.0000
         59.1276
        237.9187
          0.0000
          0.0000
          0.0000
          0.0000
          0.0000
          0.0000
          0.0000
          8.4909
          0.0000
          0.0000
          3.6202
         26.2250
         10.8268
         49.0146
         78.0342
          0.0000
          0.0000
         18.0693
         25.5098
          0.0000
          0.0000
          0.0000
          3.6727
         28.1674
          0.0000
          1.5510
        120.4604
        301.9317
         73.4691
         54.9624
         71.5883
         87.8730
          0.0000
          0.0000
          0.0000
          0.0000
          5.6175
         29.5346
          7.0493
          0.0000
         94.5068
         51.7263
         13.4628
         12.9820
          0.0000
          0.0000
          0.0000
          0.0000
          0.0000
          0.0000
          6.3371
         20.8156
         13.8689
         22.9772
          0.0000
          0.0000
          0.0000
          0.0000
          0.0000
          0.0000
          3.7975
          8.2940
          0.0000
          0.0000
          0.0000
          0.0000
          0.0000
          0.0000
          0.0000
          7.8206
          9.9669
          0.0000
          0.0000
          0.0000
          0.0000
         15.1630
          0.0000
         12.5306
         21.5747
          0.0000
          0.0000
          5.4977
          8.8616
          6.6119
          0.0000
          7.4136
          7.7903
        296.4001
          0.0000
          0.0000
          0.2109
          0.7072
          0.0000
          0.0000
          0.0000
          0.0000
          0.0000
          0.0000
          3.8113
          0.0000
          0.0000
          0.0000
          0.0000
          0.0000
          0.0000
          0.0000
          0.0000
          0.0000
          0.0000
          0.0000
          0.0000
          0.0000
          0.0000
          0.0000
          2.4873
         15.8838
         39.3454
         41.0144
          0.0000
          0.0000
          0.0000
          0.0000
          0.0000
          0.0000
          0.0000
          0.0000
          0.0000
          0.0000
          0.0000
          0.0000
          0.0000
          0.0000
          0.0000
          0.0000
          0.0000
          0.0000
          0.0000
          0.0000
          0.0000
          0.0000
         19.8725
         32.5787
          0.0000
          0.0000
          0.0000
          0.0000
          0.0000
         15.2901
          0.0000
          0.0000
          0.0000
          0.0000
          0.0000
          0.0000
          4.5860
         53.0841
         22.1130
          0.0000
          0.0000
          0.0000
          0.0000
          0.0000
          0.0000
          0.0000
          0.0000
          1.6850
          0.0000
          0.0000
          0.0000
          0.0000
          0.0000
          0.0000
          0.0000
         27.0244
          0.0000
          0.0000
          0.0000
          0.0000
          0.0000
          0.0000
          0.0000
         12.3106
          2.3980
         35.1070
          0.0000
          0.0000
          0.0000
          0.0000
          0.0000
          0.0000
          0.0000
          0.0000
          0.0000
          0.0000
          0.0000
          0.0000
          0.0000
          0.0000
          0.0000
          0.0000
          0.0000
          0.0000
          0.0000
          0.0000
          0.0000
          5.2603
         11.2362
          5.3889
          1.9279
         10.8786
         19.9889
         27.5705
          3.8764
         42.6093
        203.8758
        259.8819
          0.0000
          0.0000
          0.0000
          8.7726
          4.8515
         10.3091
          0.0000
          0.0000
          0.0000
          4.6408
         58.5605
         55.0968
         32.2644
         81.1797
          9.3900
          0.0000
          0.0000
          0.0000
          6.5199
         46.9678
         48.7216
        212.5459
        306.0508
          0.0000
          0.0000
          0.0000
          0.0000
          7.1629
          0.0000
          0.0000
          0.0000
          0.0000
          0.0000
          0.0000
         11.0595
         37.0086
         70.2909
        145.0868
        242.1540
         47.5306
          0.0000
          0.0000
          0.0000
          0.0000
          0.0000
          0.0000
          0.0000
          0.0000
          0.0000
          0.0000
          6.8947
          7.9911
          0.0000
          0.0000
          0.0000
          0.0000
          0.0000
          0.0000
          0.0000
          0.0000
          0.0000
         22.5155
         56.1860
         19.4600
          0.0000
          0.0000
         56.1929
        122.4292
        114.9732
        162.7301
        338.9477
          0.0000
          0.0000
          0.0000
          0.0000
          0.0000
          0.0000
          0.0000
          0.0000
          0.0000
          0.0000
          0.0000
          0.0000
          0.0000
          0.0000
          0.0000
          0.0000
          0.0000
          0.0000
          0.0000
          0.0000
          5.3738
          0.0000
          7.2827
          0.0000
          0.0000
          0.0000
          0.0000
          0.0000
          0.0000
          0.0000
          0.0000
          0.0000
          0.0000
          0.0000
          0.0000
          0.0000
          0.0000
          0.0000
          0.0000
          0.0000
          0.0000
          0.0000
          0.0000
          6.9678
          0.0000
          0.0000
          0.0000
          2.9321
         10.8411
          0.0000
          0.0000
          0.0000
         12.7173
          7.9775
         10.4573
          0.0000
          0.0000
          0.0000
         13.5164
         64.0363
         10.3355
         -6.5417
          9.2844
          5.7401
          0.0000
          0.4669
         29.9647
         16.2435
         18.4986
          0.0000
          9.2334
         15.3127
         35.7379
        223.8034
          0.0000
          4.6002
         30.5406
         45.4719
         26.6643
          0.0000
          0.0000
          0.0000
          0.0000
          0.0000
          0.0000
          0.0000
          0.0000
          0.0000
          0.0000
          0.0000
          0.0000
          0.0000
          0.0000
          0.0000
          0.0000
          0.0000
          0.0000
          0.0000
          0.0000
          0.0000
          8.5052
          0.0000
          0.0000
          0.0000
          0.0000
          0.0000
          0.0000
          0.0000
          8.0886
          0.0000
          0.0000
          0.0000
          0.0000
          0.0000
          0.0000
          0.0000
          0.0000
          0.0000
          0.0000
          0.0000
          0.0000
          0.0000
         -2.1654
          0.0000
          0.0000
          0.0000
         10.9424
          0.0000
          0.0000
          0.0000
          0.0000
          0.0000
          0.0000
          0.0000
          0.0000
          0.0000
          0.0000
         41.4154
          0.0000
          0.0000
          0.0000
          0.0000
          0.0000
          0.0000
          0.0000
          0.0000
          0.0000
         12.3971
         52.2435
        207.3326
        278.3884
          5.6506
          0.0000
          0.0000
          0.0000
          0.0000
          0.0000
          0.0000
          0.0000
          0.0000
          0.0000
          0.0000
          0.0000
          0.0000
          9.0184
         16.5977
         10.1350
          0.0000
          0.0000
          0.0000
         13.7610
          0.0000
          0.0000
          0.0000
          0.0000
          0.0000
          0.0000
        139.0612
          0.0000
          0.0000
          0.0000
          0.0000
         38.3992
         45.8848
         41.4508
         10.1828
          0.0000
          0.0000
          0.0000
         45.4037
         19.0048
          0.0000
          0.0000
          0.0000
         13.6643
         36.9113
         43.9209
        216.0797
        189.3225
        156.1888
        289.7958
         44.4978
         19.4837
         20.0780
        104.5801
        165.8487
         45.0519
          0.0000
          0.0000
          0.0000
          7.5749
         78.1543
        301.9696
        154.9728
          0.0000
          0.0000
          0.0000
          0.0000
          0.0000
          0.0000
          0.0000
          0.0000
          0.0000
        280.3449
        280.3699
          0.0000
          0.0000
          0.0000
          0.0000
          0.0000
         31.7637
          0.0000
        141.6075
        166.6718
          0.0000
          0.0000
          0.0000
          0.0000
         23.3149
         20.8829
         40.4464
         34.5313
         52.1017
         48.0622
         21.5704
          0.0000
          0.0000
          0.0000
          0.0000
          0.0000
          0.0000
          0.0000
          0.0000
          0.0000
          0.0000
          0.0000
          0.0000
          0.0000
          0.0000
          0.0000
          0.0000
          0.0000
          0.0000
          0.0000
        214.6556
         20.7739
          0.0000
          0.0000
          0.0000
          0.0000
          0.0000
          0.0000
          0.0000
          0.0000
          0.0000
          0.0000
          0.0000
          0.0000
          5.4219
          0.0000
          0.0000
          0.0000
          0.0000
         17.9598
         12.1015
          0.0000
          0.0000
          0.0000
          0.0000
          1.7857
          0.0000
          0.0000
          0.0000
          0.0000
          4.7673
          0.0000
          0.0000
          0.0000
          0.0000
          0.0000
          0.0000
          0.0000
          0.0000
          0.0000
          0.0000
          0.0000
          0.0000
          0.0000
          0.0000
          0.0000
          0.0000
          0.0000
          0.0000
          0.0000
         16.8492
         46.5743
          8.3571
          0.0000
          0.0000
          0.0000
          0.0000
          0.0000
          0.0000
          0.0000
          0.0000
          0.0000
          0.0000
          0.0000
          0.0000
          0.0000
          0.0000
          0.0000
          0.0000
          0.0000
          0.0000
          0.0000
          0.0000
          0.0000
          0.0000
          0.0000
          0.0000
          0.0000
          0.0000
          0.0000
          0.0000
          0.0000
          0.0000
          0.0000
          0.0000
          0.0000
          0.0000
          0.0000
          0.0000
          0.0000
          0.0000
          0.0000
          0.0000
          0.0000
          0.0000
          0.0000
          0.0000
          0.0000
          0.0000
          0.0000
          0.0000
          0.0000
          0.0000
          0.0000
        114.8633
         27.8726
          0.0000
          0.0000
         33.7233
          5.4471
          7.9376
          0.0000
         63.5130
          0.0000
          0.0000
          0.0000
          0.0000
          0.0000
          0.0000
          0.0000
          0.0000
          0.0000
          0.0000
          0.0000
          0.0000
          0.0000
          0.0000
          0.0000
          0.0000
          0.0000
          0.0000
          0.0000
         16.6142
         10.1763
         13.8894
          0.0000
          0.0000
          0.0000
          0.0000
          0.0000
         14.8482
          6.4015
         74.8889
         30.8481
          0.0000
          0.0000
          0.0000
          0.0000
         13.4956
         43.0615
         74.7518
        128.9715
        342.3937
         33.1496
         23.5138
         30.0144
         14.5813
         -0.7415
          2.2850
          0.0000
          0.0000
          0.0000
          0.0000
          0.0000
          0.0000
          0.0000
          0.0000
         41.8330
         50.4145
          0.0000
          0.0000
          0.0000
          0.0000
          0.0000
          0.0000
          0.0000
          0.0000
          0.0000
          5.1900
          0.0000
          0.0000
          0.0000
          0.0000
          0.0000
          0.0000
          0.0000
          0.0000
          0.0000
          0.0000
          0.0000
          0.0000
          0.0000
          0.0000
          0.0000
          0.0000
          0.0000
          0.0000
          0.0000
          0.0000
          0.0000
          0.0000
          0.0000
          0.0000
          0.0000
        169.9672
         25.0122
         39.2790
         13.4605
        184.3559
         -1.9506
        146.1195
        181.9616
         63.1076
          0.0000
         31.8135
         58.5380
         -0.3788
          0.0000
          0.0000
          0.0000
          0.0000
          0.0000
          0.0000
          0.0000
          0.0000
          0.0000
          0.0000
          0.0000
          0.0000
          0.0000
          6.1354
          3.1728
          0.0000
          0.0000
          0.0000
          0.0000
         38.5567
        237.9824
        193.9961
         43.0185
          0.0000
          0.0000
          0.0000
          0.0000
         46.1702
         56.5217
         52.0057
        391.3218
         26.5276
          0.0000
          0.0000
          0.0000
          7.0190
          0.0000
          8.6950
          0.0000
          0.0000
          0.0000
          0.0000
          0.0000
          0.0000
          0.0000
          0.0000
          0.0000
          0.0000
          0.0000
          0.0000
          0.0000
          0.0000
          0.0000
          0.0000
          0.0000
          0.0000
          0.0000
          0.0000
          0.0000
          0.0000
          0.0000
          9.1878
         33.1616
        142.5192
          0.0000
          0.0000
          7.7721
         25.7984
          0.0000
          0.0000
          0.0000
          0.0000
          0.0000
          0.0000
          0.0000
          0.0000
          0.0000
          7.4872
          0.0000
          0.0000
          0.0000
          0.0000
          0.0000
          0.0000
         15.8683
         23.1896
          0.0000
          0.0000
          0.0000
          0.0000
          0.0000
          0.0000
          0.0000
          5.9821
          0.0000
          0.0000
          0.0000
         -1.1641
          0.0000
          0.0000
          0.0000
          0.0000
          0.0000
          0.0000
          0.0000
          0.0000
          0.0000
          0.0000
          0.0000
          0.0000
          0.0000
          0.0000
          0.0000
          0.0000
          0.0000
          0.0000
          0.0000
          0.0000
          0.0000
          0.0000
          0.0000
          0.0000
          0.0000
          0.0000
          0.0000
          0.0000
          0.0000
          0.0000
          0.0000
          0.0000
          0.0000
          0.0000
          0.0000
          0.0000
          0.0000
          0.0000
          0.0000
          0.0000
          0.0000
          0.0000
          0.0000
          0.0000
          0.0000
          0.0000
          0.0000
          0.0000
         66.9917
         87.2981
         31.5351
          1.3997
        -10.0091
          0.0000
          0.0000
          0.0000
          0.0000
          0.0000
          0.0000
         28.8495
        138.3295
         19.5754
          0.0000
          0.0000
          0.0000
          0.0000
          0.0000
          5.3188
          0.0000
          0.0000
          0.0000
         11.4403
          0.0000
          0.0000
          0.0000
          0.0000
          0.0000
          0.0000
          0.0000
          0.0000
          0.0000
          0.0000
          0.0000
          0.0000
          0.0000
          0.0000
          0.0000
          0.0000
          0.0000
          0.0000
          0.0000
          0.0000
          0.0000
          0.0000
          0.0000
          0.0000
          0.0000
          0.0000
          0.0000
         27.0485
         66.9731
          4.1609
          0.0000
          0.0000
          0.0000
          0.0000
          0.0000
          0.0000
          0.0000
          0.0000
          0.0000
          0.0000
          0.0000
          0.0000
          0.0000
          0.0000
          0.0000
          0.0000
          0.0000
          0.0000
          0.0000
          0.0000
          0.0000
          0.0000
          0.0000
          0.0000
          0.0000
          0.0000
          0.0000
          0.0000
          0.0000
          0.0000
         15.0565
         39.4390
          0.0000
          0.0000
          0.0000
          0.0000
          0.0000
          0.0000
          0.0000
          0.0000
          0.0000
          0.0000
          0.0000
          0.0000
          0.0000
          0.0000
          0.0000
          0.0000
          0.0000
          0.0000
          0.0000
          0.0000
          0.0000
          0.0000
          0.0000
          0.0000
          0.0000
          0.0000
          0.0000
         16.1341
          0.0000
          0.0000
          0.0000
          0.0000
          0.0000
         17.9647
         43.4975
         17.8733
         -0.5132
          1.2258
          0.0000
          0.0000
          0.0000
          8.2929
          0.0000
          0.0000
          0.0000
          5.7763
          8.6756
          0.0000
          0.0000
          0.0000
          0.0000
         10.6883
          9.8816
         10.2006
          0.0000
          0.0000
          0.0000
          0.0000
          0.0000
          0.0000
          0.0000
          0.0000
          0.0000
          0.0000
          0.0000
          0.0000
          0.0000
          0.0000
          0.0000
          0.0000
          0.0000
          0.0000
          0.0000
          0.0000
          0.0000
          0.0000
          0.0000
          0.0000
          0.0000
          0.0000
          0.0000
          0.0000
          0.0000
          0.0000
          0.0000
         24.3634
          0.0000
          0.0000
          0.0000
          0.0000
         38.9662
         36.5950
         33.0589
        296.0517
         81.9642
          0.0000
          0.0000
          0.0000
         52.3974
         83.7079
         81.8476
         40.1245
          0.0000
          0.0000
          0.0000
          0.0000
         19.6426
          4.0206
          0.0000
          0.0000
          0.0000
          0.0000
          0.0000
          0.0000
         13.9287
         12.9773
          2.7941
         10.9101
         21.5392
        -38.3540
          0.0000
          0.0000
          0.0000
          0.0000
          0.0000
          0.0000
          0.0000
          0.0000
          0.0000
          0.0000
          7.1857
         32.1835
         12.3581
         15.9752
          0.0000
          0.0000
          0.0000
          0.0000
          0.0000
         14.9085
         11.4970
         28.9645
        300.3158
        250.8886
          0.0000
          0.0000
         15.5993
         94.6454
         94.5187
         21.4980
          0.0000
          0.0000
          0.0000
          0.0000
          0.0000
          0.0000
          0.0000
          0.0000
          0.0000
          0.0000
          0.0000
          0.0000
          2.6197
          2.0887
         -0.7768
          5.7374
          4.9110
          0.0000
         24.6133
         26.1899
         -2.7950
        -18.5879
         -0.2234
          0.0000
          0.0000
          7.2669
         23.6948
         43.2261
         30.1207
          4.5269
          0.0000
          0.0000
          0.0000
          0.0000
          0.0000
         44.9460
         66.9968
         11.2899
          0.0000
          0.0000
          0.0000
          0.0000
          0.0000
         21.9736
         21.5414
         16.4397
        253.0251
        206.2053
         87.1042
          0.0000
          0.0000
          0.0000
          0.0000
          0.0000
          0.0355
         42.8477
         40.8865
          0.0000
          0.0000
          0.0000
          0.0000
          0.0000
          0.0000
          6.3905
         35.4642
        188.8592
          0.0000
          0.0000
          0.0000
          0.0000
          0.0000
          0.0000
          0.0000
          0.0000
          0.0000
          0.0000
          0.0000
          0.0000
          0.0000
          8.6465
          4.7572
         56.5495
          0.0000
          0.0000
          4.3903
         37.5707
        378.8246
          1.0506
         52.0703
          0.8803
        -26.3102
         15.2984
         67.6143
         32.9182
        192.6092
        477.3604
          0.0000
          0.0000
          0.0000
          0.0000
          0.0000
          0.0000
          4.3587
          5.3045
          0.0000
          0.0000
          0.0000
          0.0000
          0.0000
          2.7417
          2.2378
          0.0000
          0.0000
          0.0000
          0.0000
         21.1516
         74.2055
         53.9497
         12.5572
         42.6410
        442.9034
        653.3641
        292.1944
          0.0000
         14.0987
         64.8532
        202.9272
        340.9866
        207.0353
          0.0000
          0.0000
          0.0000
          0.0000
          0.0000
          0.0000
          0.0000
          0.0000
          0.0000
          0.0000
          0.0000
          0.0000
          1.6839
          0.0000
          0.0000
         19.5455
        126.3234
        354.5646
         45.2821
          0.0000
          0.0000
          0.0000
          0.6367
          0.0000
          0.0000
          0.0000
          0.0000
          0.0000
         10.6590
          7.8663
         41.2997
        206.2257
        441.4818
          0.0000
        134.9398
        287.7769
         68.4405
         40.2022
         81.3067
        265.4184
        788.4431
          0.0000
          0.0000
          0.0000
          0.0000
          0.0000
          0.0000
         36.8803
        755.2423
        730.8715
          0.0000
          0.0000
          1.2856
          0.0000
          0.0000
          0.0000
        160.0015
        488.3354
        155.9100
         96.8133
        135.2441
        439.7700
        657.7463
        789.4632
         92.4411
          0.0000
          0.0000
          0.0000
          0.0000
          0.0000
          0.0000
          0.0000
          0.0000
          0.0000
          0.0000
          0.0000
          7.9602
          5.1969
         37.3510
         64.4888
          4.6111
          0.0000
        135.0927
         56.4079
          9.8527
         23.0465
         11.7416
          0.0000
          0.0000
          0.0000
          0.0000
         32.5535
         41.4374
          0.0000
          8.4373
          0.0000
          0.0000
          6.5306
         40.7479
         28.4632
         25.3208
         52.2150
         74.5078
        339.0622
        563.3383
          0.0000
          0.0000
          0.0000
          0.0000
          0.0000
          3.5631
          0.0000
          0.0000
          0.0000
          0.0000
          0.0000
          0.0000
          0.0000
          0.0000
          0.0000
        133.1986
        169.4174
          0.0000
          0.0000
          9.7782
          9.6463
         68.3843
         96.5428
          0.0000
          0.0000
          0.0000
          0.0000
          0.0000
          0.0000
          0.0000
          0.0000
          0.0000
          0.0000
         16.2256
          0.0000
          0.0000
          0.0000
          0.0000
          0.0000
          0.0000
          0.0000
          0.0000
          0.0000
          0.0000
          0.0000
          0.0000
          0.0000
          0.0000
          0.0000
          0.0000
          0.0000
          0.0000
          0.0000
         16.3783
         28.1401
         15.6823
          7.1276
         44.1597
        101.6064
         95.4066
         -7.4961
         29.0188
         42.2043
        235.1175
        922.7857
        934.9078
        869.7775
        676.8818
        197.2278
          0.0000
          0.0000
         22.4307
         83.9334
          0.0000
         53.4185
        123.7671
         12.8921
          9.8254
         -4.0391
        197.1378
         40.1276
         97.7391
         -5.2096
         -5.1641
          5.2799
          2.8414
          7.2911
          0.0000
          0.0000
          0.0000
         20.6756
         15.2264
          0.0000
          0.0000
          0.0000
          0.0000
          0.0000
         15.3842
        130.2326
        158.4282
         13.2747
         21.5534
         13.5767
          0.0000
          0.0000
          0.0000
          0.0000
          0.0000
         11.1386
         29.4562
         43.3793
        319.5470
          0.0000
          0.0000
        100.3503
        640.4177
        721.6607
        679.6320
        233.3873
          0.0000
          0.0000
        174.9138
        515.5989
          8.1826
         24.1258
        100.9118
         52.0675
          0.0000
          8.5171
         35.4668
         36.4367
         21.6934
         26.3498
         48.6663
         38.5298
          0.0000
          0.0000
          0.0000
          0.0000
          0.0000
          0.0000
          0.0000
          0.0000
          0.0000
          0.0000
          0.0000
         28.6344
         20.9996
          0.0000
          0.0000
          0.0000
        -12.6326
          0.0000
         18.4240
         15.4033
          2.7188
         -3.8340
         -5.5433
          0.0000
          0.0000
          0.0000
         13.8771
         13.1706
          2.4963
          7.2265
          5.5911
          0.0000
          0.0000
          0.0000
         16.3525
          0.3522
         17.3243
         28.3439
         71.5632
        515.6349
          0.0000
          0.0000
          4.2623
          0.0000
          0.0000
        113.0116
        308.8367
          0.0000
          0.0000
          0.0000
          0.0000
        220.2286
        326.9142
          0.0000
          0.0000
          0.0000
          0.0000
          0.0000
          0.0000
         91.6882
         50.4454
         24.0096
         52.2910
        347.6885
          0.0000
          0.0000
          0.0000
          0.0000
          9.4508
          0.0000
          0.0000
          0.0000
          0.0000
          0.0000
          0.0000
         27.0199
         24.9976
          6.7776
         12.0431
          0.0000
          0.0000
          6.6808
         49.6452
         65.4491
         37.5897
          0.0000
          0.0000
          9.0388
        -11.1882
          0.0000
          0.0000
          0.0000
          3.4716
         16.5549
         12.1348
         20.0405
          0.0000
          1.4826
         17.6820
          6.0477
         15.0196
         43.5488
        181.3684
        441.1855
          0.0000
          0.0000
          0.0000
          0.0000
         56.9885
        100.0754
         18.4388
          0.0000
          0.0000
          0.0000
         36.6652
        109.1411
         47.5451
        131.2230
         51.9440
          0.0000
          0.0000
          0.0000
          0.0000
         42.2964
         21.9584
         -5.6147
          2.2337
          0.0000
          0.0000
         -3.5081
         66.8276
         45.9114
         29.2225
         64.0786
         97.3549
         63.7665
        454.2046
          0.0000
        155.0932
          0.0000
         -1.4254
         11.8604
         30.1586
         13.7974
         21.5168
          0.0000
          0.0000
         26.9007
         21.2274
          0.0000
          0.0000
          0.0000
          0.0000
          0.0000
          0.4950
         53.8906
         23.3145
         14.0267
          0.0000
          0.0000
         -2.1059
          0.0000
          0.0000
          0.0000
         25.0518
         36.8651
          5.8717
          0.0000
          0.0000
          0.0000
          0.0000
         57.0116
         52.2614
         54.5457
         56.6751
          0.0000
          0.0000
          0.0000
          0.0000
         10.7523
        161.6813
        154.2080
        152.1411
        179.0893
         63.3596
          0.0000
          0.0000
         42.4071
         19.3353
        130.8520
        126.4198
          8.0090
         -3.6117
          0.0000
          0.0000
          0.0000
          0.0000
          0.0000
          9.4843
          7.1823
        109.8803
          0.0000
          0.0000
          0.0000
          0.0000
          0.0000
         11.5530
          0.0000
          0.0000
          0.0000
          1.7354
         41.4864
         11.8594
        128.9097
        241.6226
        386.3020
        209.8321
         19.4028
          0.0000
          0.0000
          0.0000
          3.6646
          9.3393
          0.0000
          0.0000
          0.0000
         10.2179
         64.3257
         35.5172
          9.0956
         34.6576
          0.0000
          0.0000
          0.0000
         16.9015
         82.8648
         19.2997
         -6.1316
          4.7197
          0.0000
          0.0000
          0.0000
         35.8036
        102.8783
         26.9738
        402.2938
        245.7439
          0.0000
          0.0000
          0.0000
          0.0000
         30.6552
         30.4382
        259.6128
        159.8829
          0.0000
          0.0000
          0.0000
         17.0640
         35.8884
         28.2829
         29.8321
         22.8409
         65.6565
          0.0000
          0.0000
