       1059.8758
       1059.8758
        979.7239
       1081.7720
       1185.6622
       1150.5607
        895.6744
        956.7101
        953.2197
        589.1578
        392.7325
        506.9519
        821.2598
       1107.0375
       1175.9669
       1273.1935
       1271.1290
       1049.3271
        873.5528
        976.3054
       1054.2661
       1301.7948
       1597.3241
       1668.6151
       1718.1355
       1279.5809
       1053.4111
       1052.3486
       1204.1802
        956.6553
       1377.0846
       1108.2580
       1223.6733
       1120.3244
       1107.9003
       1187.5028
       1330.4334
       1440.5613
       1595.8643
       1522.2367
       1438.1671
       1321.9955
       1180.3940
       1114.1445
       1027.1425
       1145.6179
       1336.5782
       1378.4326
       1435.5610
       1395.9653
       1319.6424
       1398.0485
       1473.1665
       1423.6973
       1365.3063
       1296.6622
       1206.3357
        920.7250
        657.0505
        777.5927
        898.5790
        879.6840
        746.5551
        819.1821
        871.3275
        843.2490
        775.5679
        815.2370
        853.3455
        952.3973
       1343.7850
       1334.1763
       1316.0904
       1140.5537
        993.0725
        931.4398
        861.9488
       1025.2373
       1209.2592
       1072.2797
        915.8846
        480.5663
         15.0831
        101.8366
        188.5658
        301.2939
        335.7051
        438.1463
        588.5281
        487.4878
        359.1638
        476.3390
        629.8037
       1003.5450
       1371.3962
       1435.1163
       1446.4750
       1153.7487
        876.5651
        868.0643
        839.8167
        634.9541
        395.8735
        201.7442
         30.5157
        135.9008
        252.6101
        362.9295
        470.5849
        475.5225
        795.8322
        934.4672
       1154.1072
       1267.3345
       1507.3005
       1326.2960
       1328.2947
       1892.0395
       2362.6499
       1975.1945
       1588.5103
       1440.7438
       1207.4354
       1161.2811
       1108.3319
       1281.5033
       1405.8072
       1383.2206
       1357.1446
       1449.8488
       1648.4936
       1599.7812
       1646.9026
       1926.6629
       2160.1739
       2221.6747
       2272.4698
       2215.8579
       2153.7827
       2094.3622
       1982.8086
       1782.6889
       1573.5521
       1532.8364
       1493.3925
       1298.2760
       1201.5497
       1047.4094
        931.9291
       1274.6191
       1574.2260
       1540.2646
       1511.2716
       1283.1525
       1102.5914
       1047.2539
        991.0603
        848.6076
        600.8349
        668.6062
        686.5104
        754.8686
        822.7751
        865.5268
        903.0922
        563.1212
        111.8819
        200.8328
        368.0058
        662.8554
        911.9779
       1066.3320
       1209.6719
       1500.1475
       1665.6076
       1680.5312
       1643.2297
       1391.2196
       1115.5228
       1218.2099
       1326.2468
       1331.0948
       1305.0883
       1218.4653
       1127.0466
       1389.8381
       1704.2218
       1743.8869
       1758.9995
       1646.6311
       1508.8111
       1678.5450
       1861.9987
       1733.0435
       1508.7174
       1563.5758
       1559.9489
       1746.9701
       1892.0617
       1830.5630
       1724.6367
       2008.9837
       2245.7243
       1936.2082
       1689.0382
       1552.8680
       1329.7813
       1322.4255
       1301.5522
       1164.6895
       1007.5790
        888.7969
        771.3314
       1056.7148
       1262.4725
       1362.1549
       1446.5142
       1358.1818
       1250.1306
       1110.5712
       1093.9733
       1301.7679
       1449.2476
       1477.9665
       1481.3795
       1184.2687
        859.4001
        878.9637
        905.1973
       1020.7661
        920.7473
        687.7280
        439.8357
        241.3463
          0.0000
         61.1365
        138.3398
        404.7363
        445.6907
        497.7165
        535.7015
        716.8440
        896.9863
       1020.6591
       1236.4601
       1419.5237
       1517.2007
       1556.4940
       1567.8955
       1367.7681
       1120.0633
       1095.1829
       1068.3613
       1088.7221
       1089.8880
       1083.9350
       1075.8425
       1059.9711
       1040.8873
       1094.2722
       1146.9640
       1418.2744
       1504.0699
       1541.8292
       1586.6690
       1376.3896
       1173.9722
       1365.4844
       1554.8168
       1587.7735
       1443.6932
       1525.0955
       1570.3619
       1100.5601
        579.3496
        599.5601
        661.4167
       1199.8022
       1734.7285
       1765.4066
       1779.5738
       1667.4026
       1496.0365
       1470.5457
       1439.4162
       1011.1360
        516.1566
        835.7750
       1149.7500
        938.6291
        680.7625
        685.0447
        679.6499
       1109.2364
       1668.7620
       1711.8190
       1850.0903
       1729.1207
       1774.0765
       1265.9645
        850.6584
       1041.7938
       1081.3986
        766.9293
        402.5354
         94.2205
        146.3212
        471.4196
        753.4674
       1171.8895
       1686.5305
       1309.4383
       1116.8164
       1291.9958
       1459.2083
       1248.5261
       1182.0528
       1659.5320
       2079.3048
       2020.2198
       1957.5406
       1563.6192
       1228.4760
       1257.6600
       1266.8500
       1668.0001
       2140.6071
       2067.2568
       1989.1521
       1671.4159
       1413.8985
       1517.0564
       1614.8236
       1375.8680
       1141.2703
        979.2827
        852.0032
        501.7831
        218.8584
        399.6168
        637.3147
       1109.8548
       1568.0337
       1583.3053
       1599.0168
       1382.3331
       1183.0753
       1076.0255
       1029.9016
       1447.4264
       1795.6797
       1763.3360
       1680.9097
       1347.3470
        980.9696
       1124.3260
       1265.7032
       1266.8744
       1251.3249
       1105.3889
        970.3673
        842.7706
        716.9137
        652.3569
        595.5837
        657.5833
        733.6129
        814.7494
        866.1394
        754.1404
        650.2020
        633.3382
        612.0137
        857.2685
       1050.4381
       1131.3430
       1192.0043
       1006.9128
        813.6057
        827.0323
        837.8854
       1182.2029
       1358.2690
       1355.1152
       1400.8527
        941.7190
        461.3184
        621.1622
        769.6661
       1056.7153
       1209.4391
       1273.9186
       1308.7487
        989.5080
        589.3417
        662.0144
        739.0927
       1187.4493
       1402.9444
       1359.2273
       1215.2828
       1198.4805
       1379.1883
       1295.4752
       1343.0673
       1428.2655
       1449.0690
       1605.0897
       1752.9670
       1414.9087
       1123.0246
        879.0881
        635.2795
        634.7337
        479.6593
        598.6703
        717.4823
        885.3108
       1023.4225
       1079.1251
       1108.5563
       1426.5851
       1721.0513
       1779.7346
       1834.4334
       1361.6638
        970.1308
        973.7019
       1031.5659
       1035.3400
       1076.9353
       1132.4366
       1187.7438
       1096.9316
        999.8718
       1080.5053
       1230.7882
       1312.6505
       1592.2642
       1707.1240
       1818.4198
       1848.4731
       1953.8443
       1709.8138
       1496.2553
       1652.8028
       2077.8961
       2146.9707
       2215.2907
       1437.3784
        781.0494
        826.8840
       1048.4014
       1094.2808
       1287.6077
       1095.9063
        849.3619
        635.6509
        433.6647
        441.5235
        455.5429
        870.0323
       1204.1352
       1183.2223
       1121.5106
       1004.9658
        982.6576
        935.1262
        977.5393
       1176.2330
       1279.5924
       1336.7389
       1380.0008
       1278.4236
       1217.7327
       1374.8238
       1525.6180
       1802.2520
       2082.5031
       2239.7759
       2375.6404
       1585.4277
        873.3492
        923.1942
        963.7346
       1142.4753
       1245.0889
       1149.9420
        977.2152
        894.9939
        816.8558
        871.7946
        931.7321
        939.8109
        720.1139
        890.5321
        929.2797
        968.0877
       1005.9859
        936.6898
        853.3540
       1064.2207
       1197.0317
       1015.6848
        794.4591
        631.4773
        477.2194
        680.1650
        889.7920
        858.0308
        783.4108
        763.3201
        740.0478
        649.8899
        554.3802
        754.5670
        953.2706
       1228.5866
       1462.2020
       1212.7853
        898.2818
        771.5315
        638.0010
        670.0390
        707.6982
       1342.8386
       1898.3198
       2138.1818
       2322.4275
       1561.4389
        900.5390
        891.5074
        875.7411
        434.5955
          0.0000
          0.0000
          0.0000
        148.0803
        359.8253
        408.2921
        411.2584
        952.8204
       1083.6314
       1150.2587
       1217.0137
       1430.3032
       1621.6262
       1724.1538
       1791.3504
       1460.4796
       1346.9088
       1364.5507
       1637.6867
       2119.6028
       2609.4587
       2564.8982
       2482.2599
       2910.6946
       3253.9226
       3022.6777
       2816.0172
       2098.8365
       1431.3955
       1294.2956
       1174.5022
       1112.5299
        908.6477
        914.9106
        889.6283
       1007.1183
       1107.7843
       1079.7689
       1041.6890
       1670.6046
       2150.1124
       2146.1427
       2047.1986
       1821.7446
       1585.0951
       1745.4849
       1907.3549
       2086.3423
       2241.3934
       2079.8614
       1875.9086
       1659.0400
       1497.4902
       1516.0950
       1533.6371
       1737.0306
       1911.8637
       1649.3322
       1383.1167
       1290.5559
       1141.5599
       1075.9455
       1004.4403
        936.8884
       1329.3588
       1124.5098
        954.3024
       1181.2791
       1486.4137
       1505.7666
       1686.4391
       1287.8663
       1044.9401
       1107.2828
       1163.7448
       1299.3576
       1487.4080
        956.9391
        852.7093
       1255.9488
       1568.2379
       1617.4220
       1667.7769
       1615.2864
       1566.7612
       1325.0776
       1094.5729
       1006.4401
        910.2806
       1101.3812
       1342.5808
       1140.1384
       1026.4529
        952.3580
        899.9697
        705.2440
        513.5598
        613.2548
        742.7286
        881.1679
       1006.8152
       1056.1936
       1103.8258
       1250.1369
       1421.4250
       1304.0458
       1185.2130
       1132.5098
       1413.1818
       1433.1974
       1462.7385
       1444.8648
       1585.8503
       1832.2721
       2111.0901
       1823.5180
       1637.3696
       1350.9752
       1360.9037
       1118.6054
        781.3535
        946.0296
       1098.7979
        735.2755
        573.1157
        606.1927
        637.5110
        669.0409
        832.5155
        687.4173
        512.1473
        387.6178
        302.5993
        354.7923
        407.3124
        473.4839
        423.3800
        500.2987
        567.7490
        696.2469
        799.1819
        968.1525
       1153.6426
       1302.1208
       1404.3390
       1750.4979
       2095.9616
       1961.6928
       2021.1027
       1702.2203
       1600.9762
       1323.5502
       1428.8961
       1440.5702
       1466.6397
        996.3918
        522.1681
        609.1902
        656.1713
        521.7671
        233.6892
        249.2492
        291.9804
        507.4868
        701.5862
        828.0195
        967.5286
       1360.8557
       1491.7600
       1584.2490
       1651.7885
       1690.9021
       1667.8819
       1677.6178
       1687.7003
       2249.8697
       2677.4404
       2506.3874
       2311.1623
       1873.3049
       1500.9510
       1657.8410
       1877.9705
       1806.7332
       1555.9150
       1688.4198
       1825.0770
       1422.6686
       1041.0591
       1197.9286
       1280.0144
        881.5643
        428.1229
        573.5295
        711.2107
        489.2142
        278.1264
        387.1441
        495.0457
        767.6783
        908.0956
        789.3046
        651.0096
        192.0888
          0.0000
          0.0000
          0.0000
        436.4665
       1358.8187
       1462.9953
       1588.7681
       1648.5625
       1792.3409
       1627.8147
       1622.4182
       1588.2515
       2080.2680
       1842.7195
       1648.5369
       1455.8544
       1281.6003
       1234.6819
       1307.4198
       1465.0616
       1864.1596
       1850.8359
       1839.6768
       1771.3109
       1993.4917
       2036.8973
       2075.8599
       1667.3071
       1825.2507
       1876.2225
       1992.1875
       1776.0786
       1589.5777
       1239.2802
       1156.4638
       1527.8426
       1887.7643
       1945.6787
       2004.6753
       2014.6468
       2066.0453
       1872.4271
       1696.7077
       1625.7279
       1754.3366
       1738.6174
       1834.3816
       1858.0946
       1963.5935
       1660.1045
       1659.6201
       1547.6816
       1658.9680
       1654.0733
       1641.4785
       1201.2468
        715.0810
        975.1106
       1237.5816
       1564.3164
       1892.1849
       1738.1677
       1567.9870
        988.2556
        451.4373
        591.1231
        743.6854
        696.0647
       1203.5605
       1302.2483
       1516.2310
       1540.5387
       1561.9248
       1447.0889
       1645.9629
       1863.1331
       1895.1725
       1926.6629
       1901.0675
       1699.7698
       1464.3153
       1468.4757
       1472.6824
       1157.5226
       1210.9841
       1434.0131
       1703.2636
       1563.3838
       1467.1260
       1336.7295
       1342.8529
       1507.7680
       1708.2757
       1494.6161
       1287.2270
       1067.6724
        798.9766
        759.6871
        733.6109
       1018.5644
       1729.5404
       1820.1340
       2158.0729
       1562.5635
       1126.5602
        980.2687
        927.3715
       1038.2892
       1088.9269
       1223.5886
       1303.0153
       1171.8943
       1019.6322
        915.4704
        877.9315
        827.9843
        794.6600
        804.5043
        819.1610
        599.5913
        391.2876
        448.5972
        503.1501
        784.9759
        974.2856
       1054.3526
       1117.4813
       1207.6372
       1286.2511
       1384.4394
       1478.4428
       1754.8729
       2094.2858
       2152.5418
       2174.8274
       1969.3395
       1754.3804
       1839.9470
       1919.0247
       1436.7574
        941.5501
        952.6568
       1047.9816
        813.0778
        620.6125
        599.7308
        660.4826
        329.1153
        496.1736
        555.5103
        610.3611
        721.5414
        827.9917
        996.4646
       1165.6086
       1451.9612
       1658.8407
       1614.5605
       1563.2812
       1176.6595
       1030.0557
       1018.3594
       1166.0824
       1155.2447
       1217.2075
       1084.9989
       1036.4618
        874.4074
        773.7997
        785.8953
        797.4635
       1146.0574
       1419.5613
       1503.2007
       1560.4006
       1026.0964
        708.3828
        768.1405
        910.2925
        963.5486
        989.8250
        925.3947
        819.5732
        886.0030
        947.5283
       1095.7741
       1241.2741
       1569.5977
       1981.6072
       1965.3822
       1925.8457
       1803.2444
       1671.5831
       1708.2230
       1741.1216
       1689.7598
       1500.3199
       1319.2049
       1168.1613
        524.0894
         10.9904
        157.4667
        278.5088
        548.8879
       1454.7467
       1490.6877
       1521.9966
       1391.9994
       1255.9582
       1238.0309
       1272.1830
       1406.8046
       1331.0824
       1309.8436
       1279.7041
       1208.3448
       1102.9303
       1293.7856
       1469.2412
        971.0309
        883.0986
       1196.4377
       1504.9239
       1037.2530
        517.7814
        322.4604
        152.7627
       1002.3677
       1899.6538
       1778.6757
       1647.4195
       1169.9288
        746.8423
        804.0771
        857.0896
       1451.2497
       2087.3915
       2191.7336
       2280.3083
       1684.2127
       1580.1520
       1323.7656
       1143.7345
       1121.8449
       1137.6391
       1377.8847
       1651.0835
       1365.1005
       1131.3968
       1233.7831
       1315.6979
        998.9133
        693.6012
        658.7121
        641.5377
        565.5958
        482.4752
        563.9414
        641.3031
       1362.6502
       1940.6095
       1921.0027
       1848.3528
       1520.6825
       1209.6009
       1176.8305
       1148.8890
       1308.9609
       1361.4135
       1539.6313
       1662.3727
       1305.4568
        999.7242
        904.5772
        799.4653
       1100.7458
       1017.1808
       1285.4211
       1492.5759
       1511.0436
       1458.2391
       1502.5007
       1543.9665
       1660.1294
       1610.4040
       1694.0768
       1732.4850
       1147.5833
        820.5801
        949.3987
       1056.6880
        804.3040
        910.2220
        959.4742
        996.4505
        848.5281
        686.3266
        619.3282
        564.3449
       1074.8392
       1360.7301
       1469.6387
       1553.2293
       1318.3910
       1332.2925
       1127.2288
        903.3237
        882.2790
        940.3968
        837.1304
        754.3782
        670.9125
        574.0557
        636.9477
        700.8277
        854.2274
       1368.3809
       1378.5425
       1408.0792
       1407.1565
       1399.3618
       1434.1133
       1459.2687
       1635.8205
       2091.3013
       1841.7668
       1804.1225
       1522.1751
       1241.6464
       1218.8450
       1253.8570
       1108.4447
       1111.3892
       1230.6950
       1492.0130
       1299.4901
       1104.0133
       1198.7547
       1392.2486
       1342.6773
       1381.3066
       1524.9574
       1842.9008
       1728.5226
       1680.7125
       1653.2241
       1673.5947
       1554.9907
       1428.4547
       1080.8297
        817.8209
        537.5384
        291.9566
        393.6154
        639.0035
        743.9630
        873.3745
        814.5601
        740.0594
        591.1266
        516.8130
        525.1270
        620.9853
        859.9740
        819.4326
        878.0331
        935.6107
        997.5681
       1041.9539
       1093.1933
       1114.2001
       1214.6507
       1490.3910
       1465.9374
       1466.8178
       1560.7348
       1646.7672
       1475.7346
       1355.6406
       1304.7333
       1695.9693
       1665.1238
       1852.9594
       1709.5983
       1545.4368
       1595.7348
       1642.1759
       1752.1911
       1822.2290
       1754.2540
       1658.8040
       1351.3244
       1093.7093
       1073.9974
       1052.6276
       1106.7335
       1071.9291
       1096.6882
       1101.7250
       1098.2678
       1092.0137
       1024.0739
        954.6580
        962.0465
        765.9245
        725.0157
        677.7612
        628.4709
        614.6291
        697.8382
        838.1091
        986.8568
       1129.4391
       1060.8888
       1050.6198
        827.5726
        641.3179
        719.9445
        850.1240
       1215.5479
       1183.4239
       1279.8722
       1359.1994
       1103.5619
        741.6054
        850.5426
        932.1853
       1458.2647
       2055.0012
       1826.5564
       1582.2530
       1223.5919
        952.6871
        914.0934
        868.5446
        754.1477
        824.6949
        938.7943
       1047.7050
        832.4651
        625.9487
        716.2770
        811.7962
       1278.0804
       1755.9152
       1684.7911
       1590.0128
       1465.1307
       1334.4006
       1297.8297
       1312.4161
       1362.9732
       1446.3772
       1583.2567
       1733.4635
       1205.5145
        617.6859
        729.3414
        838.2842
        987.6402
       1087.4044
        971.6774
        803.9400
        441.2261
        118.6054
        122.6803
        339.6013
        805.7606
       1492.3818
       1537.6681
       1569.4042
       1459.2778
       1346.7350
       1364.4378
       1380.7083
       1594.5912
       1733.2856
       1782.7062
       1819.5384
       1700.5002
       1580.3663
       1540.5662
       1751.5796
       1312.8081
       1398.3314
       1451.9211
       1569.8764
       1622.5617
       1685.5120
       1469.3279
       1483.3157
       1363.4008
       1765.0741
       1774.7975
       1851.0659
       1796.1932
       1690.3023
       1385.9246
       1225.6052
       1477.9176
       1969.4836
       1949.0688
       1984.2621
       1992.2392
       1981.6333
       1692.8558
       1674.6464
       1548.8127
       1662.4857
       1673.6836
       1695.5172
       1617.9753
       1533.2535
       1496.7708
       1464.6696
       1533.3581
       1962.0618
       1792.1827
       1866.5799
       1650.5779
       1466.4023
       1542.8282
       1618.9136
       1149.2322
       1595.9351
       1458.4594
       1325.0837
       1158.2805
       1046.6048
        924.1807
        981.3867
       1167.2112
       1131.5439
       1137.7938
       1073.7065
        915.3193
        858.6245
        889.6765
       1065.3862
       1128.2666
       1253.4953
       1513.1478
       1801.9980
       1752.1382
       1784.3453
       1452.4735
       1432.1616
       1348.3740
       1128.0947
       1440.9850
       1698.7373
       1987.9102
       2369.8642
       1798.9354
       1365.4660
       1642.8486
       1917.7119
       1581.3086
       1310.3311
        998.7356
        684.1102
        694.3340
        707.2263
        830.8279
       1085.9519
       1102.5978
       1234.2805
       1174.0889
       1057.2699
        954.0372
        849.4689
        823.5776
        304.2674
        308.9596
        313.2877
        563.3267
        833.3359
        489.7138
        211.1047
        134.0552
         38.6070
          0.0000
          0.0000
          0.0000
        216.6192
        180.0191
        114.8734
        225.6796
        239.7780
        275.5767
        299.1040
        488.0903
        605.6009
        467.7291
        317.8414
        339.0680
        315.3304
        381.0697
        427.4662
        272.9824
         93.2737
        295.6745
        385.4339
        572.5704
       1305.6037
       1458.9548
       1608.5255
       1130.7791
        632.6901
        697.9191
        814.4221
       1423.2263
       1954.8192
       1851.7559
       1733.8604
       1412.6792
       1071.2271
        883.4075
        716.7008
        751.5461
        810.6144
        675.2753
        684.4344
        809.5928
        934.0437
        797.2254
        690.4209
       1256.1410
       1969.9424
       1788.8629
       1623.9106
       1211.2810
        818.1182
        772.0897
        884.8361
       1639.2004
       2445.4792
       2316.7003
       2159.0844
       1828.0123
       1488.4909
       1457.7979
       1369.1837
       1402.7844
       1521.1292
       1465.1117
       1406.3202
       1300.5974
       1168.5628
       1104.4356
       1038.1691
       1078.8139
       1526.3848
       1573.0084
       1743.3326
       1644.3125
       1544.2795
       1351.9756
       1188.9476
       1317.3233
       1279.9030
       1181.6371
       1015.9639
       1018.5378
        978.3382
        832.5830
        671.7896
        974.8623
       1220.1869
       1455.1133
       1685.5008
       1539.5345
       1453.6744
       1322.7337
       1192.9238
       1354.5863
       1421.9135
       1360.9796
       1272.0230
       1019.5812
        755.8849
        694.0931
        628.0444
        921.7425
       1168.7386
       1395.0808
       1536.9512
       1231.2891
       1014.0238
        911.6781
        837.9929
        941.2205
       1053.1769
        935.6531
        949.7990
        654.5855
        459.3037
        594.7701
        728.8004
        896.4732
       1224.8030
       1100.0416
        963.7112
        480.6103
        105.7406
        112.1926
        189.1224
         96.5339
         13.5664
        137.3790
        283.9078
        161.5683
         93.5786
         94.0996
        106.7079
        392.1720
        858.7989
        938.8554
       1029.9475
        799.8695
        593.8760
        500.1770
        441.7988
        653.4379
       1040.9758
       1192.1896
       1344.2582
       1238.6681
       1130.4235
        930.2203
        835.8610
       1002.1679
       1192.3671
       1270.2213
       1529.2387
       1627.3547
       1776.3297
       1405.9070
        985.7022
       1357.0940
       1669.7268
       1681.1091
       1887.0552
       1618.9229
       1405.2682
       1218.5135
       1191.2028
       1284.6943
       1610.4579
       1599.0849
       1594.9767
       1644.9053
       1673.5242
       1636.0410
       1648.8714
       1383.1800
        986.9187
       1220.3009
       1461.0772
       1528.7199
       1584.3890
       1524.7541
       1615.0293
       1458.3162
       1406.3125
       1509.6251
       1661.3007
       1587.6871
       1447.4009
       1194.8573
        970.9917
       1318.4920
       1591.9452
       1563.7362
       1630.9146
       1351.7698
       1038.8086
        973.6259
        885.9833
        939.5838
        990.9159
       1069.0423
       1113.3844
       1055.8822
       1105.7990
        937.9119
        864.1898
       1108.4576
       1543.7812
       1547.6446
       1550.9603
       1463.7799
       1357.4284
       1015.6012
        687.3840
        939.8379
       1211.6334
       1060.9535
        922.7537
       1170.0112
       1472.9271
       1273.4688
       1120.2056
        935.5693
        882.5153
        841.9113
       1042.0117
        985.0260
        925.5198
        906.2951
        883.8079
        961.8548
        970.1469
       1056.8719
       1132.7909
        927.0593
        766.8038
        781.8604
        857.7201
       1366.4378
       2097.0349
       2121.0966
       2132.1972
       1832.0869
       1616.1336
       1432.0773
       1452.7885
       1107.7257
        955.8270
       1173.4488
       1369.3621
       1722.7288
       1998.9147
       1701.1642
       1385.5350
       1187.3595
        991.0855
        965.5919
       1119.2481
       1107.9771
       1100.4112
       1095.9985
       1032.1878
       1247.9707
       1466.6981
       1714.5117
       1969.6107
       1882.5909
       1811.1139
       1585.2442
       1580.5082
       1720.8231
       2041.2509
       1989.4772
       1996.1241
       1684.6357
       1375.6918
       1205.3292
       1122.4892
       1222.5630
       1424.5549
       1469.3562
       1771.4831
       1763.6444
       1833.2901
       1645.5671
       1439.6486
       1539.6516
       1610.4839
       1734.6291
       1804.1747
       1921.4472
       2067.1174
       1877.0405
       1686.1696
       1638.8833
       1796.3472
       2004.6970
       2209.3910
       1788.8436
       1383.3919
       1295.2447
       1201.5081
       1182.0026
       1063.7376
       1092.5817
       1117.0705
        916.3906
        808.8415
        687.7655
        661.7598
       1005.8739
       1209.3319
        953.7720
        678.5924
        586.6598
        493.0687
        474.6407
        452.3315
        948.3233
       1550.0908
       1506.8450
       1491.0359
       1383.9484
       1214.8811
        986.3503
        763.0950
        514.9054
        145.4034
        218.4277
        297.1538
        147.0116
        138.5180
        381.4911
        572.7949
        702.9939
       1193.4340
       1299.4798
       1390.1757
       1284.8098
       1311.7754
       1237.8614
       1265.9721
       1311.9628
       1099.4078
       1210.5083
       1181.8701
        637.9478
        213.7852
        215.0452
        215.4628
        480.4442
        638.9807
        891.8032
       1108.8185
        668.7866
        301.2472
        369.1769
        439.0847
        534.9274
        637.2426
        847.3499
       1082.2842
       1029.9545
       1049.9992
        988.7172
       1017.9409
       1450.9504
       1701.5811
       1742.9048
       1758.3072
       1381.9314
       1337.3256
       1248.5089
       1151.0070
       1400.4385
       1660.1297
       1708.8228
       1699.7839
       1580.9816
       1719.7550
       1449.7418
       1262.0032
       1462.3422
       1446.0246
       1389.1669
       1334.7359
       1206.4753
       1116.4878
        968.2046
        863.3864
       1266.2510
       1059.5415
        944.0394
        805.2220
        753.8108
        732.4266
        775.1493
        865.9873
       1184.2999
       1688.1615
       1692.2556
       1775.3508
       1757.2277
       1727.3453
       1728.2905
       1700.6438
       1497.8796
       1665.0670
       1588.3770
       1767.0436
       1845.6080
       2045.7593
       2060.0252
       2152.9051
       1509.6751
       1443.4503
       1758.6409
       2054.8745
       2196.2218
       2465.4174
       2119.2713
       1810.5277
       1917.8986
       2096.8835
       2172.3716
       2385.4325
       2167.1736
       2027.4200
       1938.0292
       1837.0743
       1612.6966
       1373.9985
       1545.5491
       1712.4710
       1730.1117
       1794.3006
       1752.0581
       1756.8263
       1454.3926
       1045.0737
       1059.5361
       1066.5822
       1090.0267
       1177.7654
       1112.1593
       1002.8749
       1783.2204
       2515.1135
       2452.4612
       2482.8485
       1997.3319
       1553.6071
       1369.3022
       1352.3625
       1448.0624
       1576.9225
       1767.3280
       1900.8337
       1954.4181
       2085.3743
       2012.0515
       1985.7861
       1452.8101
       1772.6578
       1515.3897
       1646.2672
       1663.0422
       1670.9131
       1490.4046
       1554.3685
       1816.3030
       1788.8145
       1774.8204
       1735.4243
       1818.0806
       1900.5447
       2006.1271
       2102.4749
       1845.5295
       1987.2805
       2024.6369
       2131.2193
       2279.4037
       2424.7596
       2154.3507
       1916.4711
       1965.6059
       2246.8000
       2337.5533
       2507.9272
       2283.1797
       2165.7480
       1894.8093
       1667.9066
       1805.7661
       1926.9775
       1994.6236
       2048.4236
       1833.2721
       1539.5158
       1357.4093
       1172.8240
       1304.3845
       1483.6550
       1546.5529
       1583.8671
       1444.6836
       1302.2546
       1212.8640
       1124.5438
       1963.1653
       2616.8251
       2302.0274
       2000.0383
       1830.1641
       1684.1710
       1398.2377
       1128.3908
        827.2497
        144.9781
         79.0557
         35.9010
        100.9965
         82.6343
         73.2806
         51.8507
          0.0000
          0.0000
          0.0000
          0.0000
          0.0000
         36.8395
         35.6450
         16.5430
          0.0000
          0.0000
          0.0000
          0.0000
          0.0000
          0.0000
         44.1265
         68.2932
        232.5551
        143.4539
        212.7511
        269.6833
        625.2271
        663.9134
       1018.9835
       1356.4336
       1748.1109
       2023.8146
       2084.3764
       2145.6480
       1760.5619
       1384.1012
       1202.8873
       1344.2438
       1297.5279
       1429.3647
       1503.9503
       1558.7221
       1734.9090
       1855.5545
       1988.3699
       2227.6057
       1815.7876
       1564.5324
       1678.5452
       1799.0765
       1821.6729
       1951.4796
       1854.6282
       1921.4949
       1901.1063
       1973.3732
       1865.5356
       1902.0173
       1526.0522
       1147.0235
       1144.8494
       1357.6591
       1351.7241
       1711.4373
       1748.3030
       1849.0145
       1596.9559
       1396.5264
       1236.0062
       1510.8418
       1393.9274
       1449.0534
       1810.3224
       2225.4711
       2231.5109
       2366.1663
       1934.2474
       1559.8911
       1952.2644
       2272.4808
       2026.9916
       2200.8936
       2018.5767
       1901.7438
       1566.5723
       1309.0270
       1273.1810
       1362.3299
       1344.3077
       1615.4237
       1566.9360
       1531.6962
       1709.2370
       1892.9678
       1305.2950
        922.6834
       1147.0525
       1430.7508
       1152.7483
        874.4482
       1012.6110
       1128.6473
       1024.5544
        913.8600
        918.6888
        941.7397
        806.4198
        691.5993
        724.2133
        854.7224
       1260.6806
       2104.2128
       2041.5460
       1970.4629
       1758.0573
       1699.0393
       1498.8471
       1568.6546
       1217.2155
       1677.2641
       1494.3762
       1545.1346
       1759.3704
       2216.4771
       1772.0647
       1670.3160
       1205.3418
        920.2219
        761.9946
        619.0011
        525.4236
        494.5301
        246.5040
        411.6658
        709.2368
        580.8687
        470.5972
        324.4084
        496.2592
        585.9617
        742.7718
        880.4617
       1019.3963
        699.9170
        764.5765
        812.4936
        615.7873
        445.5758
        745.5646
       1024.0673
       1382.2156
       1678.6557
       1913.2035
       2167.4379
       1946.8819
       1765.3434
       1671.7213
       1870.1030
       1656.2911
       1381.6601
       1549.6355
       1696.2406
       1560.4676
       1369.4568
       1469.1806
       1559.7578
       1076.3271
        554.6982
        791.5813
       1017.9555
        940.4758
        988.7407
       1081.9637
       1307.5506
       1157.2395
       1276.6384
       1402.8609
       1573.8941
       1575.9087
       1576.1776
       1522.9865
       1633.9179
       1644.5873
       1352.2813
       1431.2275
       1457.4873
       1439.7373
       1479.1324
       1511.5412
       1576.7573
       1121.9840
       1242.0847
       1142.3685
       1256.8308
       1405.2333
       1648.2498
       1495.8711
       1315.6353
        954.3503
        580.7810
        517.5026
        770.3372
       1024.1421
       1442.5721
       1496.3638
       1527.2702
       1733.6350
       2021.1835
       1959.7759
       2042.7759
       2178.7457
       2309.6946
       1942.0509
       1723.9463
       1746.5591
       1905.9063
       1730.1512
       1570.6218
       1430.9058
       1254.4145
       1148.5580
       1399.4139
       1482.8226
       1718.2347
       1505.1006
       1532.6839
       1403.2108
       1358.4925
       1557.9167
       1791.2954
       1370.6652
       1425.2462
       1552.1369
       1729.8579
       1692.2303
       1739.3485
       1486.3115
       1222.8512
       1463.4441
       1701.0658
       1579.1806
       1440.6122
       1351.0607
       1259.6836
       1354.0001
       1437.6854
       1701.9316
       1811.0373
       1931.7939
       2040.1521
       1509.3417
       1367.7685
       1312.1498
       1504.1463
       1448.5644
       1910.0547
       1609.2276
       1359.9695
       1396.1945
       1611.0539
       1585.0521
       1547.0796
       1687.9269
       1720.4341
       1601.2470
       1476.1257
       1469.0653
       1397.6803
       1332.7242
       1244.2946
       1135.4840
       1107.5430
       1165.8186
       1313.0266
       1708.6122
       2145.8823
       1755.6716
       1718.7178
       1479.3439
       1689.2823
       1674.2892
       1643.5835
       1757.2767
       2064.5691
       1923.4061
       1789.0883
       1766.7717
       1941.8916
       1859.8293
       1756.9174
       1225.8194
        933.8143
        821.8713
        924.2010
       1035.7760
       1030.5068
       1070.0973
       1116.7721
       1105.7880
       1015.7519
       1362.1972
       1727.8331
       2082.5330
       2355.6707
       2219.2239
       2005.1984
       1738.2291
       1513.2973
       1478.0958
       1439.0155
       1495.5503
        842.7275
        663.2665
        439.6023
        455.7850
        633.9861
        481.4330
        728.8474
        665.0655
       1044.7296
        985.0976
        952.7478
        949.2886
        949.7422
        857.0960
        960.1213
       1009.9903
       1024.6174
       1062.0005
       1084.2070
       1261.2072
       1433.8029
       1239.7547
       1434.8739
       1321.6694
       1343.2545
       1094.9647
       1031.4847
        831.8167
        618.5863
        747.0700
        866.4485
        878.4961
        600.4133
        810.4036
        945.5275
       1157.9132
       1404.2434
       1590.8644
       2096.7469
       1572.6948
       2260.5117
       2314.2050
       2335.4620
       2407.9906
       2679.2441
       2143.7780
       1708.7345
       1149.6597
       1471.3198
       1462.3726
       1447.4263
       1235.1534
       1054.4620
       1322.9238
       1618.7823
       1190.4938
       1200.6825
       1183.1223
       1173.7358
       1043.9935
        952.9427
        777.2031
        846.0659
        582.2986
        523.9347
        710.4332
        896.2356
        767.0720
        699.9404
        863.9509
       1087.8898
        842.7650
        845.4528
        875.8117
       1066.0543
       1306.6997
       1529.4306
       1615.1208
       1908.5079
       1585.9723
       1227.2919
       1388.3039
       1574.5103
       1561.1092
       1752.9038
       1836.2349
       1899.2639
       2019.7839
       2511.7182
       2361.5973
       2195.4928
       1940.4713
       1620.7344
       1932.5487
       2244.8319
       1970.0046
       1714.8931
       1649.8342
       1853.4002
       1803.8313
       1725.3161
       2100.5159
       2458.4195
       2017.3937
       1477.0323
       1651.6531
       1795.9165
       1179.0072
        545.4560
        869.1347
       1195.6621
       1240.6079
       1298.4383
       1522.0207
       1854.2615
       1860.5517
       1849.8316
       1416.9329
       1651.0380
       1557.3211
       1899.3445
       1838.3782
       1889.9935
       1550.7609
       1643.9394
       1511.9337
       1327.5362
       1318.8431
       2086.1836
       1852.9270
       1575.0157
        886.2957
        269.2159
        587.3511
        959.8712
       1154.3444
       1300.7751
       1301.9642
       1309.8144
        569.3275
        322.0811
        495.1973
        654.7206
        790.7031
       1210.6624
       1259.5148
       1405.5316
       1043.2195
        660.6683
        333.9581
        713.0494
       1120.7427
       1386.6951
       1413.0561
       1461.1992
       1223.3117
       1219.0060
       1066.1839
       1318.1998
       1462.0950
       1550.3042
       1549.5516
       1604.2588
       1441.8630
       1146.5397
       1386.8920
       1627.2673
       1659.2277
       1658.2097
       1442.9946
       1523.8625
       1589.7146
       1850.8888
       1776.9610
       1750.9393
       1575.7506
       1776.0033
       1720.8754
       1662.3739
       1496.1724
       1219.6752
       1501.4584
       1783.0119
       1997.2194
       2133.9713
       2065.9362
       1990.4823
       1644.9210
       1378.0191
       1590.5599
       1775.1951
       1896.5033
       2027.9328
       2047.7226
       2053.8665
       2172.1273
       2417.4013
       2207.3379
       2021.0607
       1888.2044
       1701.9083
       1734.5514
       1745.3883
       1751.5602
       1768.0896
       1860.8484
       1954.8019
       1797.3177
       1555.5853
       1461.9161
       1354.5751
       1451.6292
       1510.9375
       1360.4853
       1145.3005
       1133.4596
       1139.7577
       1264.3365
       1392.1920
       1126.7507
        969.7429
       1174.4581
       1378.6272
       1366.2942
       1362.0894
       1445.1803
       1495.2704
       1421.4532
       1393.8587
       1539.3353
       1764.7948
       1516.0653
       1205.4669
       1247.3693
       1301.8440
        991.3779
        629.6589
        745.5591
        896.8957
       1231.5228
       1796.8082
       1464.2284
       1276.7661
       1185.2254
       1151.3163
       1316.2083
       1498.7197
       1443.2826
       1161.4783
       1229.6466
       1302.4144
       1223.5079
       1137.2585
       1483.6530
       1781.2061
       2204.2880
       2413.0745
       2297.2527
       2126.8792
       1946.8146
       1765.2193
       2018.6422
       2239.5786
       2680.1532
       2523.9937
       2412.9758
       2268.1928
       2144.6675
       1988.8801
       2117.1317
       2189.5159
       2170.5213
       2404.5877
       2134.1137
       1900.3416
       1777.8846
       1657.9322
       1755.3685
       1853.5619
       1779.9023
       1412.2527
       1266.2821
       1094.9878
        988.7093
        751.0122
        998.7089
       1232.2600
       1297.9159
        989.6994
        920.1600
        844.8199
        778.3117
        590.2980
       1164.6608
       1735.8212
       1727.8149
       1775.6338
       1891.0179
       2087.9802
       2054.5948
       2008.2238
       2139.3822
       2436.6522
       2231.9967
       1975.9029
       1871.8060
       1830.7565
       2143.9009
       2485.2286
       2355.8600
       2481.6023
       2106.3482
       1714.3200
       1840.4008
       1953.9032
       1550.4754
       1187.6101
       1557.4101
       2016.3533
       1797.0373
       1575.6136
       1301.2645
       1047.0474
       1224.4902
       1371.3101
       1248.1411
       1457.2616
       2007.1069
       2435.7223
       2470.0767
       2454.2200
       2174.8151
       1894.1932
       2095.4405
       2297.5315
       2648.8491
       2552.3456
       2453.5888
       2292.3200
       2102.3927
       1834.1059
       2042.4757
       2247.0315
       2306.8183
       1746.3843
       1813.2685
       1853.6972
       1897.2347
       1808.8029
       2074.8216
       2302.8004
       1689.2341
       1027.0508
        968.5081
        803.8559
        574.9253
        270.3882
        658.7823
       1076.3145
       1877.3288
       2562.4472
       2354.3099
       2014.1385
       1813.9100
       1603.5332
       1833.5669
       2060.4408
       1881.8044
       1778.2805
       1586.8352
       1663.1465
       1991.7729
       2301.8310
       2563.9033
       2788.5579
       2577.1071
       2570.9102
       2561.1965
       2504.8361
       1871.4959
       1248.9260
       1449.2770
       1729.4562
       1154.7739
        557.8985
        432.3740
        539.3451
        825.1128
       1143.3862
       1284.5776
       1424.8931
       2089.9329
       3034.0535
       2857.5400
       2594.4200
       2215.2907
       1931.8478
       1911.4869
       1973.8070
       1613.3199
       1195.9438
       1010.3521
        814.1443
        572.0068
        369.5910
        456.9652
        540.4864
       1015.1037
       1182.7359
       1332.2533
       1473.6999
       1379.9035
       1238.1445
       1497.9063
       1755.8073
       1512.3716
       1093.3988
       1368.3237
       1558.8976
       1055.0404
        550.3647
        732.9346
        933.6610
       1383.7972
       1675.2137
       1561.7820
       1408.3767
       1560.4182
       1711.4559
       2016.1902
       2344.5544
       2461.6806
       2499.2030
       2417.6366
       2270.4060
       1765.7689
       1312.6882
       1378.3221
       1436.1811
       1445.7495
       1348.9645
       1381.9041
       1406.1322
       1373.4267
       1372.2632
       1522.2187
       1739.5915
       2184.8143
       2833.4682
       2743.0913
       2588.9267
       2445.9602
       2304.1991
       1772.0161
       1566.2941
        997.6928
       1027.7207
        969.8878
        917.9317
        780.6367
        617.6307
        790.3889
        957.7950
       1486.2069
       2293.0866
       2165.9940
       2103.4212
       2016.9487
       1926.7630
       2117.7242
       2307.3438
       2323.7058
       2231.3716
       1910.4882
       1570.9970
       1497.6230
       1420.8231
       1582.6576
       1736.5387
       2035.7253
       2130.2102
       2265.2090
       2312.1759
       2202.8417
       2094.5011
       2030.8627
       1951.7195
       2142.2331
       2011.5108
       2113.4765
       2179.8161
       1972.0834
       1769.0146
       1920.6267
       2002.5416
       1343.4295
        765.0222
        789.9598
        807.7275
        689.1317
        560.8727
        667.2682
        778.5005
        905.4833
        740.8105
        723.0886
        765.3316
        971.5721
       1096.1295
       1330.9791
       1623.7724
       1469.5443
        865.7001
        773.5370
        639.1101
        968.5814
       1201.7391
       1452.3487
       1698.9220
       1862.4566
       1680.9728
       1679.2173
       1620.7556
       1736.4631
       1767.1825
       2141.3043
       2503.4149
       2693.5257
       2912.9656
       2508.6710
       2139.3686
       1830.0605
       1515.9886
       1578.4668
       1604.9274
       1727.6344
       1805.0365
       1725.4021
       1685.5048
       1660.5266
       1649.5305
       1951.0996
       2255.7627
       2550.1288
       2810.8518
       2788.7272
       2750.5902
       2610.4774
       2531.9497
       2608.1526
       2683.9662
       2636.8846
       2272.4656
       2379.1019
       2375.3885
       1946.1185
       1417.4361
       1637.6220
       1812.4387
       1550.3413
       1556.8065
       1681.5329
       2123.5817
       1947.9564
       1794.3048
       1932.5104
       2070.3341
       2477.7279
       2739.1150
       2528.6834
       2279.7992
       2222.4234
       2157.8377
       2183.7666
       2173.9835
       2303.8268
       2431.6647
       1957.2482
       1546.7600
       1164.8749
        734.7602
        860.4478
        989.4079
       1210.7452
        932.5334
        962.8310
       1001.9130
       1253.2192
       1453.5897
       1694.1141
       1975.3053
       2069.4685
       1890.9536
       1983.4820
       2028.0657
       2216.3712
       2312.2195
       2381.7984
       2426.1550
       1831.6853
       1248.9759
       1287.7353
       1319.1651
       1078.9247
       1111.2803
       1081.2169
       1040.6301
        666.9906
        403.6763
        443.5193
        475.1813
        360.8084
        274.7258
        432.3140
        632.9412
        915.8479
       1071.0012
       1165.8590
       1350.3103
       1428.7496
       1503.4895
       1475.9941
       1484.7277
       1529.4795
       1920.7836
       2049.3241
       2172.3881
       2125.8933
       2075.0588
       2103.9000
       2164.0387
       1639.0900
       1141.2078
       1071.1371
       1011.0174
        814.6169
        623.2138
        825.2395
       1029.7603
       1608.1435
       2370.9676
       2263.2761
       2273.9407
       1100.8097
        697.9533
        552.2239
        583.5391
       1050.3915
       1407.0593
       1388.5581
       1363.6867
        967.9583
        540.7817
        807.2046
       1077.7702
       1527.8563
       1932.7750
       2018.4828
       2060.7981
       2447.0003
       2914.8051
       2777.6254
       2641.3802
       2067.4408
       1640.6767
       1520.8345
       1439.5402
       1500.6582
       1733.1366
       1376.7762
       1585.4841
       1539.5934
       1441.7365
       1499.8117
       1566.2331
       1262.5712
       1358.3672
       1157.3998
       1323.7331
       1283.5059
       1027.4913
       1003.0534
       1043.6381
       1155.1811
       1178.2644
       1285.9109
       1399.7875
       1562.9479
       1671.3269
       1842.4907
       1994.2484
       2033.2459
       2039.9892
       1755.6421
       1452.3689
       1967.4515
       2407.6845
       2475.5253
       2521.0593
       2681.4989
       2904.9387
       2636.4244
       2270.2775
       2148.2189
       2254.7971
       2278.3086
       2533.7504
       2299.1585
       2062.6449
       1836.6912
       1714.1727
       1893.8773
       2047.5155
       1755.1287
       1457.5351
       1516.5631
       1574.2486
       1583.6226
       1570.3970
       1472.6723
       1363.9985
       1222.1834
       1103.0391
       1055.8619
       1201.7466
       1044.6088
       1135.3791
       1505.9207
       1914.7469
       1798.1588
       1661.7027
       1508.3689
       1346.4557
       1380.1213
       1414.2294
       1445.4196
       1495.1991
       1562.9360
       1792.5026
       1705.5623
       1597.7042
       1602.7101
       1603.1887
       1346.0430
        956.9847
       1101.5163
       1214.0850
       1507.2305
       2176.0649
       1806.3141
       1836.9712
       1403.6991
       1173.0781
       1218.0092
       1285.0867
       1131.7025
       1032.5027
       1170.3892
       1400.0115
       1422.2422
       1315.7023
       1306.1027
       1252.3176
       1269.6437
       1283.0466
       1185.0948
       1140.0854
       1321.6514
       1553.3041
       1553.3041
       1096.6839
       1096.6839
       1132.0694
       1253.7689
       1328.4149
       1244.7800
       1106.9658
        932.7324
        688.8697
        720.4890
        741.0674
        846.1525
        950.1250
       1080.1268
       1338.2573
       1428.0911
       1684.1691
       1248.8998
       1080.3466
        936.5606
       1096.0304
       1311.4021
       1361.8472
       1379.1812
       1390.6883
       1571.0301
       1716.5909
       1962.3884
       2200.8165
       1698.9359
       1468.5178
       1410.7556
       1605.7170
       1814.6921
       2017.3232
       1689.4218
       1612.8205
       1110.4354
        565.4795
        438.3813
        332.4362
        497.3605
        709.5149
        677.9683
        645.4985
       1089.8121
       1568.3131
       1344.5146
       1151.3805
       1114.8457
       1074.3796
       1108.6006
       1144.1961
       1445.8832
       1553.9413
       1639.9179
       1694.1526
       1386.0476
       1106.4821
       1143.5341
       1126.4284
       1407.3251
       1823.3356
       1693.0470
       1727.1581
       1761.5844
       1981.4573
       1548.9427
       1140.4553
        929.8277
        823.9164
        897.3916
       1088.7557
       1123.0403
       1183.5422
       1040.7478
        985.9926
       1119.6441
       1264.1368
       1215.3625
       1158.3465
       1252.5275
       1347.3584
       1326.0134
       1271.0446
        707.4705
        186.0785
        187.8462
        178.4857
        468.1742
        777.2451
        780.9102
        774.9605
       1163.9707
       1357.9513
       1238.7210
        994.5413
        908.5982
        805.8960
        843.4401
        878.3829
       1305.5483
       1631.3335
       1590.7591
       1436.5183
       1186.1376
        958.4410
        996.0597
       1112.6080
        944.8646
        762.2164
        687.2275
        603.3694
        694.2001
        753.8574
        876.5907
        995.0327
       1221.5389
       1303.6262
       1276.8909
       1249.5019
       1353.0667
       1581.1445
       1471.8252
       1495.3428
       1391.8080
       1225.8691
       1171.1333
       1077.6603
        951.9055
        798.8833
        785.3497
        782.6698
        857.7219
        906.3306
        706.0977
        498.4901
        443.8785
        383.5018
        627.4665
        890.7692
        810.0223
       1195.0228
       1070.1558
       1091.9595
        949.3601
        805.8736
        834.8803
       1018.2588
       1163.2653
       1285.2912
       1055.9975
        784.3478
        734.0298
        668.6528
        808.6267
        946.4029
       1119.7176
       1118.5490
       1218.6173
       1279.8692
       1096.0279
        856.9292
        934.5066
       1010.3223
       1353.3012
       1534.4899
       1428.3487
       1272.3982
       1158.8602
       1132.2264
       1166.8545
       1321.2392
       1649.2905
       1761.2177
       1965.4599
       2082.8025
       1537.8119
        956.6868
       1005.5252
       1048.8620
        689.8562
        329.2940
        236.0778
         59.1219
        254.9761
        475.1962
        582.3436
        685.1070
        467.3072
        426.5597
        348.1852
        220.6499
        173.1763
        127.2942
         56.3660
        221.1466
        693.2356
       1572.6569
       1333.6464
       1070.4191
       1046.9510
       1046.0477
       1020.9135
        990.2369
       1159.9286
       1305.7196
       1011.2579
        708.3114
        503.4621
        309.8939
        396.1184
        478.9063
        871.4400
       1001.5385
        958.1857
        903.9396
       1158.3149
       1365.4715
       1423.5714
       1475.5989
       1819.8571
       2219.2427
       2243.2928
       2251.0249
       1779.1946
       1402.8575
       1443.4079
       1481.2462
       1733.5072
       1990.2423
       1835.6019
       1646.0690
       1751.2739
       1866.6543
       1588.8617
       1605.7513
       1816.7694
       1969.7564
       2195.5808
       2371.9483
       2143.5091
       1957.2546
       1723.9551
       1756.9442
       1306.5368
        836.8892
       1160.3062
       1483.8977
       1533.8656
       1624.1987
       1471.9057
       1360.4689
        832.5091
        348.4901
        254.4378
        269.9006
        314.2162
        439.5051
        496.6883
        633.5700
        486.0309
        469.2729
        299.4790
        250.2507
         78.9807
          0.0000
          0.0000
         31.0536
        501.8407
        755.6865
        841.9094
        913.3436
        880.5134
        827.2949
        923.9644
       1008.8829
       1645.5494
       2407.4525
       2343.4184
       2240.2808
       1760.8086
       1390.5543
       1026.3268
        698.0127
        861.5074
        783.2595
        809.4545
        792.3335
        568.5098
        347.3764
        151.5602
          0.0000
        153.0224
        222.9389
        375.1981
        460.4078
        591.3219
        706.4643
        816.8481
        935.6898
        896.8483
        500.9013
        617.3620
        666.9131
        935.5671
       1198.2133
       1246.0557
       1278.9915
       1655.1640
       2017.7332
       2285.8975
       2390.7814
       2152.2626
       1867.7446
       1768.4555
       1730.7820
       1527.5435
       1232.7305
       1233.2076
       1196.7692
       1002.3547
        771.9191
        880.8738
        980.6811
       1233.2145
       1103.5997
       1153.1412
       1216.3158
       1569.1686
       1944.7732
       2026.3421
       2210.0237
       1876.5676
       1563.3537
       1640.3095
       1805.3730
       1862.9431
       1925.2101
       1976.3095
       2118.8462
       1877.7285
       1596.8476
       1498.1009
       1394.1377
       1265.5047
       1141.7920
       1280.1686
       1475.5364
       2179.2267
       2728.0492
       2590.2686
       2446.0402
       2272.6602
       2024.6313
       1851.3904
       1624.6047
       1881.4807
       2084.7207
       2151.2687
       2208.2798
       2022.2782
       1828.1262
       1921.1163
       1996.4877
       1796.1313
       2108.1796
       2234.4370
       2595.5814
       2422.0453
       2423.5331
       2035.5233
       1644.3023
       1574.7461
       1448.3314
       1554.6080
       1658.6599
       1500.1142
       1329.3217
       1341.5490
       1417.3883
        966.5022
        506.7169
        494.5685
        437.0832
        543.1578
        784.5513
        724.9889
        749.9977
        597.8373
        694.3232
        471.6756
        254.6929
        349.9447
        544.4053
        640.9044
        846.3222
       1406.8886
       1635.0273
       1692.4546
       1697.8252
       1530.6425
       1322.5239
       1261.5230
       1203.3449
       1666.9240
       1692.5783
       1799.4025
       1660.6966
       1494.2538
       1168.1099
       1169.0088
       1168.3828
       1700.2339
       2366.2358
       2083.9416
       1779.0925
       1454.2141
       1096.6101
       1158.7581
       1212.9500
        813.2980
        422.4198
        505.6329
        574.5006
        412.1435
        214.4493
        292.2502
        370.7267
        587.6018
        760.2846
        863.1108
       1054.8100
       1445.6724
       1802.2368
       1850.7003
       1833.7165
       1903.2269
       2020.5694
       1630.3724
       1525.4692
       1191.6284
       1059.6899
        975.5271
        890.9287
       1533.4448
       2215.9438
       2376.3061
       2598.3819
       2156.7295
       1718.9282
       1666.2434
       1544.9332
       1741.0912
       1757.4519
       1615.9293
       1477.9169
       1196.5791
        815.6885
        900.7116
        958.2010
       1418.7888
       1606.9346
       1477.1326
       1410.7971
       1521.2052
       1643.6377
       1763.1073
       1869.5193
       2609.9600
       3205.5888
       3000.0740
       2685.4241
       2176.9246
       1740.0976
       1776.5033
       1852.4067
       2018.2098
       2173.1904
       1892.6108
       1597.9354
       1381.6229
       1101.3988
       1226.3723
       1348.0426
       1698.6273
       2077.6481
       1825.1311
       1580.4011
       1516.0864
       1394.2257
       1442.9191
       1493.5387
       1535.4555
       1974.6511
       1623.0358
       1403.4800
       1363.7209
       1322.0003
       1404.4811
       1486.1412
       1389.6435
       1296.2334
       1190.7691
       1083.1839
        982.5827
        891.4920
        962.5265
       1032.6637
        928.4901
        730.5785
        832.4352
        940.0062
        998.0646
       1023.1280
       1021.7898
        945.2001
        634.9838
        291.9931
        143.5623
          0.0000
          0.0000
          0.0000
        178.8329
        372.6390
        918.4312
       1996.2642
       1940.6839
       2009.5377
       1834.8260
       1789.9895
       1646.3261
       1499.3010
       1688.4821
       2022.8267
       2069.5538
       2101.1466
       1869.0642
       1611.5388
       1513.9867
       1404.2973
       1447.6143
       1689.5055
       1503.2534
       1455.4689
       1610.5573
       1766.3887
       1602.2903
       1433.0656
       2025.8323
       2547.3405
       2172.0590
       1846.3172
       1418.7353
        976.6949
        616.9939
        259.2832
        225.4190
          9.0369
        113.1694
        215.8306
        257.9053
        281.8227
        320.9068
        351.2680
        970.8498
       1384.4964
       1612.3936
       1710.6437
       1713.5489
       1650.1610
       1592.2985
       1523.0635
       1377.3312
       1154.9947
       1212.4834
       1213.6126
       1052.6541
        884.4764
        875.6504
        816.2512
       1134.5169
       1474.5381
       1223.8543
        897.4250
        789.6286
        624.0898
        693.8690
        763.2225
       1081.8924
       1313.2890
       1361.2570
       1399.4539
       1113.2665
       1004.6441
        949.9776
        863.0506
        979.0878
       1206.0343
       1000.1201
        813.7536
        733.9862
        645.0807
        631.3644
        614.0161
        793.5090
        925.1057
        820.4663
        586.3170
        572.5490
        558.9331
        624.2889
        677.4588
       1301.3619
       1873.9414
       1878.2650
       1880.3428
       1670.3597
       1476.6283
       1468.7234
       1384.9981
       1131.3478
        851.2526
        815.1331
        770.4565
        514.0951
        250.1932
        411.7427
        569.2563
        416.3157
        263.4416
         66.4726
          0.0000
        117.2359
        388.5637
        347.6250
        242.9985
        705.8023
       1001.8980
       1003.5288
        992.4743
        969.2182
        911.8208
       1117.7570
       1339.0825
       1681.1159
       1923.6735
       1784.5772
       1585.1956
       1307.9173
        980.9671
       1016.1116
       1031.9888
       1005.9193
       1136.4635
       1333.3618
       1564.3456
        955.6209
        480.0467
        518.6933
        603.3899
       1302.7264
       1910.3167
       1747.7114
       1568.9189
       1243.8955
        876.5875
        759.2423
        636.5616
       1266.2186
       1585.1096
       1511.7073
       1458.1700
       1470.2515
       1516.5803
       1615.0755
       1711.1629
       1492.0175
       1833.3745
       1852.8071
       1882.3017
       1535.6276
       1402.3077
       1081.8261
       1041.9695
       1639.0145
       2569.6579
       2680.2337
       2699.9979
       2446.3980
       2119.2287
       1799.3604
       1599.3583
       1148.7967
        712.0589
        921.1670
       1137.5325
       1160.2942
       1148.1473
       1276.6329
       1400.8559
       1239.6353
       1271.6428
       1402.6622
       1534.8714
       1318.6201
       1156.8937
       1008.0809
       1009.0332
       1388.6129
       1768.2239
       1627.1543
       1459.7734
       1172.2628
        833.4551
       1020.7494
       1200.0208
       1390.1599
       1530.0029
       1386.5777
       1171.1427
       1096.8577
       1017.8580
       1019.0779
       1011.5638
       1409.5333
       1740.0907
       1443.7211
       1250.1271
       1183.9895
       1092.7947
        951.1922
        822.6492
       1490.6144
       1941.8739
       2105.2703
       2139.4930
       2157.3704
       2140.5677
       2045.2019
       1952.7761
       2466.5472
       2763.1370
       2305.8996
       1751.1084
       1616.5414
       1475.0716
       1333.2598
       1235.9217
       1063.6389
        476.5397
        428.6086
        355.3397
        602.0181
        758.8096
       1036.4442
       1310.7768
       1589.1019
       1588.0309
       1495.1324
       1392.7339
       1541.1853
       1604.1262
       1651.9114
       1669.7143
       1664.2795
       1412.6286
       1505.6624
       1556.3665
       2039.0041
       2456.9541
       2516.8441
       2573.1022
       2387.2405
       2074.0023
       2131.9776
       2107.0546
       1757.0793
       1410.1087
       1475.6530
       1489.3746
       1734.1000
       1931.2675
       2157.7285
       2323.1060
       1909.6001
       1484.3058
       1542.6635
       1546.9211
       1659.3845
       1855.1217
       1657.1231
       1482.4781
       1451.9705
       1475.4917
       1398.7079
       1319.6264
       1275.8042
       1025.8612
       1150.8644
       1234.4812
       1094.8517
        904.9399
        962.7517
       1015.8243
       1621.7861
       2314.3673
       2334.2637
       2335.1579
       2051.2246
       1763.1465
       1427.7493
       1124.7301
       1115.2670
       1152.9017
       1205.4111
       1299.0054
       1331.8708
       1308.9245
       1164.0996
       1014.0600
        971.1387
        726.1360
        633.5779
        554.5681
        362.9282
        201.1007
        326.4838
        489.6780
       1091.1172
       1758.0317
       1857.5831
       1877.5913
       1422.9109
       1046.4243
       1001.0826
        960.5605
       1193.7201
       1473.1515
       1511.6111
       1638.1988
       1520.3357
       1385.3405
       1384.8824
       1310.2475
       1201.2743
       1053.1832
       1050.3906
       1048.9349
        836.4053
        610.6903
        690.9131
        771.1509
        979.3890
       1154.8803
       1138.8091
       1117.2666
       1068.5518
       1020.8409
       1201.8167
       1382.8063
       1424.2733
       1418.4284
       1350.7872
       1326.8905
       1429.5525
       1530.9404
       1629.5699
       1726.0514
       2209.5820
       2705.0819
       2464.1413
       2187.5437
       1991.8978
       1799.4544
       1852.7308
       1903.3272
       1920.3334
       1833.0582
       1979.4585
       2044.9052
       1509.4345
       1051.7125
       1358.4401
       1611.1617
       1708.4107
       1723.2350
       1840.4430
       1930.5838
       1543.7552
       1228.1792
       1234.1164
       1241.0198
       1486.3499
       1711.9806
       1789.2261
       1820.7361
       1777.8618
       1725.1867
       1497.7982
       1341.5915
       1561.6376
       2077.3158
       1802.5874
       1570.6910
       1877.4777
       2200.2792
       1651.9621
       1307.2310
       1210.0472
       1367.4468
       1490.4034
       1812.1086
       1548.9993
       1287.7974
       1230.6238
       1126.1698
       1092.0835
       1015.6422
       1059.6982
       1100.1446
       1252.6300
       1411.7345
       1499.8289
       1589.0750
       1860.5895
       2097.0221
       1958.2615
       1814.0634
       1503.1924
       1193.4470
       1173.5050
       1076.5583
       1392.7901
       1813.7980
       1910.8837
       2002.5502
       1838.2975
       1635.3560
       1439.9211
       1354.9560
       1510.3361
       1624.1914
       1506.4567
       1404.5685
       1210.2128
       1064.8164
        861.8346
        673.7410
       1060.6997
       1405.4750
       1141.9877
        975.2619
        684.3934
        596.2502
        467.9220
        515.4739
       1080.8472
       1574.8703
       1594.7580
       1586.3626
       1436.0065
       1260.7534
       1181.2364
       1066.5509
        954.5991
        783.7360
        845.2804
        911.1655
        924.4678
        928.7875
       1031.1661
       1130.7116
       1470.4801
       1760.0809
       1610.3943
       1332.9747
       1082.8521
        754.5325
        742.1107
        731.8535
       1337.1447
       1783.5166
       1352.2182
        977.3075
        672.5837
        444.5256
        498.6772
        622.8321
       1139.2272
       1463.3155
       1424.5005
       1363.2817
       1205.1319
        953.4231
        960.1905
        947.6982
       1012.5781
       1039.9300
       1083.4998
       1137.1798
       1201.7949
       1236.1746
       1116.4132
        967.8995
        646.5751
        311.2966
        340.1909
        376.2512
        274.5958
        166.5337
        246.5205
        368.7518
        540.7468
        719.0728
        877.0220
       1030.5838
        822.3005
        595.7676
        608.5741
        626.1106
       1326.4368
       2183.8526
       1879.7031
       1589.3071
       1559.0693
       1526.4030
       1143.8642
       1003.7822
       1234.5518
       1718.9473
       1540.7754
       1335.6265
       1418.5080
       1497.3424
       1440.6165
       1376.6248
       1071.6744
        792.7063
        811.7487
        825.4149
        822.4083
        807.7935
        749.9024
        691.4874
       1330.9381
       2168.1474
       1830.6423
       1519.7018
       1433.7278
       1345.0672
       1465.8486
       1586.5550
       1923.2344
       2052.8753
       1951.6247
       1793.9276
       1669.5313
       1519.8038
       1549.2594
       1553.9782
       2263.8711
       2788.9686
       2635.2205
       2523.0708
       1958.5811
       1722.9347
       1344.1985
       1028.3737
        980.0073
       1208.3267
       1346.0570
       1483.1764
       1514.9317
       1527.4149
       1594.9073
       1661.2428
       2141.6901
       2498.1426
       2226.3578
       1840.9950
       1684.9396
       1533.1939
       1591.8524
       1640.0812
       1420.6200
       1183.3969
       1335.3773
       1490.1039
       1173.0580
        808.2217
       1067.8313
       1391.8275
       2031.3947
       2577.7326
       2638.0656
       2720.2127
       2430.0052
       2129.2865
       1983.7738
       1832.0895
       2104.9331
       2286.8862
       2400.6287
       2509.3860
       2198.4037
       1858.7763
       1534.4085
       1272.2926
       1273.6707
       1323.5810
       1257.5842
       1197.0647
       1085.8701
        926.2890
        828.0152
        730.4692
       1198.0090
       1606.3399
       1531.6382
       1439.6556
       1519.8368
       1587.4582
       1695.9739
       1797.7100
       2236.1454
       2529.9534
       2631.3773
       2713.9388
       1467.8576
        934.2006
        581.3880
        836.7872
       1193.1730
       1285.4131
       1292.4476
       1258.0452
       1161.3632
       1076.3815
       1096.4491
       1218.1858
       1507.0178
       1715.8916
       1690.3918
       1654.4182
       1436.8679
       1263.5618
       1269.7362
       1265.7571
       1943.7296
       2625.8797
       2646.5965
       2679.9933
       2305.9127
       2030.8515
       1864.4513
       1813.9961
       1750.5313
       1890.6368
       1784.7567
       1710.4656
       1623.4557
       1536.7485
       1442.6057
       1376.7570
       1274.1006
       1070.0061
       1197.8927
       1311.8805
       1239.0441
       1105.5854
       1120.2553
       1131.0443
       1670.7302
       2069.6069
       2068.7519
       2018.1521
       2011.7845
       1967.3861
       1834.8810
       1704.1044
       2166.8010
       2385.3528
       2086.0117
       1779.0371
       1487.8584
       1280.1419
       1175.5017
       1072.0892
       1488.5482
       1949.3739
       1887.3483
       1825.0480
       1612.2267
       1377.3447
       1463.2643
       1542.5025
       2266.4922
       2859.8111
       2649.4891
       2370.9864
       2099.9790
       1816.0345
       1815.8500
       1817.0007
       2416.7532
       2765.3141
       2635.2818
       2363.1652
       2185.7820
       1999.0219
       1760.8598
       1530.4338
       2053.5591
       2468.2687
       2294.4530
       2043.6764
       1753.2161
       1587.3761
       1389.8108
       1235.7798
       1540.4775
       1994.3511
       1855.9581
       1709.9751
       1569.1395
       1421.7322
       1601.0085
       1798.8437
       2392.2345
       2774.8364
       2565.2941
       2251.6680
       1779.6975
       1473.8924
       1321.4755
       1288.3411
       1759.6108
       2092.0059
       2177.8037
       2186.7722
       1918.5122
       1650.1580
       1618.4353
       1572.0391
       2142.2774
       2627.2796
       2552.0180
       2422.1124
       1962.6982
       1517.9957
       1400.7481
       1180.7995
       1095.8778
       1109.0630
       1302.6876
       1568.6361
       1589.3020
       1600.9096
       1535.7801
       1513.6302
       1346.8939
       1170.3216
       1304.0779
       1446.4098
        949.2538
        469.8998
        648.0564
        832.4195
       1224.4979
       1357.6545
       1409.4554
       1444.9898
       1384.4831
       1378.4705
       1317.6890
       1211.0769
       1562.6722
       1987.0250
       1801.8283
       1642.6914
       1522.5346
       1460.7752
       1592.3275
       1662.1354
       1760.1445
       1750.1558
       1821.5584
       1884.2291
       1542.7744
       1385.1767
       1057.1665
        970.4542
       1230.8012
       1342.3540
       1276.7968
       1208.6787
       1193.5304
       1463.7744
       1277.7968
       1263.0368
       1582.0469
       1754.2796
       1639.0829
       1519.9108
       1637.8960
       1701.0237
       1756.0719
       1796.2211
       1915.5620
       1992.5518
       1829.2243
       1635.8351
       1551.2125
       1462.0151
       1375.1252
       1289.4894
       1653.4225
       1968.4210
       1969.6228
       1963.3744
       1745.1972
       1525.8658
       1333.9613
       1192.1905
       2021.6570
       2893.7969
       2895.2614
       2858.4407
       2347.4109
       1776.3374
       1546.5830
       1310.7909
       1600.8704
       1376.9027
       1382.9235
       1336.4634
       1232.4792
       1166.9105
       1034.8833
        897.6674
       1216.6780
       1227.0650
       1503.6233
       1672.0373
       1616.2692
       1545.7975
       1692.7086
       1824.2818
       1859.4698
       1907.2296
       1732.7944
       1579.6596
       1322.7938
       1031.1462
       1132.5923
       1232.6905
       1601.7157
       1987.5444
       2059.7318
       2162.0665
       1609.9937
       1443.9070
       1082.1700
        730.8421
        990.3777
       1943.1860
       1846.6591
       1741.0759
       1785.6566
       1822.9142
       1499.0120
       1130.5141
        988.2696
        837.3050
        915.7579
        991.2847
        949.5244
        900.8578
        966.5724
       1031.1706
       1479.5080
       1903.7641
       1850.9679
       1797.9435
       1386.4598
       1174.2559
       1008.2354
        827.7200
        859.7835
        882.6729
        810.5451
        729.3705
        819.0725
        957.5735
        776.5026
        609.2925
       1153.2878
       1395.4992
       1072.3595
        732.5654
        909.9871
       1071.3286
        884.9391
        702.2657
        538.0632
        211.7046
         61.3297
          0.0000
         84.3110
        271.0766
         93.8104
          0.0000
        375.8667
        999.4128
       1186.3144
       1222.2281
       1307.9640
       1483.3297
       1150.0457
        826.9011
       1019.4688
       1089.3611
       1137.6822
       1181.6874
       1097.2371
       1012.3594
       1017.0975
       1020.6126
       1280.0368
       1445.8437
       1236.2153
        977.2491
       1103.8629
       1220.2039
       1300.1558
       1378.4803
       1560.9606
       1701.6671
       1584.3931
       1462.4434
       1234.0714
        973.7786
       1078.4670
       1176.9075
       1602.4743
       2014.1938
       1792.3793
       1550.6661
       1586.5233
       1591.2529
       1480.6507
       1427.1317
       1320.5487
        870.6950
        766.2907
        641.0868
        795.3788
        885.0176
        918.0514
        939.7706
       1207.3962
       1183.4731
       1277.4684
       1289.4606
       1550.0604
       1688.2124
       1629.3693
       1557.7216
       1835.7198
       2096.6969
       2034.8182
       1947.5611
       1607.6942
       1287.9428
        893.8201
        494.6699
       1315.4524
       2377.2665
       2272.0148
       2164.3997
       2104.9242
       2043.4196
       1602.8264
       1236.5456
       1200.7017
       1393.0956
       1521.1122
       1691.0356
       1631.9380
       1570.1889
        991.8042
        599.8400
        912.6439
       1137.6350
       1126.9787
       1047.6038
       1031.1249
       1004.2902
        829.9862
        653.6997
       1096.6310
       1398.1252
       1183.0860
        903.1069
       1007.2292
       1110.2522
       1051.7800
        988.2603
       1400.3392
       1869.6811
       1784.3288
       1689.6124
       1490.6313
       1346.4903
       1336.8346
       1322.1753
       1709.8930
       1904.4564
       1907.5674
       1815.9714
       1671.9594
       1525.1877
       1518.1696
       1442.9547
       2172.7279
       2742.8108
       2144.7674
       1583.3561
       1363.6142
       1173.9941
       1025.1096
        956.9178
       1184.4601
       1105.0780
        997.4747
        847.7025
        916.3366
        889.7310
        906.8260
        925.3002
       1196.4982
       1119.4083
       1243.7577
       1308.7232
       1263.8234
       1156.4067
       1091.1308
       1022.1338
       1477.0281
       1823.2475
       1807.9722
       1755.0937
       1498.3195
       1303.6012
       1289.6295
       1324.4306
       1295.7928
        976.5259
       1229.9100
       1348.3718
       1028.7149
        713.3343
        690.6372
        663.1574
        980.2690
       1441.4100
       1602.1503
       1809.5442
       2007.7641
       2229.9429
       1746.9433
       1387.7224
       1422.7434
       1371.4268
       1543.2412
       1701.7725
       1840.5419
       1949.1672
       1888.2845
       1819.7690
       1901.5867
       1549.9579
       1471.5033
       1298.6593
       1565.8534
       1834.8223
       1712.2391
       1617.7709
       1714.5379
       1719.2476
       1705.7248
       1681.0521
       1572.5245
       1512.0469
       1266.8717
       1014.1770
       1201.0300
       1235.0037
       1289.0344
       1275.2944
        816.3098
        340.3434
        364.3048
        384.9734
       1264.3001
       2046.2734
       2230.2490
       2358.5365
       1821.0952
       1543.4594
       1494.7623
       1633.4295
       1974.5693
       2225.5079
       2071.2008
       1855.8009
       1528.6496
       1373.0902
       1145.8929
       1009.2206
       1261.5158
       1433.9749
       1512.5433
       1565.5640
       1105.6326
        689.1187
        674.4464
        660.7800
       1278.4359
       2057.9232
       1922.8472
       1929.6177
       1676.7447
       1806.7657
       1508.7718
       1246.8278
       1717.5644
       2090.3821
       2008.6214
       1931.2298
       1527.8181
       1101.8691
       1048.9854
        985.2832
        920.6255
        741.9176
        796.7403
        795.7439
        645.7343
        487.8977
        517.2629
        547.7606
       1218.0780
       1987.7491
       1809.4366
       1577.2249
       1456.0895
       1282.0918
       1142.4588
       1002.5830
       1474.2024
       1853.5537
       1947.6341
       2041.0314
       2002.4762
       2198.5894
       2054.1979
       1908.5160
       1870.0597
       1863.3111
       1725.7191
       1695.3626
       1686.6953
       1807.0908
       1674.8000
       1665.0779
       1818.7104
       1688.8573
       1552.0640
       1455.0082
       1400.6835
       1327.6588
       1278.1126
       1222.7136
       1308.9854
       1213.8455
       1288.0953
       1265.0414
        968.3336
        644.4102
        748.6168
        842.0322
       1567.5638
       2134.7915
       2171.0013
       2152.0229
       1727.5120
       1356.2721
       1254.7807
       1150.2532
       1547.1504
       1740.8399
       1893.4675
       2005.1503
       1810.7753
       1617.2226
       1399.2170
       1113.5491
       1652.8631
       1998.3242
       2100.3819
       2124.2195
       1973.1908
       1790.9893
       1797.4376
       1798.3753
       1964.9936
       1980.4713
       2077.6335
       2122.5012
       1756.9007
       1444.5142
       1196.6572
        942.8865
       1267.1395
       1027.7502
        969.8566
        864.9901
       1192.7952
       1499.2998
       1462.4609
       1539.9305
       1829.5240
       2078.5451
       2194.3582
       2177.5323
       2009.7777
       1822.9822
       1517.5030
       1193.8706
       1650.9472
       2187.4040
       1684.1604
       1685.6430
       1519.7413
       1408.8925
        992.2948
        596.3465
        843.8862
        613.4195
        574.8012
        524.6168
        559.4541
        577.8084
        617.4768
        767.1061
        961.0588
        684.0724
        614.1139
        501.2398
        703.4339
        860.2219
       1050.0175
       1208.9007
       1353.4151
       1459.3605
       1545.5316
       1514.3073
       1361.8368
       1347.4124
       1145.3592
       1045.5157
       1471.3633
       1372.7262
       1205.6619
       1039.3432
       1177.8787
       1280.2371
       1229.0184
       1235.3453
       1517.2194
       1721.1314
       1506.4711
       1404.2142
       1360.2904
       1336.5821
       1186.9181
       1041.6499
       1160.9567
       1107.4161
       1117.9932
       1035.0393
       1013.1908
        957.7209
       1031.5982
       1102.1601
       1574.9949
       2093.8351
       2114.7570
       2053.5145
       1849.3994
       1637.0480
       1561.0795
       1471.5285
       1844.8897
       1675.3856
       1268.8027
        806.9763
       1255.1358
       1562.1146
       1321.3730
       1036.9556
       1425.6684
       1423.7397
       1322.1204
       1185.0000
       1127.4235
       1067.4240
        997.4075
       1002.7305
       1209.2613
       1180.7303
        928.3928
        669.4226
        732.2685
        755.6759
        803.1276
        836.4289
       1189.3396
       1400.8613
       1473.6137
       1451.3199
       1378.5938
       1254.5727
       1345.2000
       1425.0850
       1382.9341
       1288.6776
       1309.9937
       1278.8734
       1182.6722
       1215.7403
       1068.8642
       1124.7206
       1959.9412
       2265.4126
       2214.7986
       2105.5698
       1968.6923
       1814.4866
       1882.6535
       1934.1683
       1800.4162
       1224.9751
       1461.4932
       1561.8317
       1684.8539
       1682.1202
       1821.6299
       1952.0645
       1755.1867
       1181.8745
       1145.7677
       1089.9892
       1089.7422
        942.1912
       1008.4798
       1062.7677
       1228.7959
        956.9820
        751.0556
        564.7361
        516.8679
        387.0442
        546.0475
        668.4261
       1092.8386
       1150.4165
        995.8183
        831.1947
        824.4134
       1057.7433
       1095.8941
       1174.1809
       1575.3115
       1978.8095
       2170.7965
       2282.6021
       2016.0299
       1870.7440
       1920.2274
       2087.6064
       2006.9501
       1907.8817
       2201.8270
       2531.3497
       1915.8493
       1577.4077
       1310.0362
       1022.4924
       1528.8982
       2589.6227
       2625.3637
       2731.6657
       1862.3817
       1140.6787
       1216.6919
       1292.8377
       1687.7068
       1606.1924
       1620.1561
       1595.4479
       1434.9469
       1305.5911
       1369.6984
       1552.3551
       1643.8402
       1650.9159
       1986.6148
       2326.1323
       2126.2862
       2039.0229
       1866.0688
       1778.5224
       2196.2466
       2844.0058
       2876.3120
       2896.4291
       2384.5496
       1854.9112
       1772.0785
       1678.7809
       1508.7444
       1882.3124
       1758.5013
       1835.0359
       1792.6739
       1749.0995
       1790.3708
       1915.7696
       2287.4547
       2673.1268
       2731.6198
       2894.7175
       2457.9100
       2016.5355
       1949.9116
       1873.0690
       1675.5701
       1016.1994
        855.1027
        672.3222
       1162.5548
       1481.2511
       1580.4174
       1617.8811
       1910.9573
       2064.0940
       2165.6496
       2228.1718
       1846.2557
       1493.1828
       1658.0219
       1865.8242
       1833.7590
       1819.1027
       1811.5563
       1846.2113
       1975.2979
       2084.0524
       1987.8597
       1941.3062
       1790.9237
       1473.4185
       1458.8102
       1440.6402
       1520.1478
       1601.8466
       1569.4899
       1603.1200
       1865.0775
       2253.6501
       1952.0547
       1732.9377
       2079.3895
       2579.2591
       2270.0654
       1939.5609
       2364.1224
       2604.3413
       2883.6668
       3146.3290
       2638.9265
       2199.3069
       2003.6642
       1801.9684
       2059.0732
       2000.5934
       1877.6359
       1740.8007
       1251.8543
        815.9267
        826.2564
        834.6036
        874.0521
        555.7409
        396.7466
        168.7131
        323.0020
        426.8318
        464.3634
        496.0974
        758.7471
        505.8393
        353.3801
        193.1175
        169.1125
        151.8813
        125.1709
         72.1941
        170.6952
         80.3003
          0.0000
          0.0000
          0.0000
          0.0000
          0.0000
         76.8333
        467.7741
        586.2009
        448.4461
        289.4119
        525.3171
        661.1680
        854.6387
       1025.3648
        964.7408
        937.6534
       1040.3131
       1292.1976
       1198.4524
       1103.4539
       1364.9962
       1560.1227
       1646.5389
       1634.7939
       1717.4156
       1637.4667
       1471.9819
       1464.5284
       1336.8634
       1127.4227
       1403.1599
       2150.5955
       2224.8004
       2431.0165
       2006.2863
       1605.0006
       1557.9300
       1695.8638
       1464.9353
       1421.2073
       1608.7832
       1845.0061
       1734.7940
       1620.6873
       1640.5509
       1874.5564
       2234.3653
       2590.3803
       2688.9019
       2758.3350
       2317.1873
       2172.5288
       1930.0701
       2200.6981
       2329.8527
       2153.5502
       2107.9220
       2021.0967
       1816.8432
       1604.0440
       1610.5085
       1605.9238
       1952.6325
       1991.5691
       1683.0165
       1378.0032
       1202.2636
       1100.2934
       1066.2554
       1189.2798
       1388.9416
       1028.8425
        835.3815
        617.9343
        869.0284
       1038.2663
       1104.3779
       1143.9742
       1502.9913
       1841.6368
       1706.5160
       1603.1284
       1421.9758
       1346.8775
       1160.7183
        917.1619
       1235.2162
        651.9740
        359.6793
         96.0738
        357.6783
        494.8015
        715.1441
        895.8704
       1487.1207
       1638.4555
       1273.9323
       1010.0658
        834.5711
        618.1487
        574.5638
        572.8972
       1150.2344
       1161.4468
        923.2614
        729.3556
        768.6934
        783.0012
        980.9428
       1155.7277
       1346.5646
       1395.0023
       1600.7067
       1734.7077
       1459.6922
       1250.6683
       1118.3716
       1183.5704
       1484.8688
       1230.6662
       1031.7629
       1022.8566
       1190.1253
       1313.5226
       1501.5281
       1689.8471
       1507.5398
        963.9321
        591.7743
        249.4037
        506.6995
        672.0451
        826.4004
        967.8360
       1134.1146
       1170.6141
       1183.0749
       1319.3542
       1462.1302
       1658.9531
       1698.5388
       1818.3074
       1774.0178
       1394.3225
       1184.8417
       1071.9117
       1301.2702
       1549.4386
       1556.1099
       1554.6043
       1125.0622
       1457.9452
       1016.9485
        682.2091
        868.8309
        984.5924
       1258.5718
       1453.1540
       1681.8232
       1510.4607
       1491.4856
       1419.0533
       1789.0117
       1964.6507
       2252.1108
       2515.5258
       1962.6995
       1069.8535
       1094.8946
       1195.5493
       1173.8271
       1010.4853
       1306.1938
       1779.0737
       1852.2142
       1434.7580
       1136.7832
        890.8995
        754.4647
        566.5873
        607.2185
        640.1122
       1187.1765
       1058.5118
        427.7668
         33.3220
        237.3413
        481.4427
        570.0610
        871.3062
        783.9666
         81.4922
          0.0000
          0.0000
          0.0000
        211.2204
        396.9958
        549.8356
       1288.2442
       1997.4711
       2101.2082
       2260.1577
       2445.5776
       2644.8156
       2600.1030
       2522.6595
       2332.5209
       2130.1208
       2304.7252
       2444.4160
       2270.6356
       1971.2755
       1887.1313
       1792.9477
       1707.2211
       1405.8846
       1382.8546
       1371.1951
       1350.1587
       1177.6263
       1274.6667
       1364.6429
       1745.6120
       1153.4814
        992.5887
        850.5721
       1041.7895
       1171.2014
       1330.7835
       1418.3063
       1915.3951
       2805.6794
       2957.1324
       3412.9895
       3104.0489
       2800.5199
       2879.1147
       2951.1715
       2718.1566
       2392.2025
       2423.6852
       2417.9375
       2330.4259
       2333.4265
       2207.0744
       2134.3120
       1744.2834
       2207.5114
       1824.2385
       1536.1284
       1739.2084
       1924.6691
       2257.7754
       2593.1119
       1985.6130
       1421.5606
       1486.0904
       1614.2986
       1140.0568
       1071.8774
       1017.2923
        912.4551
       1151.7724
       1585.0661
       1681.2315
       1761.9569
       1645.4108
       1524.0604
       1653.5202
       1778.3624
       1910.2038
       1552.3443
       1487.2026
       1388.5796
        996.1320
        550.2891
        823.9073
       1124.4216
       1402.4282
       1333.2667
       1343.0947
       1307.7562
       1126.7565
        916.4600
        967.0430
       1011.0799
       1245.5205
       1281.5600
       1138.2795
        984.3528
        855.9038
        714.8869
        803.5294
       1003.7123
       1225.1118
       1203.4413
       1050.3275
        870.6247
       1106.4189
       1091.9733
       1426.2007
       1821.0095
       2161.0533
       1974.6802
       1712.0096
       1443.2958
       1537.0698
       1534.8529
       1721.5388
       1793.8219
       1724.7416
       1518.7235
       1640.3596
       1761.2499
       1351.6578
        764.3590
       1012.9724
       1261.5693
       1824.3775
       2501.7467
       2543.5396
       2659.6602
       2269.9861
       1908.0697
       2275.0550
       2645.8749
       2136.1812
       1625.8542
       1643.4461
       1618.7877
       1939.5295
       2350.8976
       2517.6092
       2797.5509
       2698.2583
       2060.1245
       2022.6298
       1924.4359
       2122.9930
       2163.1169
       2537.8477
       2913.3185
       2872.5909
       2478.4429
       2431.0058
       2500.1474
       2523.5847
       2514.4855
       2558.3948
       2662.0319
       2563.3710
       2353.8477
       2421.5568
       2345.6151
       1995.5762
       2165.9952
       1776.7952
       1932.6351
       1967.6360
       1891.0929
       1841.0602
       1800.3374
       1416.1788
       1065.7339
       1313.0384
       1704.7831
       1736.8399
       1459.8971
       1327.7295
       1270.7562
       1352.1255
       1306.8942
       1831.3617
       2390.2084
       1957.8863
       1166.2683
       1534.8700
       1697.2528
       1188.7334
       1192.0359
       1287.3569
       1284.3357
       1167.1480
        952.6242
        874.1409
        978.6728
        710.4326
        784.7481
        803.3356
        983.8232
       1242.8667
       1303.5070
       1199.4366
       1084.6231
       1041.3618
        893.8270
       1016.5356
       1122.9595
       1686.7432
       1409.2307
       1208.6308
        987.7819
       1052.2563
        963.7787
       1446.4451
       1985.8626
       2037.3864
       1776.2785
       2179.0073
       2203.8547
       1773.8392
       1398.3764
       1600.3703
       1796.1483
       2090.5731
       2954.7343
       2762.9940
       2610.8546
       2556.3206
       2393.1596
       2556.1125
       2757.0431
       2610.5538
       2444.0063
       2220.9797
       2068.7254
       1713.0347
       1360.0823
       1400.6924
       1417.0321
       1741.1168
       2078.6213
       1907.2656
       1754.7092
       1767.0434
       1771.0017
       2089.9579
       2403.5491
       2116.9201
       1736.6487
       1665.1924
       1592.4154
       1200.3458
        888.4406
       1075.7351
       1372.2225
       1482.1196
       1628.9306
       1652.5128
       1652.9096
       1276.5024
       1095.2992
       1180.7840
       1408.0690
        879.2996
        272.9007
        262.5192
        269.0816
         77.0869
          0.0000
         54.5648
        242.3130
        637.2265
        615.8322
        683.4091
        726.1465
        877.4272
        819.5114
       1208.2260
       1535.0413
       1907.2862
       2657.5778
       2582.5086
       2556.8526
       2745.5297
       2912.5055
       2528.0698
       2262.1595
       2155.1802
       2036.5211
       1790.6289
       1561.9835
       1115.5969
       1053.1734
       1426.2179
       1900.5765
       2500.6836
       2992.6974
       3000.8699
       2981.7644
       2231.8240
       1933.8106
       1525.0928
       1414.4738
       1294.1468
       1142.6890
       1218.0875
       1261.0859
        942.5413
        832.2324
        926.4022
       1287.7483
       1641.4455
       2050.8364
       2015.0804
       1969.7312
       1793.9533
       1736.2111
       2133.1887
       2543.2366
       2472.4452
       1897.6692
       2188.0424
       2274.0330
       1915.2009
       1550.0811
       1842.8256
       2144.7825
       1912.5395
       1465.0928
       1852.0208
       2100.5071
       2200.0121
       2248.2631
       2036.1363
       1792.4485
       1801.9638
       1393.6584
       1037.1440
        647.2723
        669.1459
        575.6938
        495.3739
        422.5403
        519.4382
        287.6899
        269.5291
        228.1493
        537.7033
        744.0855
        742.6157
        738.8669
        742.9089
        348.1157
        368.9078
        363.1188
        553.1627
        720.0353
       1144.6532
       1593.6381
       1700.1502
       1690.3733
       2013.2455
       2239.6731
       2174.5509
       2062.2666
       2188.6231
       2291.3389
       1720.6116
       2024.9176
       2071.4310
       2367.2107
       1893.8881
       1466.0554
       1435.9677
       1521.1685
       1801.3655
       2211.8410
       2094.9337
       2052.9213
       1921.6944
       1858.5337
       1818.7905
       2108.6933
       2075.6985
       2684.6747
       2376.2228
       2259.8274
       2131.4597
       2092.5449
       2413.9488
       2669.4407
       2132.6731
       1865.9788
       1648.9782
       1647.1165
       1804.2211
       2039.2953
       2205.2977
       2374.0861
       1358.4540
        627.2946
        501.2436
        850.5674
        915.3520
        848.2365
        973.8604
       1343.1908
       1363.6082
       1276.3662
       1439.7873
       1589.4473
       1731.6487
       1836.3489
       2135.0133
       2418.5144
       2312.2067
       2172.5578
       1944.7644
       1729.5736
       1258.5262
        985.5659
       1073.9456
       1536.2512
       1388.6557
       1221.3919
       1506.9340
       1781.5528
       1207.0721
        740.2024
       1054.2029
       1451.5751
       1493.9045
       1743.9500
       1549.7907
       1605.2510
       2173.5196
       2663.9469
       2823.8174
       2979.8773
       2546.8291
       1885.6384
       1853.0164
       1797.3335
       1684.1610
       1523.4084
       1466.5341
       1414.4818
       1770.1813
       1677.5020
       1303.3876
        936.5432
        928.7112
        824.3462
        865.4346
        849.5784
        989.3057
        829.5877
        571.9892
        389.0227
        583.9291
        708.3285
        709.8425
        721.2977
        816.6122
        501.1814
        450.6879
        370.5672
        984.8441
       1439.3557
       2082.1937
       2679.3972
       2503.0075
       2202.7685
       2184.3731
       2129.4634
       1874.0630
       1618.7888
       1697.4751
       1776.6741
       1942.3408
       2109.6932
       1955.7725
       2016.2634
       1191.7190
        771.7457
        802.6017
        877.9349
       1263.8251
       1925.9190
       1649.2449
       1609.3460
       1297.9021
       1045.6038
       1301.7834
       1608.0026
       1422.9299
       1652.0262
       1433.5714
       1186.1982
       1309.9551
       1473.5056
       1387.2522
       1566.2010
       1575.2279
       1512.0095
       1406.6870
       1293.7612
       1014.6456
        747.4160
        959.2119
       1130.2310
       1100.1364
        959.6506
       1047.9605
       1122.3259
        776.5428
        665.5714
        778.5684
       1034.4453
       1044.5318
       1081.5462
       1027.8361
        915.3062
        862.8923
        664.6182
        859.2241
       1059.5818
       1234.0293
        960.4598
        859.2357
        730.3944
        777.7393
        716.9617
       1313.3789
       1906.1609
       1898.0594
       1875.7612
       1909.8995
       2028.3665
       1859.9549
       1689.9892
       1966.8375
       2210.9906
       1720.3106
       1971.0953
       1788.2029
       1771.8798
       1674.8052
       1796.3311
       1366.5382
       1162.8723
       1175.9946
       1097.6279
       1220.7476
       1345.0115
       1228.7560
       1212.2577
       1179.2868
       1314.3668
       1054.1447
       1364.8251
       1245.6480
       1158.9288
       1166.8009
       1140.5804
       1452.5194
       1770.6879
       1259.3475
       1195.8596
        900.4650
        976.8832
       1246.9006
       1499.5965
       1613.5724
       1606.3858
       1483.3292
       1347.5300
       1474.3010
       1567.6321
       1446.1566
       1465.8791
       1438.6372
       1439.5466
       1334.5345
       1208.9719
       1152.4613
       1060.7905
       1560.0086
       2056.3575
       1988.5704
       2008.8001
       1279.0095
       1017.5439
        905.2767
        881.4516
       1116.3771
       1360.0729
       1204.2631
        994.2006
        966.7937
        656.7979
        502.4463
        339.4633
        319.0923
        307.5134
        474.7673
        616.8748
        476.3737
        300.4795
        386.8146
        483.9636
        811.8674
       1047.2149
       1125.2245
       1100.9644
       1387.7155
       1599.0265
       1642.8993
       1697.5423
       1557.3956
       1379.3811
       1355.8755
       1381.3723
       1026.4804
        536.6320
        693.7126
        796.2247
        600.4614
        436.3774
        505.6879
        567.6013
        748.0695
        675.5846
        705.8492
        782.1527
        652.3241
        538.3422
        724.9589
        959.1564
       1196.0430
       1217.5972
       1049.7148
        880.4390
        732.8013
        526.3688
        882.2393
       1210.8544
       1323.2860
       1201.0014
       1196.1150
       1174.2928
       1035.7330
        856.4947
       1066.7835
       1271.2411
       1126.1704
        971.1173
       1009.0797
       1032.3040
        644.6862
        270.0804
        420.4686
        572.2408
        693.7810
        539.7702
        569.6797
        548.1435
        518.6238
        425.5345
        543.7405
        637.3013
        493.4973
        573.8408
        661.0071
        757.6469
       1345.4984
       1854.2486
       1827.5597
       1778.3579
       1345.6493
        860.5849
        972.6008
       1051.8487
        935.2534
       1152.3258
        958.3148
       1048.6561
        951.0609
        655.6416
        622.9321
        584.8011
        612.7869
        614.0107
        625.3859
        541.6632
        830.8881
       1011.7699
        920.0499
        888.0231
       1109.6088
       1324.6440
       1146.3429
        919.2244
       1034.1384
       1227.9695
       1227.9695
