         10.1150
         10.1150
        -10.5833
        -25.1112
          3.6808
         83.0101
        183.9137
         61.8187
        -33.7070
        -46.2284
        -60.2702
        -56.8679
        -32.3983
          8.0387
         65.8901
         34.2210
         24.2051
         -3.0241
        -29.3999
        -35.5056
         -0.4865
         -9.0028
         53.7723
        111.7847
         10.6721
          3.3256
        -25.5459
        -12.2264
         23.7822
         38.9772
         71.6707
         18.8344
        -23.2557
         30.1794
         18.8224
         31.5034
        -29.3031
        -17.2910
         -9.4430
        -28.3054
        -43.1490
        -33.2142
        -60.6084
        -14.8774
         14.6916
         -1.7801
         25.8029
        -18.4123
        -23.3371
         -1.0929
        126.8022
        420.6163
        174.7295
         60.1391
         60.8809
        -20.2091
        -47.4114
        -18.2331
        -18.5605
        -30.6200
         15.0736
        155.7570
        100.5229
        -13.4028
         -0.6379
         12.1385
         23.7516
          8.6740
         75.8669
        160.1961
         24.0647
        -56.8067
        -34.5069
         25.7392
          7.9115
         34.0122
        -19.1581
        143.4776
         61.7314
        -19.7553
        -14.7766
         -4.1243
        -27.3716
        -24.4775
        -29.9765
         84.7894
        192.9507
         -5.9153
        -24.5039
         44.6356
        105.4947
         65.5073
        209.6363
        324.6917
        181.7080
         71.1029
         -7.2507
        -39.5689
        -29.6002
        -22.3943
         -8.9072
         22.7175
         72.2009
         22.0947
         15.8503
         -1.8106
        -86.4071
        -48.0182
          0.8864
         16.8860
         75.0638
         63.6417
         13.9476
         42.0732
         65.1962
         79.5824
         17.4249
         45.2017
        105.4327
         58.8646
        228.9597
        429.1092
        396.5902
        183.5826
        103.4114
         62.8244
         63.2338
        -42.0459
        -46.6032
        -22.0528
        -36.5762
        -25.8568
         29.2823
        -17.0159
         16.1804
        -22.5391
        -23.0933
        -11.0422
        -20.4848
        -29.8195
         69.6924
        106.2516
         84.7404
         79.5735
        -27.0745
         -9.7935
         51.0110
         84.8707
         48.1368
         15.6037
         80.5641
         65.2288
        -21.7134
          9.1147
          1.0538
         -0.1097
         21.3645
         -5.7778
        -38.0282
        -50.5973
        -62.8340
        -44.3268
        -33.8759
        -22.9416
         -3.1436
         46.9700
        117.1025
        114.3796
        275.2938
        313.8755
        319.8725
        407.2472
        368.3013
        152.8687
          5.1068
          0.0000
          0.0000
          0.0000
        -37.9322
        -53.1365
         23.1839
         47.9010
        -39.4817
        -54.6151
        -46.5008
          5.8874
         -3.6776
        -12.4987
         22.7851
          4.5362
          0.3780
        -28.0166
        -16.6478
        -37.0710
        -36.2011
        -10.8142
         50.7982
        227.3898
        234.0070
        106.9618
        171.4214
        199.0855
        238.6259
        175.3026
        139.6824
        122.0099
         44.7893
        -46.7024
        -48.6831
        -10.2126
         -8.3430
        -19.2666
         14.6309
         10.8995
        128.8999
         28.5861
        -11.7180
          3.6303
        -21.1476
        -18.2107
         14.0508
        113.5013
         95.2407
         16.1014
         -0.7953
         -8.0313
         -3.3375
          9.1910
         -3.8962
         15.5313
          9.1711
        -81.8562
       -103.1436
        -71.8264
        -73.1512
        -65.2853
        -32.2507
         -8.5887
        -56.9775
        -87.9799
        -35.9289
         -3.4642
          4.9873
        -15.1597
          6.4916
         63.2110
         56.4400
        -31.4821
        -11.3383
        -18.4910
       -117.4117
        -71.5870
         48.6459
         62.2849
         66.5046
        -27.8321
        -16.8077
         27.4246
        -25.8095
        115.1905
        270.1274
        165.9563
         65.8310
         -0.5823
        -20.2672
         12.4910
          8.2857
        135.2128
        263.4192
         43.6442
        -10.7810
        -48.1672
        -34.6685
          7.2560
         -7.9212
        154.6316
        168.5630
         26.5383
         46.9005
        -29.0711
        -42.2121
        -44.9467
         12.6764
         22.0489
        -10.1545
         65.7300
        104.2948
         36.8579
         63.6637
         35.6431
         95.7806
        125.7850
        100.6649
         71.8909
        208.1880
        158.5831
         -2.7581
        -35.4414
        -34.0452
         85.5641
        247.3456
        120.2428
        103.1808
         27.0204
        -20.7272
        -30.6401
        -17.1830
        -38.9560
         -4.9341
         61.0315
        139.0170
        -46.6165
        -18.6609
         30.3422
         -8.7484
        -29.9825
         -4.5453
          6.7701
         92.0300
         92.0300
