        196.5417
        179.8265
        163.1448
        146.4840
        129.7626
        113.0325
         95.8958
         78.3494
         62.4904
         46.6267
         42.3932
         37.9173
         33.4351
         28.9640
         23.6776
         18.0756
         13.4660
          9.0751
          4.6866
          2.9617
          1.2379
         -0.4848
         -1.4661
         -2.1497
         -2.9354
         -4.5277
         -4.9033
         -4.6764
         -0.7406
          3.1696
          7.0788
         10.9869
         14.8940
         18.8000
         22.7049
         29.3435
         34.5999
         36.1101
         37.6190
         39.1266
         40.6330
         42.1380
         43.6418
         45.1444
         46.6457
         48.7847
         48.2354
         45.2709
         42.3042
         39.3355
         36.3646
         33.3915
         30.4163
         27.4390
         24.4596
         30.4972
         36.5362
         42.5764
         48.6180
         54.6610
         60.7052
         66.7508
         72.7977
         78.8459
         93.1616
        107.4753
        121.7868
        136.0964
        150.4039
        164.7093
        179.0128
        193.3143
        207.6137
        190.5831
        173.5493
        159.3783
        143.6934
        126.7942
        109.8921
         92.9870
         76.0790
         59.1680
         61.7592
         64.3495
         66.9390
         69.5275
         72.1152
         74.7021
         77.2880
         79.8731
         82.4574
         80.1083
         77.7584
         75.4077
         73.0561
         70.7037
         67.9005
         63.6198
         61.4220
         59.2235
         70.1303
         81.0356
         91.9394
        102.8416
        113.7422
        124.3481
        135.2683
        146.1870
        157.1041
        168.5237
        179.9416
        191.3717
        202.7883
        214.2033
        225.6166
        237.0281
        248.4379
        259.8460
        242.4088
        224.9658
        207.5167
        190.0616
        172.6005
        155.1334
        137.6602
        120.1808
        102.6953
         96.4378
         90.1800
         83.9255
         77.6946
         71.4455
         65.1918
         58.9379
         52.6837
         46.4293
         70.7062
         94.2308
        115.1712
        136.1085
        157.0429
        177.9744
        199.6725
        223.3992
        244.3506
        222.0805
        199.8053
        177.5249
        155.5022
        133.5508
        111.5957
         89.3607
         69.1588
         47.3354
         41.4282
         35.5305
         29.6336
         23.7373
         17.8418
         12.8483
          7.0878
          1.3280
         -4.4311
         -0.8735
          1.8990
          5.2662
          8.6827
         12.1030
         15.5271
         18.9550
         22.3868
         27.7351
         29.0922
         30.4492
         31.8061
         33.1630
         34.5199
         36.6823
         38.1521
         38.9215
         41.0913
         40.6057
         40.1221
         39.6751
         39.2291
         38.7841
         38.3397
         37.8731
         37.1059
         36.6884
         53.6955
         71.0351
         87.6733
        104.9573
        -19.1733
         -6.2156
        156.3092
        173.5135
        190.7059
        209.5515
        228.4365
        247.2952
        266.1597
        285.0300
        303.9061
        322.7881
        341.6758
        360.5695
        358.2860
        356.0082
        353.7363
        351.4702
        349.2098
        346.9552
        344.7063
        342.4632
        340.2258
        332.2278
        324.2276
        316.2252
        308.2205
        300.2135
        292.2043
        284.1928
        276.1789
        268.1628
        250.8995
        233.6402
        216.3850
        199.1337
        181.8865
        164.6434
        147.4042
        130.1691
        112.9380
        103.6844
         94.4319
         85.1802
         75.9296
         66.6799
         57.4311
         48.1834
         38.9365
         29.6906
         28.8390
         27.9844
         27.1270
         26.2667
         25.4035
         24.5374
         23.6685
         22.7967
         21.9220
         18.3985
         14.8769
         11.3574
          7.8398
          4.3242
          0.8106
         -2.7010
         -6.2106
         -9.7182
         -5.6085
         -1.4982
          2.6126
          6.6870
         10.7917
         14.9050
         19.0188
         23.1334
         27.2485
         45.2832
         63.3144
         81.2016
         98.9558
        117.0016
        132.8073
        147.2827
        161.7590
        173.5113
        178.2146
        182.9199
        187.6295
        192.3397
        196.8802
        200.7486
        203.3948
        205.2466
        207.1031
        192.1219
        177.1681
        162.2370
        147.3336
        132.4527
        117.5998
        102.7690
         87.8763
         72.6055
         66.0241
         59.4387
        199.5462
        192.7092
         40.4806
         33.7824
         26.4244
         19.7376
         13.7217
         10.5401
          7.4052
          4.2716
          1.1410
         -1.9428
         -5.0698
         -8.1884
        -11.3127
        -14.4426
         -7.6729
         -1.1705
          5.5042
         12.2774
         19.0468
         25.8172
         30.5163
         35.1335
         41.4929
         47.9984
         54.5053
         60.8255
         66.5265
        236.9450
         79.6542
         82.7702
         88.4019
         93.4181
         98.1803
         99.9740
         99.5656
         97.2671
         94.1492
         91.0286
         87.9054
         84.7795
         81.6509
         69.9878
         58.3471
         46.6818
         35.0146
         23.3455
         11.6744
          0.0013
        -11.6737
        -23.3508
        -21.3575
        -19.0676
        -16.7829
        -13.8721
        -10.9813
         -8.0678
         -5.1489
         -2.2255
          0.3794
          6.3294
         12.2783
         18.2262
         24.1730
         30.1187
         36.0634
         42.0070
         47.9496
         53.8912
         56.2900
         58.6885
         61.0868
         63.4849
         65.8828
         68.2805
         70.6779
         73.0751
         75.4721
         81.6873
         87.9014
         94.1144
        100.2312
        106.4265
        112.6208
        118.8143
        125.0068
        131.1985
        169.4779
        208.6349
        247.0018
        285.3496
        322.8622
        354.9647
        381.8414
        403.9810
        423.6681
        401.7727
        379.8739
        357.9733
        336.0716
        314.1670
        291.9841
        268.4789
        244.9715
        221.4621
        216.5253
        211.2800
        205.5165
        199.7562
        193.7146
        186.9085
        180.2836
        176.2514
        168.5803
        153.4840
        138.3840
        123.2802
        108.1726
         93.0611
         77.9458
         63.4940
         51.1326
         36.3354
         37.0241
         35.6398
         35.3790
         36.4313
         37.6059
         38.5304
         39.4521
         40.3710
         41.2867
         44.1270
         46.9654
         49.8018
         52.6364
         55.4692
         58.3000
         62.2052
         65.7909
         69.3748
         73.4638
         77.5507
         81.6357
         85.7188
         89.7998
         93.8789
         97.9560
        102.0312
        106.1044
        114.0164
        122.5325
        136.2146
        145.4935
        153.2888
        161.0817
        168.8721
        176.6601
        184.3877
        246.1808
        307.9464
        369.6847
        431.3959
        487.3012
        539.6709
        592.0389
        641.5400
        688.9412
        718.9931
        746.2498
        771.9233
        789.7315
        792.7842
        798.9712
        801.8027
        803.7217
        803.6507
        809.7023
        814.0211
        810.4928
        789.6136
        759.9547
        726.5883
        689.4139
        647.2956
        603.9497
        585.3001
        565.4268
        544.5921
        523.7554
        501.6930
        478.5008
        454.8833
        429.9919
        405.0939
        399.4502
        393.8068
        388.1639
        382.5214
        376.8793
        371.2376
        365.5963
        360.6464
        359.5090
        342.6890
        324.3084
        305.9306
        287.5554
        269.1830
        250.8132
        232.4460
        214.0815
        195.7196
        184.2287
        172.7370
        161.2444
        149.7509
        138.2567
        126.7615
        115.2655
        103.7686
         92.2708
         84.4645
         76.6583
         68.8525
         61.0471
         53.2420
         45.4372
         37.6327
         29.8285
         22.0247
         34.0042
         45.9826
         57.9599
         69.9360
         81.9110
         93.8849
        105.8577
        117.8293
        129.7998
        135.6697
        141.5394
        147.4090
        153.2786
        159.1481
        165.0176
        170.8871
        176.7565
        182.6258
        164.4591
        146.2825
        128.0959
        109.8993
         91.6925
         73.4755
         55.2483
         37.0108
         18.7629
          9.1841
         -0.4003
         -9.9904
        -19.5864
        -29.1879
        -37.7381
        -36.7967
        -42.4544
        -51.6457
        -54.6156
        -57.5881
        -60.3255
        -62.0902
        -55.1147
        -56.5359
        -59.2590
        -61.9849
        -55.6232
        -55.5197
        -52.9459
        -50.6736
        -52.1428
        -48.5458
        -48.7654
        -49.9452
        -51.1245
        -52.3036
        -52.9186
        -53.5328
        -54.1462
        -54.7586
        -44.1054
        -21.1817
          1.7643
         20.5140
         20.3526
         19.6918
         19.1961
         18.5068
         17.2737
         17.1155
         16.4922
         15.2929
         14.7575
         13.3123
         13.1008
         13.3347
         13.5685
         13.8022
         14.0360
         14.2697
         14.5033
         14.7370
         14.9706
         15.4772
         15.9840
         16.4911
         16.9984
         17.5061
         18.0140
         18.5221
         19.0306
         19.5393
         20.0057
         20.9044
         22.0581
         23.2119
         24.3668
         25.5209
         26.6750
         27.5003
         28.0245
         27.7680
         28.0464
         28.6198
         29.1938
         29.7675
         29.9455
         29.6754
         29.4055
         29.4898
         29.5535
         29.6172
         29.9338
         30.6479
         31.3592
         32.9182
         35.2448
         37.6537
         37.1326
         36.1154
         35.0982
         34.0811
         33.0640
         32.0471
         31.0302
         30.0087
         28.9892
         27.9698
         27.2758
         26.5910
         25.8956
         25.1996
         24.5029
         28.7456
         28.2616
         27.3221
         26.3813
         26.8298
         27.2827
         27.7342
         28.1844
         28.6333
         29.0809
         29.4280
         29.9212
         30.4129
         28.0184
         25.6230
         23.2266
         20.8295
         18.4314
         16.0324
         12.6485
          9.8174
          7.1062
          6.2151
          5.3261
          5.2239
          5.1216
         46.6258
         -4.3508
         -5.6485
         -6.9470
         -9.0090
         -9.3579
        -10.4702
        -11.5822
        -12.7073
        -11.8852
        -10.6087
         -9.3288
         -8.0439
         -6.7573
         -1.8856
          0.5368
          2.9575
          5.3767
          7.7944
         10.2104
         12.6247
         15.0375
         17.4487
         18.6091
         19.7684
         20.9266
         22.0839
         23.2404
         24.3960
         25.5507
         26.7046
         27.8574
         26.9872
         26.1210
         25.3171
         24.4428
         23.5688
         22.6951
         21.8217
         21.2776
         20.7341
         21.9115
         23.0882
         24.2642
         25.4395
         26.6142
         27.7882
         29.0767
         30.5498
         32.0205
         31.9333
         31.6604
         31.3875
         31.1145
         30.1868
         29.6751
         29.1633
         27.9029
         26.1294
         26.1784
         26.2262
         25.9537
         25.7994
         25.8111
         25.8215
         25.8306
         25.8385
         25.8452
         21.8841
         17.9217
         13.9577
         10.3449
          7.7596
          5.1330
          1.4066
         -2.3296
         -6.0761
         -4.7713
         -8.4332
        -11.7976
        -12.3995
        -15.0977
        -18.1313
        -21.1653
        -22.4188
        -10.8598
          3.7433
          5.9268
          6.5937
          7.2600
          7.9258
          8.5911
          9.2559
          9.9200
         10.6210
         11.4829
         11.1440
         10.8051
         10.4660
         10.1269
          9.7735
          9.1082
          8.8406
          8.8556
          8.6379
          7.9429
          8.5417
          7.9884
          7.4325
          6.8765
          6.3204
          5.7642
          5.2079
          4.8938
          4.5797
          4.2656
          3.9516
          3.6376
          3.3236
          3.0097
          2.6958
          2.3820
          2.3949
          2.4071
          2.4186
          2.4294
          2.4394
          2.4488
          2.4574
          2.5804
          2.5219
          3.7521
          6.0158
          8.2810
          9.8866
         11.4994
         13.1147
         14.7209
         17.2664
         20.6311
         21.7490
         22.1550
         21.8423
         21.5299
         21.2178
         22.2071
         23.3171
         24.4257
         24.3590
         23.5319
         22.7343
         22.9965
         23.2567
         22.6621
         21.5948
         20.7428
         20.8784
         19.6177
         18.1013
         16.5865
         15.0732
         13.5615
         12.0514
         10.5639
          9.0116
          7.4536
          5.8974
          7.5606
          8.8203
         10.2167
         11.6129
         13.0089
         14.4045
         15.8000
         17.1951
         18.5900
         17.6815
         15.7571
         13.8256
         12.8733
         12.1094
         11.3221
         10.5012
          9.7060
          8.8120
          8.9213
          9.0307
          9.1567
          9.2975
          9.5422
          9.8608
         10.1509
         10.4381
         10.7257
         10.2434
          9.7612
          9.2790
          8.7969
          8.3149
          7.8329
          7.3510
          6.8691
          6.3873
          6.2372
          6.4746
          8.1011
          8.7254
          8.3716
          8.0175
          7.8588
          9.2784
          9.0937
          9.0014
          8.9090
          8.8165
          8.7239
          8.6311
          8.5382
          8.4451
          8.3519
          8.2586
          9.2059
         10.1533
         11.1007
         12.0481
         12.9956
         13.9431
         14.8907
         15.8383
         16.7578
         15.9746
         15.1623
         14.3491
         13.5350
         12.7199
         11.9039
         11.1000
         11.6314
         11.8467
         10.3852
          8.5900
          7.2398
          6.6402
          4.9486
          3.2566
          1.5641
          0.2889
          0.1188
          2.3841
          4.6140
          6.8428
          9.0705
         11.2972
         13.5227
         15.7472
         17.9706
         20.1930
         21.8382
         23.4819
         25.1241
         26.7648
         28.4040
         30.0417
         32.3896
         35.5934
         38.6450
         39.2672
         38.9027
         38.5384
         38.1743
         37.8105
         37.4862
         37.1291
         36.7488
         36.3687
         37.5241
         38.9390
         40.3537
         41.7680
         42.7122
         43.2927
         43.8729
         44.4528
         45.0324
         43.3405
         41.6478
         39.9542
         38.2598
         36.5646
         34.8685
         33.1715
         31.4737
         29.7750
         27.9608
         26.1461
         24.3309
         22.5153
         20.6992
         18.8826
         17.0654
         15.2478
         13.7080
         14.4023
         15.3750
         16.3608
         17.3242
         18.2876
         19.2512
         20.2148
         21.1784
         22.1422
         22.2099
         21.9245
         21.8784
         21.8324
         21.7867
         21.7411
         21.6958
         21.6506
         21.6057
         22.4569
         23.3081
         24.1558
         25.0075
         25.8593
         26.7112
         27.5633
         28.4194
         29.2736
         28.0235
         26.7827
         25.5389
         24.2950
         23.0508
         21.8064
         20.5617
         19.3168
         18.0716
         17.8911
         18.3497
         18.1175
         17.8104
         17.5035
         17.1968
         16.8902
         16.5791
         16.2547
         16.7047
         17.1550
         17.6057
         18.0566
         18.5077
         19.7155
         21.4970
         21.9817
         22.4669
         25.1521
         27.8375
         30.5230
         33.2085
         35.8942
         38.5800
         41.2659
         43.9519
         48.0467
         43.9439
         39.8403
         35.9515
         32.3893
         28.8272
         25.2650
         21.7028
         18.1406
         14.5783
         15.1851
         15.7922
         16.3994
         17.0068
         17.6144
         18.2220
         18.8300
         19.4384
         20.0469
         26.5917
         33.1373
         39.6835
         46.2303
         52.7778
         59.3257
         65.8741
         72.4197
         78.8743
         76.5131
         74.2017
         71.9254
         68.7301
         64.4451
         60.1589
         56.8949
         54.9830
         53.0480
         45.8847
         39.3560
         35.0742
         30.7915
         26.3515
         19.9277
         16.3047
         12.6811
          9.0568
          9.0144
          8.9729
          8.9323
          8.8925
          8.8535
          8.7925
          8.8808
          8.9697
          9.0592
         11.0070
         12.9553
         14.9042
         16.8536
         18.8035
         20.7541
         22.7052
         24.6569
         26.6091
         24.9300
         22.4423
         21.1095
         20.5247
         19.9395
         19.3538
         18.7676
         18.1810
         17.5940
         16.2170
         14.8399
         13.4629
         12.0857
         10.7084
          9.3309
          7.9532
          6.8323
          5.7773
          5.8634
          5.6287
          5.3794
          5.1300
          4.8804
          4.6306
          4.3806
          4.1303
          3.8799
          3.7794
          3.6791
          3.5788
          3.4785
          3.2491
          3.0996
          2.9503
          2.8011
          2.6520
          1.6590
          2.2572
          1.5334
          0.7537
         -0.0264
         -0.8517
         -1.6319
         -2.4074
         -1.0209
         -1.7299
         -2.7491
         -3.7685
         -4.7881
         -5.8080
         -6.8281
         -5.2620
         -4.5037
         -5.1268
         -4.8476
         -3.3854
         -2.8998
         -3.1996
         -3.5031
         -3.7990
        -26.7143
        -24.2131
        -21.7128
         -2.9350
         -3.3416
         -3.4871
         -3.0369
         -2.5594
         -2.0819
         -1.6043
         -1.1267
         -0.6491
         -0.1610
          0.3270
          0.8148
          1.3025
          1.7901
          2.2776
          2.7650
          3.2430
          4.1008
          3.5752
          3.0495
          2.5236
          1.9977
          1.4717
          0.9456
          0.4195
         -0.1068
         -0.6332
         -0.7239
         -0.8154
         -0.9288
         -1.0422
         -1.1556
         -1.2691
         -1.3825
         -1.4959
         -1.6092
         -1.1223
         -0.6355
         -0.1486
          0.1016
          0.0738
          0.8418
          1.4350
          2.1526
          2.8700
          2.6255
          2.3944
          2.1575
          1.9213
          1.6857
          1.2328
          0.9587
          0.6855
          0.3810
         -0.5978
         -0.8385
         -1.6179
         -1.3741
        -33.5511
          0.0000
          0.0000
          0.0000
          0.0000
          0.0000
          0.0000
          0.0000
          0.0000
          0.0000
          0.0000
          0.0000
          0.0000
          0.0000
          0.0000
          0.0000
          0.0000
          0.0000
          0.0000
          0.0000
          0.0000
          0.0000
          0.0000
          0.0000
          0.0000
          0.0000
          0.0000
         15.3748
          3.0027
          2.9781
          2.9535
          2.9289
          2.7547
          2.5805
          2.4062
          2.2320
          2.0578
          1.8836
          2.0302
          2.6230
          2.3377
          2.3099
          2.5504
          2.4937
          2.4370
          2.3803
          2.3236
          2.2668
          2.2101
          2.1534
          2.1958
          2.2385
          2.2814
          2.3246
          2.3681
          2.7097
          2.2377
          2.2093
          2.1813
          1.9304
          1.6796
          1.4292
          1.1793
          0.9298
          0.6807
          0.4333
         -0.2170
         -0.9766
         -0.2534
          0.3038
          0.8666
          0.0000
          0.0000
          0.0000
          0.0000
          0.0000
          0.0000
          0.0000
          0.0000
          0.0000
          0.0000
          0.0000
          0.0000
          0.0000
          0.0000
          0.0000
          0.0000
          0.0000
          0.0000
          0.0000
          0.0000
          0.0000
          0.0000
          0.0000
          0.0000
          0.0000
          0.0000
          0.0000
          0.0000
          0.0000
         16.0675
         18.2423
         20.4162
          6.3665
          6.1920
          6.0176
          5.8432
          5.6688
          5.4943
          6.6880
          8.8829
          9.2223
          9.0056
          8.5833
          8.1611
          7.7390
          7.3169
          6.8950
          9.6741
          9.4387
          8.8896
          8.3406
          7.7682
          7.1963
          7.3748
          8.0789
          7.2698
          6.4615
          5.6540
          6.2603
          5.7701
          4.9702
          4.1712
          3.3732
          2.5761
          1.7799
          0.9847
          0.1903
         -0.6032
         -1.3958
         -2.3406
         -3.2855
         -4.2297
         -5.1737
         -6.1175
         -7.0611
         -8.0044
         -8.9295
         -9.7740
        -10.1608
        -10.5476
        -10.9342
        -11.3208
        -11.7072
        -12.0935
        -12.3996
        -11.6655
        -10.9310
        -11.0737
        -11.3251
        -11.4710
        -11.6143
        -11.7565
        -10.9450
        -10.1702
        -10.0719
         -9.9257
        -11.6882
        -13.4522
        -15.2173
        -16.9836
        -18.7511
        -20.5198
        -22.2899
        -24.0610
        -25.8334
        -26.4812
        -27.6789
        -19.0906
         -3.7796
         -2.6803
         -2.0940
         -1.5078
         -0.9218
         -0.3358
         -0.2096
         -0.0833
          0.0431
          0.1694
          0.2959
          0.4223
          0.5488
          0.4218
          0.5163
          0.9100
          1.0791
          1.6620
          2.2445
          2.8270
          3.4092
          3.9913
         13.1440
         15.5099
         16.3719
         17.1581
         18.1063
         21.8631
         26.3331
         29.6827
         32.5758
         39.5210
         45.2961
         49.6399
         53.9825
         58.3239
         62.6641
         67.0030
         71.3408
         75.7154
         80.9465
         87.2479
         80.4175
         73.5853
         66.7541
         59.9211
         53.0892
         46.2553
         39.4223
         32.6641
         25.0340
         22.3546
         19.6732
         16.9897
         14.3042
         11.6165
          8.9269
          6.2353
          3.5130
          0.8127
          0.7369
          0.6611
          0.5851
          0.5091
          0.4329
          0.3567
          0.2805
          0.2041
          0.1277
         -2.1329
         -4.3933
         -6.6537
         -8.8929
        -10.4849
        -12.0754
        -13.6646
        -15.2524
        -16.8390
        -15.3089
        -13.7776
        -12.2455
        -10.7125
         -8.4985
         -6.1540
         -3.8091
         -1.4638
          0.8820
          2.0020
          3.1244
          4.2490
          5.3667
          6.4558
          7.5871
          8.7207
          9.8566
         10.8611
         14.0870
         17.6333
         21.1704
         24.7075
         27.0539
         29.1288
         31.2036
         33.2748
         36.0662
         34.2132
         32.3582
          7.5640
          3.2384
          2.3590
          1.3535
         -0.9394
         -2.1050
         -2.8976
         -3.0066
         -3.1153
         -3.2235
         -3.3389
         -3.9592
         -3.9425
         -3.6355
         -3.6191
         -3.6209
         -3.4359
         -3.2509
         -3.0660
         -2.8810
         -2.6959
         -2.5108
         -2.3255
         -2.1402
         -1.9548
         -2.3933
         -2.8317
         -3.0654
         -3.6592
         -4.2527
         -4.8358
         -5.3679
         -6.4420
        -10.0725
        -11.5404
        -13.0095
        -14.4798
        -15.9512
        -17.4238
        -18.8975
        -19.5064
          5.6949
        -23.3344
        -23.0782
        -22.1347
        -20.4496
        -19.5080
        -17.3694
        -15.6200
        -15.0825
        -14.5450
        -13.8363
        -13.6373
        -13.4380
        -13.2386
        -13.2393
         -9.5297
         -9.3637
         -9.1976
         -8.6448
         -8.0764
         -7.9096
         -7.4964
         -6.3798
         -5.4709
         -4.6207
         -4.4193
         -4.4941
         -4.4051
         -3.4546
         -3.8512
         -3.5936
         -3.1069
         -2.6204
         -2.1340
         -1.6478
         -1.1617
         -0.6757
         -0.1898
         -0.1068
          0.3215
          0.6985
          0.6536
          0.6084
          0.8475
          0.8298
          0.8115
          0.7930
          0.0472
         -0.4570
         -0.8905
         -1.5985
         -2.3062
         -2.6807
         -2.4305
         -3.0830
         11.7098
         18.8937
         20.5724
         23.4319
         24.4441
         24.5701
         24.7030
         24.8279
         24.9528
         25.0778
         22.7924
         20.5072
         18.2224
         15.9378
         13.6534
         11.3694
          9.0856
          6.8021
          4.5188
          2.1042
         -0.3594
         -2.7909
         -5.2062
         -7.6204
        -10.0339
        -12.4465
        -14.8582
        -17.2690
        -14.1140
        -11.4255
         -8.2761
         -5.1240
         -1.9692
          1.1884
          4.3486
          7.5117
         10.6595
         14.8534
         19.0479
         23.2432
         27.4391
         31.6381
         35.8497
         40.0620
         43.9510
         47.3816
         46.6930
         46.0629
         45.3711
         44.6729
         43.7096
         42.7386
         41.7675
         41.7289
         41.6957
         35.2609
         28.8311
         23.3337
         17.8362
         12.3387
          6.8411
          1.5766
         -3.9571
         -9.4908
         -4.6456
          0.1977
          5.0391
          9.8785
         14.7159
         19.5514
         24.3849
         29.2164
         33.8852
         35.5073
         37.1256
         38.7431
         40.3583
         41.9699
         43.5806
         45.2319
         47.9692
         50.7062
         40.5738
         30.4395
         20.3032
         10.1651
          0.0291
        -10.8641
        -20.2639
         -2.4175
          0.0000
          0.0000
          0.0000
          0.0000
          0.0000
          0.0000
          0.0000
          0.0000
          0.0000
          0.0000
          0.0000
          0.0000
          0.0000
          0.0000
          0.0000
        -18.6451
        -18.5089
        -18.6078
        -17.5042
        -14.5811
        -11.6601
         -8.3358
         -3.8054
          0.7867
          5.4215
          9.9746
         14.4999
         19.0169
         19.0669
         18.2558
         16.5546
         14.5819
         12.6100
         10.6388
          8.6683
          6.6985
          4.7295
          9.1815
         13.6344
         18.0880
         22.5562
         27.0153
         31.6007
         36.2840
         41.8156
         47.3466
         40.0356
         32.7140
         26.5511
         20.3917
         14.2253
          8.0520
          1.8715
         -4.3795
        -10.5860
        -11.6738
        -12.7637
        -13.8556
        -14.9416
        -15.2372
        -15.0638
        -15.8245
        -16.5874
        -17.3524
        -11.8052
         -6.2606
         -0.7159
         20.9168
         10.3395
         15.8764
         21.4217
         27.7282
         32.5128
         32.4219
         30.8085
         29.9562
         29.1418
         28.3017
         27.5352
         26.6798
         25.8244
         24.9692
         20.5881
         16.5062
         12.1116
          7.7152
          3.3171
         -1.0827
         -5.4844
         -9.8876
        -14.2926
        -14.1982
        -14.1050
        -13.8999
        -13.8854
        -13.8718
        -13.1477
        -12.7162
        -12.2872
         -5.7235
         -0.6190
          4.4726
          8.2539
         11.1128
         13.8891
         16.1842
         18.4644
         20.5413
         21.9170
         20.3870
         18.2029
         16.0128
         13.8161
         11.6136
          9.4419
          7.2266
          5.0054
          2.7784
          7.3780
         12.3232
         16.8749
         21.4271
         25.8728
         30.1979
         34.5239
         38.8506
         43.1781
         47.7593
         52.3394
         56.9284
         61.5073
         66.0853
         70.6624
         75.3100
         79.8835
         84.4560
         94.0872
        103.2692
        109.5106
        115.7502
        123.6434
        132.6004
        141.5602
        150.5228
        158.8269
        146.3517
        133.7395
        121.2602
        108.2120
         94.4098
         80.5917
         67.7567
         55.7866
         43.8555
         37.7028
         31.5875
         25.4701
         19.3485
         13.2240
          7.3745
          1.8214
         -3.5210
         -8.8706
         -2.4023
          2.8303
          6.9340
         10.9853
         15.0355
         19.0844
         23.1332
         27.8669
         31.9334
         33.5021
         35.0642
         36.6194
         37.8185
         39.4498
         41.0750
         42.6937
         44.3058
         45.9115
         42.2489
         38.5861
         34.9232
         31.2840
         27.6278
         23.9715
         20.7755
         17.1570
         13.5382
         20.0723
         26.6013
         33.1255
         39.6449
         45.9663
         50.3721
         54.8857
         60.8700
         66.8500
         77.4027
         87.9518
         98.6198
        109.1571
        119.6909
        130.2211
        139.0260
        146.2374
        153.4408
        136.3781
        120.2593
        107.1021
         96.8137
         86.5203
         76.2219
         65.9185
         54.8629
         40.3122
