-2.500589154575151269e+02
-2.560057081236973886e+02
-2.619510334085195495e+02
-2.678961661202432651e+02
-2.738359342531597918e+02
-2.797677567948016417e+02
-2.857020911138557153e+02
-2.916363192051860551e+02
-2.975653265350088645e+02
-3.034903663491698467e+02
-3.170920289278499240e+02
-3.311966405655020367e+02
-3.459005781959067463e+02
0.000000000000000000e+00
0.000000000000000000e+00
0.000000000000000000e+00
0.000000000000000000e+00
0.000000000000000000e+00
0.000000000000000000e+00
0.000000000000000000e+00
0.000000000000000000e+00
0.000000000000000000e+00
0.000000000000000000e+00
0.000000000000000000e+00
0.000000000000000000e+00
0.000000000000000000e+00
0.000000000000000000e+00
0.000000000000000000e+00
0.000000000000000000e+00
0.000000000000000000e+00
0.000000000000000000e+00
0.000000000000000000e+00
0.000000000000000000e+00
0.000000000000000000e+00
0.000000000000000000e+00
0.000000000000000000e+00
0.000000000000000000e+00
0.000000000000000000e+00
0.000000000000000000e+00
0.000000000000000000e+00
0.000000000000000000e+00
0.000000000000000000e+00
0.000000000000000000e+00
0.000000000000000000e+00
0.000000000000000000e+00
0.000000000000000000e+00
0.000000000000000000e+00
-3.054789792667125994e+02
-2.884052972088118167e+02
-2.797522258472865815e+02
-2.723778735022469277e+02
-2.657424746175829569e+02
-2.597307260819461021e+02
-2.541878361683697847e+02
-2.490596263496268534e+02
-2.421583747311215120e+02
-2.360470688397638526e+02
-2.305938622196552217e+02
-2.257108901795599252e+02
-2.213008750644363829e+02
-2.172962186335035426e+02
-2.136372978683745600e+02
-2.102771865869158319e+02
-2.071511072788614172e+02
-2.061606441939463821e+02
-2.051979948103762581e+02
-2.042590074861784615e+02
-2.033365060606961947e+02
-2.024275376816280527e+02
-2.015196252953808482e+02
-2.006123318956709909e+02
-1.997014017399343402e+02
-1.987802292522175378e+02
-2.008085909840314969e+02
-2.028293336215804459e+02
-2.048462492552807817e+02
-2.068558998161925047e+02
-2.088584248564965264e+02
-2.108543905922869612e+02
-2.128472571648654537e+02
-2.148313743917310603e+02
-2.168094068626478759e+02
-2.206254265547142666e+02
-2.244551560374407302e+02
-2.283013915804058911e+02
-2.321620079910265986e+02
-2.360357711082320691e+02
-2.399221022733416078e+02
-2.438208890471794348e+02
-2.477297146336192100e+02
-2.516504651694332324e+02
-2.512049610765928378e+02
-2.506590370794001785e+02
-2.500102008460528680e+02
-2.492470146406447213e+02
-2.483604223062435210e+02
-2.473698418604939491e+02
-2.462749405606106734e+02
-2.450777323743169802e+02
-2.437721696443677502e+02
-2.429409600706824222e+02
-2.419790036870440133e+02
-2.408848002220263425e+02
-2.396572103579578368e+02
-2.382942089645399619e+02
-2.367671382358134622e+02
-2.350975371198991866e+02
-2.332960324487300454e+02
-2.313592906778119414e+02
-2.307976305103657921e+02
-2.302246015522129596e+02
-2.296434607345572374e+02
-2.290525868922559027e+02
-2.284484709676323462e+02
-2.278377499542467604e+02
-2.272161647984739545e+02
-2.265835667090589709e+02
-2.259417757877560859e+02
-2.271342228880943708e+02
-2.283279006010737646e+02
-2.295170840270038468e+02
-2.307057283919066890e+02
-2.318944651628690679e+02
-2.330802783173084549e+02
-2.342636340450289367e+02
-2.354484008066718275e+02
-2.366297080101845154e+02
-2.360861076570659520e+02
-2.354993114242569447e+02
-2.348683834698148587e+02
-2.341917266233307089e+02
-2.334229047227694025e+02
-2.326099909088965774e+02
-2.317541586945137055e+02
-2.308596694536245479e+02
-2.299250431467633575e+02
-2.307304094857940697e+02
-2.314942719327433167e+02
-2.322160113048727226e+02
-2.328971150174301386e+02
-2.335360205747203395e+02
-2.341062343147557385e+02
-2.346290040130097339e+02
-2.351101987298307279e+02
-2.355491592574465187e+02
-2.378980975682730445e+02
-2.402530948699968008e+02
-2.426112587826856668e+02
-2.449758003031424209e+02
-2.473432868444705264e+02
-2.497153910040098594e+02
-2.520922062880312353e+02
-2.544733893974915020e+02
-2.568586988878699913e+02
-2.623049497382647246e+02
-2.678918443988453078e+02
-2.736232923375679320e+02
-2.795275013788870524e+02
-2.856047470327289943e+02
-2.918639003213293677e+02
-2.983250632524054708e+02
-3.049950773763959546e+02
-3.118801716073150487e+02
-3.131178434068518186e+02
-3.143921643631044844e+02
-3.157010196339987829e+02
-3.170475789608714194e+02
-3.184405437077100487e+02
-3.198767588431165336e+02
-3.213570722657805732e+02
-3.228879397589017799e+02
-3.244629740537861835e+02
-3.237465214387955825e+02
-3.228948686995230446e+02
-3.219052510235263185e+02
-3.207434322958087023e+02
-3.194473777779521129e+02
-3.180135056413737402e+02
-3.164479366238263083e+02
-3.147423525286209269e+02
-3.129008874976730681e+02
-3.072455468466173443e+02
-3.014957492875850562e+02
-2.956462634198774140e+02
-2.896785734087700916e+02
-2.835969520184783619e+02
-2.774179522102604096e+02
-2.711395259866733909e+02
-2.647650855125598923e+02
-2.582937456122146500e+02
-2.505643046119178621e+02
-2.428441645084595848e+02
-2.351407969857705211e+02
-2.274511633988555843e+02
-2.197762477005506696e+02
-2.121076507237739293e+02
-2.044616911840501245e+02
-1.968400040795586676e+02
-1.892470097709199024e+02
-1.822429505031584256e+02
-1.753403175927635402e+02
-1.685406884903452749e+02
-1.618454240298872264e+02
-1.552508180408121348e+02
-1.487621655383623249e+02
-1.423795508753795787e+02
-1.361006670585908296e+02
-1.299295823491976023e+02
-1.283846703496906230e+02
-1.268391930464494237e+02
-1.252939536663925537e+02
-1.237496371250573333e+02
-1.222041237976780650e+02
-1.206582070334773249e+02
-1.191134071815297091e+02
-1.175667829569380984e+02
-1.160215476415351219e+02
-1.227258819770351721e+02
-1.297655740702346066e+02
-1.371519946624518411e+02
-1.449003068791859050e+02
-1.530277000233832894e+02
-1.615501550419137402e+02
-1.704837844200732206e+02
-1.798285520091943681e+02
-1.896002753438702655e+02
-2.045544083163187281e+02
-2.203178473408713103e+02
-2.370314451973146106e+02
-2.547729422170145028e+02
-2.736527455590556315e+02
-2.939509575356457844e+02
-3.158307677947676666e+02
-3.399372291502681946e+02
-3.673115014704542318e+02
-3.844446562700398999e+02
0.000000000000000000e+00
0.000000000000000000e+00
0.000000000000000000e+00
0.000000000000000000e+00
0.000000000000000000e+00
0.000000000000000000e+00
0.000000000000000000e+00
0.000000000000000000e+00
0.000000000000000000e+00
0.000000000000000000e+00
0.000000000000000000e+00
0.000000000000000000e+00
0.000000000000000000e+00
0.000000000000000000e+00
0.000000000000000000e+00
0.000000000000000000e+00
0.000000000000000000e+00
0.000000000000000000e+00
0.000000000000000000e+00
0.000000000000000000e+00
0.000000000000000000e+00
0.000000000000000000e+00
0.000000000000000000e+00
0.000000000000000000e+00
0.000000000000000000e+00
0.000000000000000000e+00
0.000000000000000000e+00
0.000000000000000000e+00
0.000000000000000000e+00
0.000000000000000000e+00
0.000000000000000000e+00
0.000000000000000000e+00
0.000000000000000000e+00
0.000000000000000000e+00
0.000000000000000000e+00
0.000000000000000000e+00
0.000000000000000000e+00
0.000000000000000000e+00
0.000000000000000000e+00
0.000000000000000000e+00
0.000000000000000000e+00
0.000000000000000000e+00
0.000000000000000000e+00
0.000000000000000000e+00
0.000000000000000000e+00
0.000000000000000000e+00
0.000000000000000000e+00
0.000000000000000000e+00
0.000000000000000000e+00
0.000000000000000000e+00
0.000000000000000000e+00
0.000000000000000000e+00
0.000000000000000000e+00
0.000000000000000000e+00
0.000000000000000000e+00
0.000000000000000000e+00
0.000000000000000000e+00
0.000000000000000000e+00
0.000000000000000000e+00
0.000000000000000000e+00
0.000000000000000000e+00
0.000000000000000000e+00
0.000000000000000000e+00
0.000000000000000000e+00
0.000000000000000000e+00
0.000000000000000000e+00
0.000000000000000000e+00
0.000000000000000000e+00
0.000000000000000000e+00
0.000000000000000000e+00
0.000000000000000000e+00
0.000000000000000000e+00
0.000000000000000000e+00
0.000000000000000000e+00
0.000000000000000000e+00
0.000000000000000000e+00
0.000000000000000000e+00
0.000000000000000000e+00
0.000000000000000000e+00
0.000000000000000000e+00
0.000000000000000000e+00
0.000000000000000000e+00
0.000000000000000000e+00
0.000000000000000000e+00
0.000000000000000000e+00
0.000000000000000000e+00
0.000000000000000000e+00
0.000000000000000000e+00
-6.610769232043959676e+01
-6.335363962673736182e+01
-6.067204038798288934e+01
-5.807550548962496606e+01
-5.556864618315354676e+01
-5.311621251555551737e+01
-5.071989904027670804e+01
-4.837846750923930017e+01
-4.609541750788431358e+01
-4.387009177195776033e+01
-4.341368372570280343e+01
-4.295888459667072112e+01
-4.250394555973488764e+01
-4.205143667464811585e+01
-4.160074396593432056e+01
-4.114980514993114724e+01
-4.070038849219842092e+01
-4.025182029560639307e+01
-3.980491660996937497e+01
-3.999674715630296618e+01
-4.018592853662181597e+01
-4.037085337153552445e+01
-4.055254802944820369e+01
-4.072846861322244649e+01
-4.090266576678683919e+01
-4.107258429894317686e+01
-4.123806623122502657e+01
-4.139991212689562872e+01
-4.222270670009213234e+01
-4.304707623942484673e+01
-4.387505744379086536e+01
-4.470540086826017045e+01
-4.553599158152751869e+01
-4.636954943330650991e+01
-4.720516861407747911e+01
-4.804166749732306130e+01
-4.888002912271895894e+01
-5.057858123979903553e+01
-5.228148149881686635e+01
-5.399195713328265356e+01
-5.570573132521051463e+01
-5.742395570903473612e+01
-5.914618129875168506e+01
-6.087585163292762758e+01
-6.260753147708160782e+01
-6.434448506270679502e+01
-6.987454280235175474e+01
-7.550513648016720936e+01
-8.122702993419679274e+01
-8.702538508374622950e+01
-9.288841167408523347e+01
-9.880397728672028279e+01
-1.047629213403807569e+02
-1.107609977283322138e+02
-1.167897460811009722e+02
-1.240127286249344820e+02
-1.312459143110232560e+02
-1.384899423435125243e+02
-1.457488130652637039e+02
-1.530154663667935324e+02
-1.602817891554794585e+02
-1.675378180324325683e+02
-1.747785926769514901e+02
-1.819985357604812464e+02
-1.934503643056002034e+02
-2.051125748050544928e+02
-2.170139356940332789e+02
-2.291310748094033443e+02
-2.414424495268474686e+02
-2.539422793367058659e+02
-2.666206842966195154e+02
-2.794820886371743427e+02
-2.925005961240124748e+02
-2.991254710435043194e+02
-3.057194561645614499e+02
-3.122818563245139103e+02
-3.188066396222970980e+02
-3.252766109693628778e+02
-3.317094849926189681e+02
-3.381055997194751512e+02
-3.444598930290553085e+02
-3.507736203645744126e+02
-3.535368691081954466e+02
-3.562936367661782811e+02
-3.590434538772308315e+02
-3.617834799661508782e+02
-3.645155094830715825e+02
-3.672404839080576835e+02
-3.699572141459041745e+02
-3.726658716505743882e+02
-3.753674750496173829e+02
-3.680685357233039667e+02
-3.609910769497365663e+02
-3.541264743661715784e+02
-3.474609495897966553e+02
-3.409840994139599957e+02
-3.346826704979017109e+02
-3.285501487254846325e+02
-3.225745411109054430e+02
-3.167476311596883534e+02
-3.154386352782317999e+02
-3.141351358025601144e+02
-3.128363342199248791e+02
-3.115461556869993274e+02
-3.102631355336051229e+02
-3.089876275562511410e+02
-3.077155162222833269e+02
-3.064533241180205891e+02
-3.051975704664307045e+02
-3.067900574128410085e+02
-3.084073687355839866e+02
-3.100453421947615880e+02
-3.117102659004073075e+02
-3.133979545066488868e+02
-3.151116811000893563e+02
-3.168486192911699959e+02
-3.186145167491408756e+02
-3.204059310359431265e+02
-3.235637199700788642e+02
-3.268177267241558752e+02
-3.301744674966594175e+02
-3.336259353953873870e+02
-3.371849215321425959e+02
-3.408592759267635302e+02
-3.446511544607974997e+02
-3.485647976714452057e+02
-3.526078296880658627e+02
-3.460700851599035559e+02
-3.395500746506479572e+02
-3.330464457887948697e+02
-3.265596969847226774e+02
-3.200922366870406677e+02
-3.136445509561170866e+02
-3.072132155877554851e+02
-3.008031835742113458e+02
-2.944131502047297886e+02
-2.867857223188578928e+02
-2.791537835446951021e+02
-2.715175482478984463e+02
-2.638741957588018181e+02
-2.562226752651338302e+02
-2.485670570642292319e+02
-2.409099027601523630e+02
-2.332532092728784789e+02
-2.255946763321571211e+02
-2.195175136365931792e+02
-2.134390895803176704e+02
-2.073631004888668201e+02
-2.012925890434444227e+02
-1.952314865735250464e+02
-1.891852050312586186e+02
-1.831567032748955626e+02
-1.771523191515539395e+02
-1.711755111782516678e+02
-1.705803035471234637e+02
-1.699835024713801488e+02
-1.693884180913935324e+02
-1.687935504511192164e+02
-1.681978498455769397e+02
-1.676034104110320015e+02
-1.670091893006812995e+02
-1.664136746735055681e+02
-1.658202013731956583e+02
-1.626934814362367092e+02
-1.597158939939710365e+02
-1.568889552671238334e+02
-1.542032380926753774e+02
-1.516453782597305064e+02
-1.492066462130290461e+02
-1.468838613851759192e+02
-1.446724213892834427e+02
-1.425691159213186836e+02
-1.388610485974571134e+02
-1.352523826659481472e+02
-1.317459630034687450e+02
-1.283370418887084270e+02
-1.250176934740644299e+02
-1.217859475524298318e+02
-1.186378072424198393e+02
-1.155694296338611622e+02
-1.125815494112197257e+02
-1.083446007304479224e+02
-1.041742988195248216e+02
-1.000733726217115702e+02
-9.603903381825527674e+01
-9.207046263870860514e+01
-8.817248903840099672e+01
-8.434525000889543378e+01
-8.058970063308358078e+01
-7.690674537580574111e+01
-7.310868831346039087e+01
-6.925662887491320419e+01
-6.535504253029382937e+01
-6.140813334206503527e+01
-5.742041442710440435e+01
-5.340163166372209247e+01
-4.935532128247206174e+01
-4.527388303374631562e+01
-4.118334571227103424e+01
-3.972221823688055053e+01
-3.825811582597446403e+01
-3.678977200214541909e+01
-3.531950190446151083e+01
-3.384866372618039065e+01
-3.237689683113013928e+01
-3.090644137384608925e+01
-2.943920180078036708e+01
-2.797606241679403993e+01
-2.863079195097261831e+01
-2.931762230899720478e+01
-3.003917712126811068e+01
-3.079710586196166133e+01
-3.159426833709643390e+01
-3.243194941324432534e+01
-3.331419331975011033e+01
-3.424335716636235105e+01
-3.522422404300574073e+01
-3.984359975096678852e+01
-4.475654151311598383e+01
-4.994442657580445655e+01
-5.541397882768865912e+01
-6.118101251062822143e+01
-6.727875651279543945e+01
-7.380474371321793114e+01
-8.079351625865569986e+01
-8.874633359505058650e+01
-8.876972243670444129e+01
-8.879907821954553526e+01
-8.883087768721794930e+01
-8.886552730633577823e+01
-8.890519927563366309e+01
-8.894598910909870426e+01
-8.898869526452517675e+01
-8.903526559161564080e+01
-8.908136376981454418e+01
-8.874604509536713692e+01
-8.843854262637056252e+01
-8.815470918690108704e+01
-8.789062823498070998e+01
-8.764009859895202226e+01
-8.740472414474983509e+01
-8.717913465323091771e+01
-8.695857825779425809e+01
-8.674328206321882817e+01
-8.619674574662714406e+01
-8.567684512517580231e+01
-8.518390757918545830e+01
-8.471530818058020884e+01
-8.426934134260949349e+01
-8.384431982462261601e+01
-8.344007349630921055e+01
-8.305462110538063314e+01
-8.268670242439213780e+01
-8.553824668471386872e+01
-8.839584513099855201e+01
-9.126459083855915821e+01
-9.413715308081992816e+01
-9.701710077642511010e+01
-9.990181764828390953e+01
-1.027912921825770809e+02
-1.056843875460498765e+02
-1.085804304261588129e+02
-1.085180120515990296e+02
-1.084490825462349051e+02
-1.083805729854679782e+02
-1.083101074134821005e+02
-1.082374788287080207e+02
-1.081637543156872425e+02
-1.080887615623068569e+02
-1.080110438993855126e+02
-1.079332956915516206e+02
-1.034785830226653616e+02
-9.914253888297989192e+01
-9.492040561744833838e+01
-9.081396874478600978e+01
-8.681806613079400847e+01
-8.293076932649077548e+01
-7.915062241000009635e+01
-7.547586477147409312e+01
-7.190369803534275661e+01
-7.100177843922905652e+01
-7.010909614580018001e+01
-6.922465151942307671e+01
-6.834804956426610545e+01
-6.747823563404098479e+01
-6.661711350438700663e+01
-6.576265742710836548e+01
-6.491640763139707815e+01
-6.407641204576692928e+01
-6.314288667443194214e+01
-6.221356358329374103e+01
-6.129194189785201274e+01
-6.037401413535295092e+01
-5.946159542922276131e+01
-5.855467400356693020e+01
-5.765353649053159302e+01
-5.675495830484268822e+01
-5.586237007921086928e+01
-5.495437877988299391e+01
-5.404802722996326736e+01
-5.314130454333932363e+01
-5.223559461281627847e+01
-5.133042153139895447e+01
-5.042543844015110466e+01
-4.951954080890685361e+01
-4.861478137221319429e+01
-4.770793389944177676e+01
-4.627229336601180165e+01
-4.487035390497164400e+01
-4.350062088821168516e+01
-4.216252545410826258e+01
-4.085488407408232803e+01
-3.957677679012923022e+01
-3.832711811122072021e+01
-3.710593408285789252e+01
-3.591083773906794363e+01
-3.683396334757158286e+01
-3.776556719650026395e+01
-3.870375398653266075e+01
-3.964965621031358012e+01
-4.060384840016900654e+01
-4.156448649696181974e+01
-4.253266848281524659e+01
-4.350902703752864653e+01
-4.449163744926336506e+01
-4.667779226767191858e+01
-4.891421254755420733e+01
-5.120192088679238651e+01
-5.353845879373766081e+01
-5.592192969628352017e+01
-5.834779160105041740e+01
-6.082595263069175218e+01
-6.335365244611394075e+01
-6.593333641615532770e+01
-6.683274318733653274e+01
-6.773129473798967126e+01
-6.863040630644941587e+01
-6.952956779548794941e+01
-7.043063905742116049e+01
-7.133099678157728363e+01
-7.223119902649267488e+01
-7.313138873789134209e+01
-7.403296853521587195e+01
-7.251815346678968410e+01
-7.102175002022427464e+01
-6.954301345074718199e+01
-6.808465720271070154e+01
-6.664610368714502897e+01
-6.522744960283775129e+01
-6.382819501042487786e+01
-6.245096063350171534e+01
-6.109445500123700157e+01
-5.925201266289070645e+01
-5.739663314734300315e+01
-5.553335407731056250e+01
-5.366845373145641673e+01
-5.180387497077659020e+01
-4.994078181166093344e+01
-4.807992247589232448e+01
-4.622227602395146562e+01
-4.436898045907223320e+01
-4.277400899213560592e+01
-4.118434618968124283e+01
-3.960096874306336900e+01
-3.802529406195995421e+01
-3.645846965942631357e+01
-3.490422802809059988e+01
-3.336429418844323180e+01
-3.183920827698333156e+01
-3.033212649174219422e+01
-3.001983327168156279e+01
-2.970657700254675149e+01
-2.939494180442252258e+01
-2.908293470328174024e+01
-2.877048501649196410e+01
-2.845871807221172745e+01
-2.814753607293824444e+01
-2.783548693516042150e+01
-2.752414679410717824e+01
-2.752607774395000817e+01
-2.753159501822024424e+01
-2.754231251189083807e+01
-2.755817570601135102e+01
-2.757780061720037068e+01
-2.760283090957733876e+01
-2.763141758399630632e+01
-2.766398218111754659e+01
-2.770165763386039615e+01
-2.845833199217438647e+01
-2.922732585748818224e+01
-3.000905836799234550e+01
-3.080251753244650814e+01
-3.160866162643478106e+01
-3.242679946189772267e+01
-3.325796079982678322e+01
-3.410101083187251447e+01
-3.495693546426461040e+01
-3.558955166558423144e+01
-3.622570531006130068e+01
-3.686448741558061926e+01
-3.750726958124045751e+01
-3.815245310058186590e+01
-3.880135397727130453e+01
-3.945296455705275207e+01
-4.010806267350969279e+01
-4.076570103442423942e+01
-4.205468463356444175e+01
-4.337263669685417966e+01
-4.471888694469431158e+01
-4.609071139924939331e+01
-4.748937344755785972e+01
-4.891252164007293146e+01
-5.036160177072281385e+01
-5.183308758260589144e+01
-5.332798085921105979e+01
-5.455169222304419208e+01
-5.578527076105700644e+01
-5.702760101892919664e+01
-5.828038623637547033e+01
-5.954190066116560587e+01
-6.081231966550782886e+01
-6.209064601819168416e+01
-6.337793419459501365e+01
-6.467304249219232304e+01
-6.449292463130178987e+01
-6.431274530911674958e+01
-6.413340131229024621e+01
-6.395534816302495784e+01
-6.377680791259651727e+01
-6.360050541704023885e+01
-6.342466692533692907e+01
-6.324897267666749912e+01
-6.307507847282712277e+01
-6.360587861643150376e+01
-6.413539085260735817e+01
-6.466471762046926131e+01
-6.519239877529294347e+01
-6.571927304041538775e+01
-6.624481996958202501e+01
-6.677010230986680028e+01
-6.729437783151614383e+01
-6.781794075103103125e+01
-6.931021991650554526e+01
-7.084112837357942283e+01
-7.241238113545514921e+01
-7.401962790712671847e+01
-7.566014890561176287e+01
-7.733657057553705272e+01
-7.904633717502215973e+01
-8.078702198248902278e+01
-8.255821310600428831e+01
-8.293290125180210737e+01
-8.331212887781907739e+01
-8.369478726398533297e+01
-8.408325021025396495e+01
-8.447610246063611328e+01
-8.487502601894468057e+01
-8.527674525424929186e+01
-8.568545271075255698e+01
-8.609911236566961179e+01
-8.814575659038663957e+01
-9.022166540291165404e+01
-9.232524201744101333e+01
-9.445838006517405461e+01
-9.662051693988919965e+01
-9.880999529676186910e+01
-1.010250780697932811e+02
-1.032694037342486553e+02
-1.055385412016398448e+02
-1.065926311951191678e+02
-1.076518306816590638e+02
-1.087163874572074462e+02
-1.097863480068825908e+02
-1.108643311004441045e+02
-1.119480815595137244e+02
-1.130402514608952487e+02
-1.141400220659725733e+02
-1.152477678181193710e+02
-1.204166049589995993e+02
-1.255585198606874684e+02
-1.306788246738232715e+02
-1.357832391614703056e+02
-1.408726953759041010e+02
-1.459417769015271915e+02
-1.509938041237544724e+02
-1.560279673068522186e+02
-1.610441400409047787e+02
-1.621782110141804765e+02
-1.633141389410344857e+02
-1.644480959114107463e+02
-1.655819264566207210e+02
-1.667151415681477999e+02
-1.678482798481149416e+02
-1.689818595706692292e+02
-1.701157144513426829e+02
-1.712470205622135211e+02
-1.724949869474727109e+02
-1.737395540567178500e+02
-1.749814202282491920e+02
-1.762194285822756683e+02
-1.774534830953232358e+02
-1.786852941546256943e+02
-1.799127933448258716e+02
-1.811367946785696290e+02
-1.823580100466830913e+02
-1.845331725154796345e+02
-1.867325359698789953e+02
-1.889484121528312528e+02
-1.911859333772528942e+02
-1.934464541320638773e+02
-1.957293052376704168e+02
-1.980340907965489521e+02
-2.003611989079917066e+02
-2.027102773045428989e+02
-2.078909514047451808e+02
-2.130951740091007593e+02
-2.183200897616788723e+02
-2.235675182368730702e+02
-2.288329150259157814e+02
-2.341211195436681010e+02
-2.394251714432813003e+02
-2.447478487870340018e+02
-2.500858117559362483e+02
-2.539275527082828319e+02
-2.577720951438862471e+02
-2.616223716347851678e+02
-2.654759798316604815e+02
-2.693295670801645088e+02
-2.731890186110686614e+02
-2.770520842118537530e+02
-2.809163245329358460e+02
-2.847858209764297044e+02
-2.874620533748370121e+02
-2.901431796858101393e+02
-2.928241977683258028e+02
-2.955122649679402116e+02
-2.982017890856329814e+02
-3.008965705051459167e+02
-3.035921107605004750e+02
-3.062933770564590645e+02
-3.089975400291182268e+02
-3.124673813957852531e+02
-3.159267768410231838e+02
-3.193715097134460734e+02
-3.228037153217328523e+02
-3.262234504853249746e+02
-3.296281352767853718e+02
-3.330147089060256462e+02
-3.363711350427739148e+02
-3.397111163097616782e+02
-3.471161085540974796e+02
-3.544612945737282530e+02
-3.617490904446203785e+02
-3.689770505841259478e+02
-3.761444495217248800e+02
-3.832211835645824181e+02
-3.901714412827120100e+02
-3.970493973686530467e+02
-4.039102085243952160e+02
-4.054545214955638244e+02
-4.070597006717119370e+02
0.000000000000000000e+00
0.000000000000000000e+00
0.000000000000000000e+00
0.000000000000000000e+00
0.000000000000000000e+00
0.000000000000000000e+00
0.000000000000000000e+00
0.000000000000000000e+00
0.000000000000000000e+00
0.000000000000000000e+00
0.000000000000000000e+00
0.000000000000000000e+00
0.000000000000000000e+00
0.000000000000000000e+00
0.000000000000000000e+00
0.000000000000000000e+00
0.000000000000000000e+00
0.000000000000000000e+00
0.000000000000000000e+00
0.000000000000000000e+00
0.000000000000000000e+00
0.000000000000000000e+00
0.000000000000000000e+00
0.000000000000000000e+00
0.000000000000000000e+00
0.000000000000000000e+00
0.000000000000000000e+00
0.000000000000000000e+00
0.000000000000000000e+00
0.000000000000000000e+00
0.000000000000000000e+00
0.000000000000000000e+00
0.000000000000000000e+00
0.000000000000000000e+00
0.000000000000000000e+00
0.000000000000000000e+00
0.000000000000000000e+00
0.000000000000000000e+00
0.000000000000000000e+00
0.000000000000000000e+00
0.000000000000000000e+00
0.000000000000000000e+00
0.000000000000000000e+00
0.000000000000000000e+00
0.000000000000000000e+00
0.000000000000000000e+00
0.000000000000000000e+00
0.000000000000000000e+00
0.000000000000000000e+00
0.000000000000000000e+00
0.000000000000000000e+00
0.000000000000000000e+00
0.000000000000000000e+00
0.000000000000000000e+00
0.000000000000000000e+00
0.000000000000000000e+00
0.000000000000000000e+00
0.000000000000000000e+00
0.000000000000000000e+00
0.000000000000000000e+00
0.000000000000000000e+00
0.000000000000000000e+00
0.000000000000000000e+00
0.000000000000000000e+00
0.000000000000000000e+00
0.000000000000000000e+00
0.000000000000000000e+00
0.000000000000000000e+00
0.000000000000000000e+00
0.000000000000000000e+00
0.000000000000000000e+00
0.000000000000000000e+00
0.000000000000000000e+00
0.000000000000000000e+00
0.000000000000000000e+00
0.000000000000000000e+00
0.000000000000000000e+00
0.000000000000000000e+00
0.000000000000000000e+00
0.000000000000000000e+00
0.000000000000000000e+00
0.000000000000000000e+00
0.000000000000000000e+00
0.000000000000000000e+00
0.000000000000000000e+00
0.000000000000000000e+00
0.000000000000000000e+00
0.000000000000000000e+00
0.000000000000000000e+00
0.000000000000000000e+00
0.000000000000000000e+00
0.000000000000000000e+00
0.000000000000000000e+00
0.000000000000000000e+00
0.000000000000000000e+00
0.000000000000000000e+00
0.000000000000000000e+00
0.000000000000000000e+00
0.000000000000000000e+00
0.000000000000000000e+00
0.000000000000000000e+00
0.000000000000000000e+00
0.000000000000000000e+00
0.000000000000000000e+00
0.000000000000000000e+00
0.000000000000000000e+00
0.000000000000000000e+00
0.000000000000000000e+00
0.000000000000000000e+00
0.000000000000000000e+00
0.000000000000000000e+00
0.000000000000000000e+00
0.000000000000000000e+00
0.000000000000000000e+00
0.000000000000000000e+00
0.000000000000000000e+00
0.000000000000000000e+00
0.000000000000000000e+00
0.000000000000000000e+00
0.000000000000000000e+00
0.000000000000000000e+00
0.000000000000000000e+00
0.000000000000000000e+00
0.000000000000000000e+00
0.000000000000000000e+00
0.000000000000000000e+00
0.000000000000000000e+00
-7.530785987495239624e+02
-7.395607857956241560e+02
-7.271581375759154753e+02
-7.155820586748837968e+02
-7.045607738299012226e+02
-6.940756988794395284e+02
-6.835652568321329454e+02
-6.734300421118433633e+02
-6.635627342458337807e+02
-6.539482202664988790e+02
-6.445737621971112503e+02
-6.354204664571218473e+02
-6.264866929885782838e+02
-6.177561929165998436e+02
-6.092167282547171681e+02
-5.943506762308776388e+02
-5.796835111170920527e+02
-5.652171437134645657e+02
-5.509467091754277135e+02
-5.368707393485169632e+02
-5.229779365466979471e+02
-5.092753024508809858e+02
-4.957529877875608690e+02
-4.824097981786822515e+02
-4.789478809938968311e+02
-4.755050067046278173e+02
-4.720779392526155789e+02
-4.686664263314804089e+02
-4.652749865555099973e+02
-4.618976229388846946e+02
-4.585388484614256299e+02
-4.551985348679918957e+02
-4.518732443649807919e+02
-4.458730583884411658e+02
-4.398909140072918831e+02
-4.339238995868213351e+02
-4.279774865951774245e+02
-4.220464953453100065e+02
-4.161339108717442059e+02
-4.102380498250907408e+02
-4.043648044657624041e+02
-3.985088234378182506e+02
-3.929682344013367015e+02
-3.874482223469275368e+02
-3.819499903173427242e+02
-3.764696524087022453e+02
-3.710112085516562956e+02
-3.655740324426178063e+02
-3.601620571778119597e+02
-3.547742256310202151e+02
-3.494091332877433160e+02
-3.336548530105822579e+02
-3.182783062233914393e+02
-3.032696081325186128e+02
-2.886373371565380239e+02
-2.743723671388040088e+02
-2.604614323595782253e+02
-2.468913783073367654e+02
-2.336668756234295472e+02
-2.207896491126556668e+02
-2.170519230333158589e+02
-2.132666386834648335e+02
-2.094284881054199730e+02
-2.055446694114788784e+02
-2.016076447102436475e+02
-1.976234902416824752e+02
-1.935868626147487248e+02
-1.894873121533336757e+02
-1.853313922159644562e+02
-1.895224856245802414e+02
-1.575917442287152994e+02
-1.588684841802210883e+02
-1.601478567689557337e+02
-1.614273796338772513e+02
-1.334488548232607741e+02
-1.317797198346979144e+02
-1.300590859249768698e+02
-1.282842792208680578e+02
-1.400803862575003222e+02
-1.527026440374067420e+02
-1.662968957958451313e+02
-1.810043049346606097e+02
-1.970167820412318065e+02
-2.146464460845788551e+02
-2.342998102991766984e+02
-2.278339935746672040e+02
0.000000000000000000e+00
0.000000000000000000e+00
0.000000000000000000e+00
0.000000000000000000e+00
0.000000000000000000e+00
0.000000000000000000e+00
0.000000000000000000e+00
0.000000000000000000e+00
0.000000000000000000e+00
0.000000000000000000e+00
0.000000000000000000e+00
0.000000000000000000e+00
0.000000000000000000e+00
0.000000000000000000e+00
0.000000000000000000e+00
0.000000000000000000e+00
0.000000000000000000e+00
0.000000000000000000e+00
0.000000000000000000e+00
0.000000000000000000e+00
0.000000000000000000e+00
0.000000000000000000e+00
0.000000000000000000e+00
0.000000000000000000e+00
0.000000000000000000e+00
0.000000000000000000e+00
0.000000000000000000e+00
0.000000000000000000e+00
0.000000000000000000e+00
0.000000000000000000e+00
0.000000000000000000e+00
0.000000000000000000e+00
0.000000000000000000e+00
0.000000000000000000e+00
0.000000000000000000e+00
0.000000000000000000e+00
0.000000000000000000e+00
0.000000000000000000e+00
0.000000000000000000e+00
0.000000000000000000e+00
0.000000000000000000e+00
0.000000000000000000e+00
0.000000000000000000e+00
0.000000000000000000e+00
0.000000000000000000e+00
0.000000000000000000e+00
0.000000000000000000e+00
0.000000000000000000e+00
0.000000000000000000e+00
0.000000000000000000e+00
0.000000000000000000e+00
0.000000000000000000e+00
0.000000000000000000e+00
0.000000000000000000e+00
0.000000000000000000e+00
0.000000000000000000e+00
0.000000000000000000e+00
0.000000000000000000e+00
0.000000000000000000e+00
0.000000000000000000e+00
0.000000000000000000e+00
0.000000000000000000e+00
0.000000000000000000e+00
0.000000000000000000e+00
0.000000000000000000e+00
0.000000000000000000e+00
0.000000000000000000e+00
0.000000000000000000e+00
0.000000000000000000e+00
0.000000000000000000e+00
0.000000000000000000e+00
0.000000000000000000e+00
0.000000000000000000e+00
0.000000000000000000e+00
0.000000000000000000e+00
0.000000000000000000e+00
0.000000000000000000e+00
0.000000000000000000e+00
0.000000000000000000e+00
0.000000000000000000e+00
0.000000000000000000e+00
0.000000000000000000e+00
0.000000000000000000e+00
0.000000000000000000e+00
0.000000000000000000e+00
0.000000000000000000e+00
0.000000000000000000e+00
0.000000000000000000e+00
0.000000000000000000e+00
0.000000000000000000e+00
0.000000000000000000e+00
0.000000000000000000e+00
0.000000000000000000e+00
0.000000000000000000e+00
0.000000000000000000e+00
0.000000000000000000e+00
0.000000000000000000e+00
0.000000000000000000e+00
0.000000000000000000e+00
0.000000000000000000e+00
0.000000000000000000e+00
0.000000000000000000e+00
0.000000000000000000e+00
0.000000000000000000e+00
0.000000000000000000e+00
0.000000000000000000e+00
0.000000000000000000e+00
0.000000000000000000e+00
0.000000000000000000e+00
0.000000000000000000e+00
0.000000000000000000e+00
0.000000000000000000e+00
0.000000000000000000e+00
0.000000000000000000e+00
0.000000000000000000e+00
0.000000000000000000e+00
0.000000000000000000e+00
0.000000000000000000e+00
0.000000000000000000e+00
0.000000000000000000e+00
0.000000000000000000e+00
0.000000000000000000e+00
0.000000000000000000e+00
0.000000000000000000e+00
0.000000000000000000e+00
0.000000000000000000e+00
0.000000000000000000e+00
0.000000000000000000e+00
0.000000000000000000e+00
0.000000000000000000e+00
0.000000000000000000e+00
0.000000000000000000e+00
0.000000000000000000e+00
0.000000000000000000e+00
0.000000000000000000e+00
0.000000000000000000e+00
0.000000000000000000e+00
0.000000000000000000e+00
0.000000000000000000e+00
0.000000000000000000e+00
0.000000000000000000e+00
0.000000000000000000e+00
0.000000000000000000e+00
0.000000000000000000e+00
0.000000000000000000e+00
0.000000000000000000e+00
0.000000000000000000e+00
0.000000000000000000e+00
0.000000000000000000e+00
0.000000000000000000e+00
0.000000000000000000e+00
0.000000000000000000e+00
0.000000000000000000e+00
0.000000000000000000e+00
0.000000000000000000e+00
0.000000000000000000e+00
0.000000000000000000e+00
0.000000000000000000e+00
0.000000000000000000e+00
0.000000000000000000e+00
0.000000000000000000e+00
0.000000000000000000e+00
0.000000000000000000e+00
0.000000000000000000e+00
0.000000000000000000e+00
0.000000000000000000e+00
0.000000000000000000e+00
0.000000000000000000e+00
0.000000000000000000e+00
0.000000000000000000e+00
0.000000000000000000e+00
0.000000000000000000e+00
0.000000000000000000e+00
0.000000000000000000e+00
0.000000000000000000e+00
0.000000000000000000e+00
0.000000000000000000e+00
0.000000000000000000e+00
0.000000000000000000e+00
0.000000000000000000e+00
0.000000000000000000e+00
0.000000000000000000e+00
0.000000000000000000e+00
0.000000000000000000e+00
0.000000000000000000e+00
0.000000000000000000e+00
-1.081833288262654946e+02
-9.756590319902204556e+01
-8.837079915395999308e+01
-7.990224193564867505e+01
-7.743718726178349243e+01
-7.501895882854527997e+01
-7.264515934307026157e+01
-7.031325930581463979e+01
-6.802128760872005842e+01
-6.576685249856554094e+01
-6.354712578261491984e+01
-6.136236554052276659e+01
-5.920996856579407819e+01
-6.277356708077488889e+01
-6.650857919307718191e+01
-7.041467561067833003e+01
-7.449534194156200329e+01
-7.875534736194207142e+01
-8.319464939465149200e+01
-8.780557042307250981e+01
-9.258611729032644178e+01
-9.753125442948410750e+01
-1.025141028021577796e+02
-1.076038506030538144e+02
-1.127932981248476807e+02
-1.180788091450664012e+02
-1.234556285493980710e+02
-1.289218220568151025e+02
-1.344716223013693934e+02
-1.401079282461528237e+02
-1.458337133877950862e+02
-1.515794168295685154e+02
-1.573695951046785524e+02
-1.632040870917763016e+02
-1.690816692968210475e+02
-1.750036383833128468e+02
-1.809704988945278217e+02
-1.869854058176299816e+02
-1.930433963473859649e+02
-1.991588843180587105e+02
-2.071207577827688624e+02
-2.152537307389536920e+02
-2.235667722959649097e+02
-2.320540180535403465e+02
-2.407951168542777793e+02
-2.499029078051776196e+02
-2.595519539887122846e+02
0.000000000000000000e+00
0.000000000000000000e+00
0.000000000000000000e+00
0.000000000000000000e+00
0.000000000000000000e+00
0.000000000000000000e+00
0.000000000000000000e+00
0.000000000000000000e+00
0.000000000000000000e+00
0.000000000000000000e+00
0.000000000000000000e+00
0.000000000000000000e+00
0.000000000000000000e+00
0.000000000000000000e+00
0.000000000000000000e+00
0.000000000000000000e+00
0.000000000000000000e+00
0.000000000000000000e+00
0.000000000000000000e+00
0.000000000000000000e+00
-3.398127072577911463e+02
-3.324938598514132764e+02
-3.259472722471381871e+02
-3.200715805665096241e+02
-3.146400922359832180e+02
-3.096016714996386554e+02
-3.049379139922782542e+02
-3.006263153093964320e+02
-2.966108387359468566e+02
-2.929017349058794935e+02
-2.893976068365634546e+02
-2.860901383296946392e+02
-2.829725382145208528e+02
-2.800326291913891055e+02
-2.772683237082659957e+02
-2.746684351968522151e+02
-2.722206284120260875e+02
-2.699067320971403205e+02
-2.684810480668495529e+02
-2.670892370146001440e+02
-2.657316350364225741e+02
-2.644055722067283796e+02
-2.631108231733927028e+02
-2.618483867823534865e+02
-2.606166676663360704e+02
-2.594130644084586947e+02
-2.582392986594132367e+02
-2.545992682560294611e+02
-2.509971513919508084e+02
-2.474276922610918632e+02
-2.438932614305607842e+02
-2.403926514624937738e+02
-2.369252714557829620e+02
-2.334899814212739102e+02
-2.300865416903412495e+02
-2.267131418623647789e+02
-2.188117985692481113e+02
-2.110392431263332469e+02
-2.033910225246113725e+02
-1.958683064912931400e+02
-1.884685672194638357e+02
-1.811912099551066433e+02
-1.740348380748293664e+02
-1.670006596116953972e+02
-1.600843283016713201e+02
-1.572188896879593472e+02
-1.543698431370961259e+02
-1.515348312650990295e+02
-1.487151460614228995e+02
-1.459123891260081791e+02
-1.431223816883282041e+02
-1.403467539926896279e+02
-1.375876467139799502e+02
-1.348429065176471227e+02
-1.358608708433388585e+02
-1.368802259017587062e+02
-1.379042341538607843e+02
-1.389322337136775332e+02
-1.399633291412528990e+02
-1.410022431132278768e+02
-1.420472367855502682e+02
-1.430967615797390522e+02
-1.441531273210096629e+02
-1.451174135940699159e+02
-1.460734128599607118e+02
-1.470269972310475168e+02
-1.479716054181202765e+02
-1.489086991685398402e+02
-1.498317125060280830e+02
-1.507512699414505732e+02
-1.516616247278272169e+02
-1.525669090440778461e+02
-1.496934723391352975e+02
-1.468512358169111565e+02
-1.440401628508469400e+02
-1.412459307580666916e+02
-1.384817885291811308e+02
-1.357478967274541333e+02
-1.330467230717862321e+02
-1.303750140352331925e+02
-1.277325534253793364e+02
-1.239666695064757960e+02
-1.202463575763220263e+02
-1.165709980381917319e+02
-1.129397074210372409e+02
-1.093506938553899914e+02
-1.058049764034269344e+02
-1.023023906406956485e+02
-9.883969198637271347e+01
-9.541871894094201423e+01
-9.697995704446604748e+01
-9.855881909835463262e+01
-1.001550211155058321e+02
-1.017705237951184785e+02
-1.034028846838323261e+02
-1.050547395640662955e+02
-1.067245016680651446e+02
-1.084132722659163051e+02
-1.101207686533923038e+02
-1.124305373150759806e+02
-1.147668362340894390e+02
-1.171330964117755684e+02
-1.195297436172333647e+02
-1.219544900187304393e+02
-1.244159670107581945e+02
-1.269111573228424987e+02
-1.294433018399907382e+02
-1.320132920461568347e+02
-1.321622567993096027e+02
-1.323098757969970052e+02
-1.324569114185790397e+02
-1.326018496567203613e+02
-1.327446341138461037e+02
-1.328871149839611405e+02
-1.330292240680722102e+02
-1.331703489112325371e+02
-1.333111385871946766e+02
-1.315357773605195177e+02
-1.297593121918361874e+02
-1.279803984573494660e+02
-1.261990338205717563e+02
-1.244179929599650478e+02
-1.226348944879384533e+02
-1.208525957731870619e+02
-1.190710915404112455e+02
-1.172893165833597067e+02
-1.151820751231653475e+02
-1.130707996373757425e+02
-1.109591244739964822e+02
-1.088458887585462094e+02
-1.067319205911970812e+02
-1.046168452740403580e+02
-1.025049638634431943e+02
-1.003935457820909392e+02
-9.828465807668931120e+01
-9.383589733892422657e+01
-8.948755724530566624e+01
-8.522584945454717342e+01
-8.106170274837315048e+01
-7.699360308716455847e+01
-7.302315486589532156e+01
-6.914984436889285746e+01
-6.537806476249869547e+01
-6.170579478391933748e+01
-5.869018469332245047e+01
-5.575074571768257670e+01
-5.289186001812525006e+01
-5.011130305568441656e+01
-4.740879088539382735e+01
-4.478774376456735240e+01
-4.224731487592094936e+01
-3.978605103914903651e+01
-3.740780895670680195e+01
-3.519146874134977310e+01
-3.307314202734122688e+01
-3.105495543083811327e+01
-2.913520287196757863e+01
-2.731304093502070529e+01
-2.558655328970304765e+01
-2.395491703542694850e+01
-2.241644102925644688e+01
-2.096939228092117347e+01
-2.130950913086594056e+01
-2.165001672694188173e+01
-2.199056198632587922e+01
-2.233204317704472075e+01
-2.267330017087710203e+01
-2.301545472390796832e+01
-2.335733124219824219e+01
-2.370022312763699546e+01
-2.404340823109698988e+01
-2.439382257178504076e+01
-2.474890587422968835e+01
-2.510774982806810840e+01
-2.547284579822637340e+01
-2.584243507633339121e+01
-2.621760826797101274e+01
-2.659731668240056734e+01
-2.698379547241798804e+01
-2.737573292431557803e+01
-2.684726476571876574e+01
-2.631766446646688706e+01
-2.578935907780027392e+01
-2.526100576745366766e+01
-2.473265936719614189e+01
-2.420633969980120170e+01
-2.368135192192184846e+01
-2.315804635455224414e+01
-2.263719271082516116e+01
-2.209871701545284495e+01
-2.156158313919842229e+01
-2.102488873426774774e+01
-2.049008946286563670e+01
-1.995717981101347149e+01
-1.942352058135219650e+01
-1.888920072809184703e+01
-1.835813050637608512e+01
-1.782917591202132002e+01
-1.701309671163880921e+01
-1.622435714253698080e+01
-1.546280726973260755e+01
-1.472863479912541074e+01
-1.402273033302901339e+01
-1.334431866599271643e+01
-1.269464547163362056e+01
-1.207382277188483855e+01
-1.147871911786644894e+01
-1.190206853326019676e+01
-1.233438126862739459e+01
-1.277833870639033087e+01
-1.323361673588369314e+01
-1.370011113635994526e+01
-1.417699737312324615e+01
-1.466479515520714294e+01
-1.516218796253003553e+01
-1.567033842427360746e+01
-1.692283564657642714e+01
-1.823420575516870556e+01
-1.960304176381583829e+01
-2.102351644802456931e+01
-2.249405719423219452e+01
-2.402174576784729965e+01
-2.561091223893615876e+01
-2.725896304396673386e+01
-2.896614813250565135e+01
-3.102451974097274601e+01
-3.319676327570840613e+01
-3.548643079640139320e+01
-3.789488820659187240e+01
-4.043683148310098829e+01
-4.311524424795925370e+01
-4.593278002996307663e+01
-4.889042586801510026e+01
-5.198900695031508690e+01
-5.388288965922918550e+01
-5.585388226625777008e+01
-5.790543969353711162e+01
-6.003797161087593537e+01
-6.225417921713513891e+01
-6.455445415670553189e+01
-6.693899935818325275e+01
-6.941179668676770120e+01
-7.197590202771765178e+01
-7.174633918361085705e+01
-7.151723541085107172e+01
-7.128719686465160521e+01
-7.105904325624915430e+01
-7.083193591199299988e+01
-7.060399314153129069e+01
-7.037538493592828104e+01
-7.014791667829088340e+01
-6.992116064294486932e+01
-6.579126669253135162e+01
-6.189392926521282590e+01
-5.822237645930763250e+01
-5.476339192551283475e+01
-5.151097563696405501e+01
-4.844550008926908902e+01
-4.555970991431466643e+01
-4.284139594006629181e+01
-4.028557773779265005e+01
-3.756092097807613328e+01
-3.495926690879193188e+01
-3.248747927346502706e+01
-3.014189568079775228e+01
-2.791859723202006194e+01
-2.581274742713805281e+01
-2.380815035796533863e+01
-2.189668504512698988e+01
-2.007770706244202685e+01
-1.887931040469108268e+01
-1.771173314169697832e+01
-1.657698101951282155e+01
-1.547604586664005133e+01
-1.441217597640182468e+01
-1.338063067716850973e+01
-1.238227911843629947e+01
-1.141868408051360539e+01
-1.048930668559418322e+01
-1.062568173358034329e+01
-1.076258971717961366e+01
-1.089931961325316401e+01
-1.103760662857112074e+01
-1.117667231904783520e+01
-1.131640625673345468e+01
-1.145663028767615366e+01
-1.159846265209037064e+01
-1.174062353468972120e+01
-1.272819501004418363e+01
-1.375694541438373086e+01
-1.482623236810679401e+01
-1.593985710121683930e+01
-1.710277390992708035e+01
-1.831402551375155952e+01
-1.957303635599772562e+01
-2.087923072958887616e+01
-2.223182593405646301e+01
-2.488048157160022811e+01
-2.775367546764864457e+01
-3.089618841914513681e+01
-3.431772723356580457e+01
-3.801400604428443586e+01
-4.199987330149268416e+01
-4.631603301886728019e+01
-5.095928478831638131e+01
-5.591167013983891820e+01
-6.364830543789650363e+01
-7.196514532816418352e+01
-8.083594039751064031e+01
-9.021082255222432877e+01
-1.000565832195091360e+02
-1.103556702962309402e+02
-1.211049094386140297e+02
-1.323037032133281059e+02
-1.439306818737400135e+02
-1.502592023842904894e+02
-1.567192442255487492e+02
-1.633306522531014195e+02
-1.700916446113413940e+02
-1.769974135626549128e+02
-1.840436091926966924e+02
-1.912279522321681782e+02
-1.986575045990538797e+02
-2.063938853386411552e+02
-2.037624642886692072e+02
-2.012585675102720870e+02
-1.988890076372592830e+02
-1.966422527981193582e+02
-1.944653447381939202e+02
-1.923501362283003857e+02
-1.902993834009324985e+02
-1.883100946031316880e+02
-1.863844509751602629e+02
-1.806815345271151045e+02
-1.751504080134869810e+02
-1.697933206509722197e+02
-1.645659970847924853e+02
-1.594635934118195735e+02
-1.544902515376876693e+02
-1.496457735031767982e+02
-1.449336387945839988e+02
-1.403531389651701318e+02
-1.370009256383100933e+02
-1.337173046809486152e+02
-1.304863528798979075e+02
-1.273043199807606669e+02
-1.241714571578167607e+02
-1.210859564172299088e+02
-1.180463906765044868e+02
-1.150526754018031852e+02
-1.121032235216083990e+02
-1.095944598322718520e+02
-1.071156657416940874e+02
-1.046672663357324211e+02
-1.022463953490270114e+02
-9.985281202688993574e+01
-9.748613578403032420e+01
-9.514690769089418154e+01
-9.283299103622495352e+01
-9.054336293842557382e+01
-8.893093669615716124e+01
-8.737235290807778654e+01
-8.586613697946221180e+01
-8.441052801659515126e+01
-8.300410977761615072e+01
-8.164513610748008432e+01
-8.033034023139929047e+01
-7.906090324980344519e+01
-7.783360884745323460e+01
-7.908274843389249043e+01
-8.033172519891854790e+01
-8.158328431897872690e+01
-8.283534565854412790e+01
-8.409035344358072450e+01
-8.534563423569163376e+01
-8.660362917160540519e+01
-8.786226582293954834e+01
-8.912367079712713291e+01
-9.277658530371762424e+01
-9.648247324421859616e+01
-1.002394763782914140e+02
-1.040501804743464049e+02
-1.079136777876708777e+02
-1.118323532042595190e+02
-1.158069135612421690e+02
-1.198435394926782180e+02
-1.239417677730518221e+02
-1.285098806814962984e+02
-1.331526041052321716e+02
-1.378489800634895630e+02
-1.426173894955871901e+02
-1.474693084823178992e+02
-1.524028164279812927e+02
-1.574565297282670997e+02
-1.626605625949868283e+02
-1.680237103246579693e+02
-1.673826797558198507e+02
-1.667343799488777165e+02
-1.660839594476936441e+02
-1.654271613515534796e+02
-1.647670459096314062e+02
-1.641009880583252425e+02
-1.634320440498456151e+02
-1.627552149972981397e+02
-1.620763951647750218e+02
-1.594172003016171288e+02
-1.567893512622157743e+02
-1.541868914706209921e+02
-1.516118781643367868e+02
-1.490637786374424536e+02
-1.465406926021371987e+02
-1.440383338178803569e+02
-1.415567817077971711e+02
-1.390908818946202246e+02
-1.367207424848326980e+02
-1.343650635061115395e+02
-1.320197485343371966e+02
-1.296864511333334349e+02
-1.273675087036328080e+02
-1.250590350934662922e+02
-1.227627563109098929e+02
-1.204797693317199503e+02
-1.182082762845159039e+02
-1.169357479216187983e+02
-1.156467190043644280e+02
-1.143489929421780431e+02
-1.130442930383822357e+02
-1.117323869343899929e+02
-1.104126516906104172e+02
-1.090848177125295564e+02
-1.077501593433810569e+02
-1.064087913945189996e+02
-1.070060790441249452e+02
-1.075771346568877362e+02
-1.081271515631419078e+02
-1.086531964204823879e+02
-1.091542242977294137e+02
-1.096192149654696948e+02
-1.100591418092055847e+02
-1.104747942329908028e+02
-1.108705109813366647e+02
-1.103017302536448199e+02
-1.097141158441806255e+02
-1.091089974391831561e+02
-1.084864451042694355e+02
-1.078446330975568372e+02
-1.071875969545525464e+02
-1.065141473865329544e+02
-1.058229630853615504e+02
-1.051166391331653358e+02
-1.069728319925277731e+02
-1.088442103207199807e+02
-1.107311171956123133e+02
-1.126316164061447438e+02
-1.145454629101639767e+02
-1.164751939619676335e+02
-1.184212747861210744e+02
-1.203803665879763116e+02
-1.223534021726483871e+02
-1.239044561497479293e+02
-1.255003048297686234e+02
-1.271463222336683856e+02
-1.288407196400427495e+02
-1.305812690568886865e+02
-1.323741091510881347e+02
-1.342167269271377279e+02
-1.361090461142250945e+02
-1.380536386133156270e+02
-1.406672750687778830e+02
-1.433134264395455091e+02
-1.459949097034480587e+02
-1.487074427485310366e+02
-1.514541837959252462e+02
-1.542341124192179507e+02
-1.570495249067875818e+02
-1.598987412350913360e+02
-1.627829009455645632e+02
-1.665432891318166924e+02
-1.703688961945682365e+02
-1.742673810212886281e+02
-1.782423649113874831e+02
-1.822921575048245586e+02
-1.864255720629570021e+02
-1.906346552372212670e+02
-1.949176604732809039e+02
-1.992873831622971750e+02
-2.045933879316557693e+02
-2.100177118080150365e+02
-2.155624264703936319e+02
-2.212355330322694726e+02
-2.270607995051707348e+02
-2.330490849448452764e+02
-2.391969335120485880e+02
-2.455092952256477474e+02
-2.519848360533414962e+02
-2.563459676045888500e+02
-2.608234783878955909e+02
-2.654663160855869819e+02
-2.702945067647862629e+02
-2.753208545653873784e+02
-2.805619332064587752e+02
-2.860228263322400721e+02
-2.918434731877581498e+02
-2.985010256900047807e+02
0.000000000000000000e+00
0.000000000000000000e+00
0.000000000000000000e+00
0.000000000000000000e+00
0.000000000000000000e+00
0.000000000000000000e+00
0.000000000000000000e+00
0.000000000000000000e+00
0.000000000000000000e+00
-2.818808140741957686e+02
-2.774000072898049325e+02
-2.730821429607550499e+02
-2.689399384179588992e+02
-2.649139705761027130e+02
-2.609296657795896976e+02
-2.569867146795314738e+02
-2.530888966097140269e+02
-2.492408244079613269e+02
-2.441329704768812121e+02
-2.391959328851063447e+02
-2.344514667268648793e+02
-2.298336252281787324e+02
-2.253317733454551899e+02
-2.209521261293705550e+02
-2.166956745528909778e+02
-2.125729837404534237e+02
-2.085856745207074141e+02
-2.048183040210696504e+02
-2.011140576286003636e+02
-1.974673732234715828e+02
-1.938791548349361165e+02
-1.903536034521436591e+02
-1.868860817896359947e+02
-1.834807077226745093e+02
-1.801383390604930810e+02
-1.768464324114731596e+02
-1.702635543821104136e+02
-1.638930384134582994e+02
-1.577025608757802786e+02
-1.516836952974278745e+02
-1.458277180829309430e+02
-1.401319687018143441e+02
-1.345904858420929884e+02
-1.291941902658059576e+02
-1.239405227635984659e+02
-1.217256492117275570e+02
-1.195397193377551446e+02
-1.173801016107244806e+02
-1.152482542969829211e+02
-1.131447153566466000e+02
-1.110676698229868720e+02
-1.090184127066697357e+02
-1.069968370714684625e+02
-1.050011829622759336e+02
-1.050783297205206424e+02
-1.051520590662663608e+02
-1.052243148192786464e+02
-1.052940383083379743e+02
-1.053615172707026773e+02
-1.054262924858682169e+02
-1.054886794160371579e+02
-1.055489810996089233e+02
-1.056071018648973734e+02
-1.076811515296932527e+02
-1.097967381592356588e+02
-1.119599439480010687e+02
-1.141699133244246269e+02
-1.164318986286140074e+02
-1.187530260799263857e+02
-1.211436126075185484e+02
-1.236056849805454192e+02
-1.261480230175663735e+02
-1.267127382098552459e+02
-1.272950344224541368e+02
-1.278982065691393046e+02
-1.285191550614219125e+02
-1.291644980470168491e+02
-1.298302841995055417e+02
-1.305217153389309317e+02
-1.312385438254160306e+02
-1.319838539338538794e+02
-1.341708134631760458e+02
-1.363652007367751366e+02
-1.385665800788091531e+02
-1.407729772667728412e+02
-1.429842346831628674e+02
-1.452015835440316778e+02
-1.474289036114785176e+02
-1.496626235564733065e+02
-1.519031001382539898e+02
-1.535764236387142034e+02
-1.552544871274708385e+02
-1.569311610855622234e+02
-1.586111593318565554e+02
-1.602910252985849695e+02
-1.619751493189300788e+02
-1.636579895270242275e+02
-1.653453465548377892e+02
-1.670320683952270429e+02
-1.663549858469887965e+02
-1.656680906741192700e+02
-1.649699060771226584e+02
-1.642606315246688098e+02
-1.635440629832727097e+02
-1.628132948215933027e+02
-1.620721495843098694e+02
-1.613218492925415717e+02
-1.605598165907152008e+02
-1.552898144120145787e+02
-1.501809068850632229e+02
-1.452116478363872716e+02
-1.403845995460725078e+02
-1.356963719440445573e+02
-1.311527169114125115e+02
-1.267510764214199241e+02
-1.224945279263004778e+02
-1.183808101865345179e+02
-1.152866214691751026e+02
-1.122386858769677076e+02
-1.092384317904920721e+02
-1.062841758726502519e+02
-1.033776700332720964e+02
-1.005159192685032963e+02
-9.770064970598201626e+01
-9.493029537195099010e+01
-9.220613504063591392e+01
-9.223031523326298498e+01
-9.225545735281995974e+01
-9.228272547587735630e+01
-9.231064464443261386e+01
-9.233954702161086914e+01
-9.236938243204505739e+01
-9.240223580515949209e+01
-9.243429538580518567e+01
-9.246847823698927016e+01
-9.346162934790149279e+01
-9.448141467609164579e+01
-6.952649236219029660e+01
-7.087464829900827112e+01
-7.223521172909784127e+01
-7.361274533051026481e+01
-7.500540487972899939e+01
-7.641160585163173380e+01
-7.783498359356954666e+01
-7.898842834069924379e+01
-8.014562702044389653e+01
-1.021487178621580227e+02
-1.020922583170479783e+02
-1.020386325716259961e+02
-1.019888825142600268e+02
-1.019432423383377824e+02
-1.019013547031843672e+02
-1.018626564912493677e+02
-1.012377784164554839e+02
-1.006110948868215473e+02
-9.997974706137104306e+01
-9.934423916632637486e+01
-9.870703522982202571e+01
-9.806610258195286178e+01
-9.742258885473832208e+01
-9.677755771168709487e+01
-9.612891398410916111e+01
-9.522560234679575331e+01
-9.432996280548617563e+01
-9.344430522442577569e+01
-9.256485776475302885e+01
-9.169309116280442140e+01
-9.083046428729495858e+01
-8.997713588448513633e+01
-8.912811371591166676e+01
-8.828139766868775951e+01
-8.970964695401586653e+01
-9.114789253026411586e+01
-9.260137088805068117e+01
-9.406994209128977502e+01
-9.555461463195726424e+01
-9.705597572304256460e+01
-9.857568316741918579e+01
-1.001115488579102220e+02
-1.016642185036452446e+02
-1.015943935603002899e+02
-1.015270460361593052e+02
-1.014646763029843868e+02
-1.014041428167204231e+02
-1.013483464386640804e+02
-1.012944551629034038e+02
-1.012446801163689969e+02
-1.011953859839887713e+02
-1.011439688857984436e+02
-1.015848719905418704e+02
-1.020091232516325590e+02
-1.024167981291758309e+02
-1.028085042875407140e+02
-1.031825640878845718e+02
-1.035409879858529365e+02
-1.038827102425346567e+02
-1.042077362466788628e+02
-1.045160600830270141e+02
-1.039424213508965948e+02
-1.033546045041745174e+02
-1.027560235386343379e+02
-1.021439713779526528e+02
-1.015214449770066381e+02
-1.008851525322724427e+02
-1.002380726832848694e+02
-9.957755610236961274e+01
-9.890622523226886642e+01
-9.998123566553475428e+01
-1.010665825140758898e+02
-1.021647525748947771e+02
-1.032731933355463667e+02
-1.043952581418082701e+02
-1.055294000298693646e+02
-1.066788474165082050e+02
-1.078395783830352030e+02
-1.090167151385382169e+02
-1.096093716087223982e+02
-1.101848469345091246e+02
-1.107400416631176938e+02
-1.112771877935126668e+02
-1.117982036581730227e+02
-1.122994371090599230e+02
-1.127681548150403330e+02
-1.132196583647970556e+02
-1.136513586313180326e+02
-1.133547566440108483e+02
-1.130452634106644751e+02
-1.127223346689888501e+02
-1.123880021692266098e+02
-1.120408183729476121e+02
-1.116819003274138709e+02
-1.113097555311670277e+02
-1.109256899719932790e+02
-1.105307806736263530e+02
