-4.642924499447294018e+00
-5.473663131550282834e+00
-6.328955067618690755e+00
-7.208252898675325149e+00
-8.110250863429826040e+00
-9.035257555107872207e+00
-9.981741923016954843e+00
-1.094993775925864554e+01
-1.193834499625813095e+01
-1.294695763659575505e+01
-1.374558276835563575e+01
-1.458188062597603185e+01
-1.546032061709700933e+01
-1.638700159690228730e+01
-1.736753559048964135e+01
-1.840758390556674939e+01
-1.951477216220484934e+01
-2.072470025662635251e+01
-2.205965404131987029e+01
-2.264670286602061466e+01
-2.327620948162674708e+01
-2.396039438348320161e+01
-2.475044024190783531e+01
-2.567292423087846132e+01
-2.673117107904207757e+01
-2.791670841623102461e+01
-2.925216464172617492e+01
-3.069518477791373456e+01
-3.122445023153933263e+01
-3.175956851523491764e+01
-3.229998610505943901e+01
-3.284629172802397790e+01
-3.339794307663217410e+01
-3.395686546360789748e+01
-3.451985041920359265e+01
-3.509016550391021383e+01
-3.566457649859306400e+01
-3.547656258915717586e+01
-3.528881430552225851e+01
-3.509985349393348031e+01
-3.491077954123610283e+01
-3.472181417589987262e+01
-3.453208129482970890e+01
-3.434318511286184616e+01
-3.415208291560776388e+01
-3.396281446981930685e+01
-3.242743228853129267e+01
-3.090718869981759909e+01
-2.940347624002505711e+01
-2.791730536532158879e+01
-2.644738229957542686e+01
-2.499973868534342003e+01
-2.359772131277711793e+01
-2.225421350090942596e+01
-2.096551629937632910e+01
-1.995910491971276812e+01
-1.903303379380981042e+01
-1.818689304160052345e+01
-1.738536859316721817e+01
-1.662389552106727919e+01
-1.590413072079840795e+01
-1.523011630332867128e+01
-1.458170818553499970e+01
-1.395096011609368247e+01
-1.426900976533488041e+01
-1.459474149966094814e+01
-1.492705813664285230e+01
-1.526955140660370880e+01
-1.563264877752747672e+01
-1.601869201602750792e+01
-1.642783695392535392e+01
-1.686060288780856098e+01
-1.731771089209921755e+01
-1.807651446197673906e+01
-1.889876730383884151e+01
-1.978008356915119137e+01
-2.070032594667839376e+01
-2.165533383775034082e+01
-2.264559997435291550e+01
-2.366943086889326864e+01
-2.472161840145352585e+01
-2.578830124368505494e+01
-2.559211196638876373e+01
-2.539549436464267984e+01
-2.520062485411537878e+01
-2.500677426860170272e+01
-2.481221770453536379e+01
-2.461938873575196141e+01
-2.442836958298283889e+01
-2.423798533465132365e+01
-2.404905314718802956e+01
-2.301404602996406012e+01
-2.202853650244896144e+01
-2.108828501954500112e+01
-2.019494077551701494e+01
-1.936296598632368671e+01
-1.859845959791495673e+01
-1.789683379392793938e+01
-1.724624968241386824e+01
-1.663777072750530550e+01
-1.581558910963391362e+01
-1.506555948596065875e+01
-1.434984045093973570e+01
-1.366206662255567394e+01
-1.300283291793868479e+01
-1.237179208250103102e+01
-1.176839164108650770e+01
-1.119146035401411154e+01
-1.064083208697557481e+01
-1.025855885145443658e+01
-9.879943078356207664e+00
-9.505083967985815008e+00
-9.133650594977382298e+00
-8.766228400759363382e+00
-8.402132348461739397e+00
-8.041958818847426471e+00
-7.685271084468990210e+00
-7.331940202320461175e+00
-7.068778889732631576e+00
-6.811064917963165932e+00
-6.558290327785976537e+00
-6.311444483036893871e+00
-6.069678926369114436e+00
-5.833406949139098074e+00
-5.602153343344018488e+00
-5.376171107631873447e+00
-5.155013682549008713e+00
-4.880752850023878153e+00
-4.613443156069532591e+00
-4.352541243051842201e+00
-4.098594106180157404e+00
-3.852643533346860494e+00
-3.615905216829105040e+00
-3.387663267195125449e+00
-3.167930996042546354e+00
-2.956319610028382616e+00
-3.267824352350040318e+00
-3.598140002534985005e+00
-3.949054134979430586e+00
-4.319247400587329366e+00
-4.704837287280658309e+00
-5.104089085458946684e+00
-5.517512025173350487e+00
-5.943396403404313411e+00
-6.382577976200876080e+00
-7.468015625612085984e+00
-8.612652579809028097e+00
-9.815549580844004751e+00
-1.107514005170101967e+01
-1.238982086547287409e+01
-1.377952063461748722e+01
-1.526287444967615237e+01
-1.684516165212275496e+01
-1.853206972113093087e+01
-1.935566281679892597e+01
-2.021648334149475446e+01
-2.112899125373269982e+01
-2.210322919427218835e+01
-2.314991256702048616e+01
-2.427756108146283154e+01
-2.550439863808682972e+01
-2.694873900705145076e+01
-2.862276634570147849e+01
-2.891222055563778071e+01
-2.922035626937812580e+01
-2.955311602600611920e+01
-2.991034851519822979e+01
-3.029484099489178206e+01
-3.070903188517658577e+01
-3.114792553973081368e+01
-3.160441091635291855e+01
-3.207940546986191777e+01
-3.229806170303896096e+01
-3.252011502045610314e+01
-3.274296064048390065e+01
-3.296698991847402027e+01
-3.319450771049188376e+01
-3.342379437132350972e+01
-3.365464791730200034e+01
-3.388740663405565101e+01
-3.412084695222321074e+01
-3.375283607433404143e+01
-3.340164092503272997e+01
-3.306474055553862712e+01
-3.274522221664400234e+01
-3.243939026825972149e+01
-3.214690075468283936e+01
-3.186552057526702697e+01
-3.159624518758957734e+01
-3.133696666547915299e+01
-2.879433104073990179e+01
-2.647576385984632807e+01
-2.441246158521507681e+01
-2.251071463731706146e+01
-2.076145407522993835e+01
-1.915843143294040374e+01
-1.763833705832323773e+01
-1.618580988168858426e+01
-1.479870309665521866e+01
-1.302721112905297396e+01
-1.137521226565299592e+01
-9.815233779668327330e+00
-8.330980784136201578e+00
-6.924171019570969143e+00
-5.596892272367356647e+00
-4.351218770042579287e+00
-3.189278544078268940e+00
-2.160383092602455424e+00
-2.020865065259604076e+00
-1.889003955313401706e+00
-1.764305155584600993e+00
-1.646572006873738836e+00
-1.535676108318655420e+00
-1.430681035120078493e+00
-1.331714452776242119e+00
-1.238280613244561179e+00
-1.150336000832660854e+00
-1.679650577110003651e+00
-2.274935563566405250e+00
-2.931546849968041268e+00
-3.645941052300650576e+00
-4.408878173105383880e+00
-5.199208654912707672e+00
-6.014085479279930091e+00
-6.852816972837243448e+00
-7.714051837273249390e+00
-8.301945849374602560e+00
-8.900918510391896632e+00
-9.510279523848144123e+00
-1.012955692741923386e+01
-1.075881858027324789e+01
-1.139591757569854913e+01
-1.204135366435946430e+01
-1.269434012747978890e+01
-1.335533043134526565e+01
-1.311287487271971131e+01
-1.287283801835617147e+01
-1.263367469547922539e+01
-1.239632592202177541e+01
-1.216016031667828656e+01
-1.192531143511701686e+01
-1.169154982481046012e+01
-1.145942300421036819e+01
-1.122827896489830657e+01
-1.122698256400132699e+01
-1.122624690869669095e+01
-1.122511056316749745e+01
-1.122473395519019590e+01
-1.122500859499989723e+01
-1.122518936793341027e+01
-1.122516613214718717e+01
-1.122571014554482893e+01
-1.122663998298990329e+01
-1.138380603543627423e+01
-1.154117810118340159e+01
-1.169916847611956179e+01
-1.185746398187668227e+01
-1.201673542005821460e+01
-1.217565811039477630e+01
-1.233614597552777781e+01
-1.249622333976238941e+01
-1.265756809449981724e+01
-1.230033821848863873e+01
-1.194847821795662490e+01
-1.160172067132613982e+01
-1.126028388493568855e+01
-1.092426001106966993e+01
-1.059353046408236665e+01
-1.026853761056840497e+01
-9.949571254100533224e+00
-9.635942974835218777e+00
-9.331402202991952777e+00
-9.031350664266643236e+00
-8.736304782341770547e+00
-8.446185619066833183e+00
-8.161253570889334341e+00
-7.881144068348302945e+00
-7.606142404594169903e+00
-7.336173397793480433e+00
-7.072012649463816913e+00
-7.369103900085606895e+00
-7.675097184473901990e+00
-7.989974591333547593e+00
-8.313007326607735337e+00
-8.644598604182926138e+00
-8.984275075117873044e+00
-9.332504900335967690e+00
-9.688490039167808376e+00
-1.005291241123746815e+01
-1.102327960842859689e+01
-1.203484750986791418e+01
-1.310872515708858899e+01
-1.426738531071811700e+01
-1.552364095072825911e+01
-1.688908638081743518e+01
-1.837987134128014333e+01
-2.002518585998562628e+01
-2.183035520629543669e+01
-2.320412838120923382e+01
-2.473932141489762060e+01
-2.651308749838608847e+01
-2.846532177625537585e+01
-3.057444696399111805e+01
-3.284542870689020333e+01
-3.523599419378808051e+01
-3.772337319684391588e+01
-4.030952795278094669e+01
-3.964153148170179719e+01
-3.897571629691122297e+01
-3.831127724972315463e+01
-3.764510943991187020e+01
-3.698207934018101639e+01
-3.631834746651315271e+01
-3.565747798560995818e+01
-3.499508791247590977e+01
-3.433424468020624687e+01
-3.149919549249084838e+01
-2.874592969565781431e+01
-2.610778639576759375e+01
-2.367170278738239375e+01
-2.144896627193313421e+01
-1.948426136377819162e+01
-1.801441240889129958e+01
-1.679317305029162455e+01
-1.564178406862128945e+01
-1.483590294148299371e+01
-1.405220431190861241e+01
-1.328860952881064073e+01
-1.254025276676353151e+01
-1.180904939675611232e+01
-1.109161998117407677e+01
-1.037968128050618510e+01
-9.674023501892307308e+00
-8.975791605550673680e+00
-8.692893444374291789e+00
-8.412618140497587049e+00
-8.134506068442822979e+00
-7.859890033859023184e+00
-7.588502212736906394e+00
-7.319958576592243027e+00
-7.055121510551380482e+00
-6.793834725805102615e+00
-6.536541589782706829e+00
-6.328359868421530088e+00
-6.124869450493203971e+00
-5.926860892339771425e+00
-5.733269546354681445e+00
-5.544905938288868796e+00
-5.361962870120636104e+00
-5.183998069373509487e+00
-5.011559517243444617e+00
-4.844442742924154999e+00
-4.722285197394884726e+00
-4.603496688673072157e+00
-4.488517979864015572e+00
-4.376934054855264655e+00
-4.268842882110358339e+00
-4.163878693296480193e+00
-4.061911342803623981e+00
-3.962761586621216026e+00
-3.866686876151239627e+00
-3.887395152975953838e+00
-3.908629371754265058e+00
-3.930162246353399613e+00
-3.951497430085863627e+00
-3.973274316914268578e+00
-3.995196185831298319e+00
-4.017663487220920260e+00
-4.040180816724044277e+00
-4.062754126584168901e+00
-4.192036119536952654e+00
-4.324426605837727422e+00
-4.460819930952116152e+00
-4.600918782805427654e+00
-4.744344190852007870e+00
-4.891772574686187092e+00
-5.043612034465220439e+00
-5.199255440801278105e+00
-5.359976204721084159e+00
-5.566814642362807319e+00
-5.782190404619382385e+00
-6.005403674887057619e+00
-6.237285154683320343e+00
-6.478271533914679026e+00
-6.728587113941043363e+00
-6.988379704179719099e+00
-7.258191475301855711e+00
-7.538459179016959055e+00
-7.750695011647968258e+00
-7.972879498145314159e+00
-8.205774224643448633e+00
-8.449711251487492802e+00
-8.706229265512364535e+00
-8.975021619790290117e+00
-9.260032359280653935e+00
-9.566642883920271956e+00
-9.896436619383127464e+00
-1.033418804481295261e+01
-1.080571681090922809e+01
-1.131443983268190223e+01
-1.186434875147631551e+01
-1.246171616402235927e+01
-1.311634639675601122e+01
-1.382354893286358966e+01
-1.458265709091107531e+01
-1.538848424493550127e+01
-1.639287603842561936e+01
-1.741858641351408821e+01
-1.846266005084159190e+01
-1.952304823601917860e+01
-2.059676631597262286e+01
-2.168361576722080031e+01
-2.278090001148765609e+01
-2.388860652631309378e+01
-2.500403057491984882e+01
-2.560182938397109709e+01
-2.620156675692188486e+01
-2.680288483125797327e+01
-2.740518704631304914e+01
-2.800888530810366817e+01
-2.861466951464138475e+01
-2.922085536142165552e+01
-2.982794491994490116e+01
-3.043662001334609712e+01
-2.975736972835780492e+01
-2.908334026756027058e+01
-2.841283500228976422e+01
-2.774908349248169159e+01
-2.708966860377684327e+01
-2.643429287202798861e+01
-2.578471967811614718e+01
-2.513995852517584595e+01
-2.450049701582958406e+01
-2.330105921658232049e+01
-2.212555167541238887e+01
-2.097285035928128849e+01
-1.984776472068406150e+01
-1.875141634474271513e+01
-1.768475457215971502e+01
-1.665346337963584844e+01
-1.566272276624110837e+01
-1.471219118965424322e+01
-1.394813359735809044e+01
-1.323876318805030472e+01
-1.258627709603191747e+01
-1.197529850049749278e+01
-1.139744382871449879e+01
-1.085041459193687174e+01
-1.033210788983755180e+01
-9.842956474795370170e+00
-9.380194319627898736e+00
-8.894615101634185450e+00
-8.431833806267356124e+00
-7.990112939418875015e+00
-7.569459467893270954e+00
-7.171068948824130374e+00
-6.796377866413649826e+00
-6.443057773809005795e+00
-6.109758789176424898e+00
-5.793857679699392804e+00
-5.473275176335181236e+00
-5.152459446638914642e+00
-4.832969008178229942e+00
-4.513851029964853545e+00
-4.195356272040347889e+00
-3.878756293441854908e+00
-3.563954041597957367e+00
-3.250541660033319236e+00
-2.939987233469097738e+00
-2.812018501303444218e+00
-2.680748257541895718e+00
-2.545188695967088854e+00
-2.405796535712145801e+00
-2.262663947176469126e+00
-2.115484919374390316e+00
-1.964371458928901415e+00
-1.809771213374157695e+00
-1.650677058449789847e+00
-1.777043782628021207e+00
-1.906447869399237494e+00
-2.039313841061693555e+00
-2.175481741487938159e+00
-2.314628713291951190e+00
-2.457287488698354672e+00
-2.603165311206646404e+00
-2.752422007517428604e+00
-2.904761324712943793e+00
-3.172130685919674065e+00
-3.442910065365178962e+00
-3.715818661964371827e+00
-3.992586079190717285e+00
-4.272103631042639904e+00
-4.554509485007714353e+00
-4.839128604705452474e+00
-5.126786517214569017e+00
-5.417155224330115537e+00
-5.472336440613161379e+00
-5.527094258620880218e+00
-5.582712641294518718e+00
-5.638431848359314102e+00
-5.694419516771532130e+00
-5.750638410243779752e+00
-5.807267181069274642e+00
-5.864038330567082014e+00
-5.921164516320844839e+00
-5.656659463435869561e+00
-5.397786090632272327e+00
-5.145069681646440962e+00
-4.897664995608854710e+00
-4.657280473642681606e+00
-4.422796934077430464e+00
-4.195915584519202213e+00
-3.975881573296386140e+00
-3.763312704010153276e+00
-3.577989090231911362e+00
-3.396988887614277086e+00
-3.221627304677161518e+00
-3.051886512943993601e+00
-2.888179148639945293e+00
-2.732086086261519942e+00
-2.583527030383042433e+00
-2.441081371369070219e+00
-2.304562053872010630e+00
-2.198958008490732752e+00
-2.095029526192893066e+00
-1.992485763813695465e+00
-1.891486160383878623e+00
-1.792442599140283699e+00
-1.694867735982077850e+00
-1.598889758708044617e+00
-1.504738331315786937e+00
-1.412619981640122147e+00
-1.310050974889419573e+00
-1.209528398221163981e+00
-1.111435492962176808e+00
-1.015642042240865628e+00
-9.226663500463790912e-01
-8.328134301444013454e-01
-7.468327320698281424e-01
-6.644090439843248763e-01
-5.864069995261473878e-01
-6.237614121415324675e-01
-6.625306392623714347e-01
-7.030663496906989218e-01
-7.457851937436896783e-01
-7.908130544620942670e-01
-8.386329881051716173e-01
-8.899515411897026551e-01
-9.451725865503394219e-01
-1.005160782281786291e+00
-1.497282449153887640e+00
-2.101329101144774114e+00
-2.778694930443943445e+00
-3.512782900098230243e+00
-4.290977859537858485e+00
-5.147489954195425987e+00
-6.131642730601174485e+00
-7.179445876200501786e+00
-8.270887224185019093e+00
-9.712862254635515669e+00
-1.127158856175885759e+01
-1.294807257480713503e+01
-1.474255890259778390e+01
-1.665693989442184986e+01
-1.868990002507462478e+01
-2.082485187890749501e+01
-2.515788067901892688e+01
-2.878424827851318923e+01
-3.179634333177333616e+01
-3.512026742075209995e+01
-3.865823004128994000e+01
-4.241418971933794069e+01
-4.642333611696454909e+01
-5.073996265340716860e+01
-5.531288369113159575e+01
-6.014018402259691953e+01
-6.545724540932158675e+01
-7.067342118136797069e+01
-7.620717754355520412e+01
-8.198662965435104866e+01
-8.792760240159445573e+01
-9.403054164643765489e+01
-1.002918281525046638e+02
-1.067064384033060520e+02
-1.132620917928986586e+02
-1.199472926499488494e+02
-1.231343607624623218e+02
-1.263244316205623790e+02
-1.295176409992790809e+02
-1.327081816021865563e+02
-1.359010397221759376e+02
-1.390970237633071633e+02
-1.422907958833455666e+02
-1.454873421227263748e+02
-1.486815185074246983e+02
-1.495590846620799823e+02
-1.504533625919976032e+02
-1.513497136981911808e+02
-1.522568928667766954e+02
-1.531813546372743531e+02
-1.541150391692126789e+02
-1.550544604240153888e+02
-1.560131513623511239e+02
-1.569822550175957474e+02
-1.572167008234147545e+02
-1.574489392777413173e+02
-1.576853719200494481e+02
-1.577609370163656592e+02
-1.582429235940278147e+02
-1.587480194992645579e+02
-1.592644958805088891e+02
-1.597916037170930394e+02
-1.603241073997817807e+02
-1.589751963879174355e+02
-1.576269848605830930e+02
-1.562790755686790192e+02
-1.549349787597742818e+02
-1.535865656738910161e+02
-1.522389037549135651e+02
-1.508914964454791630e+02
-1.495440799151143665e+02
-1.481963063099067313e+02
-1.465637087994016667e+02
-1.449345753805177139e+02
-1.433087148649968583e+02
-1.416812354057703942e+02
-1.400596143310561104e+02
-1.384387482966650111e+02
-1.368186014696883603e+02
-1.352018246598835276e+02
-1.335844998254731024e+02
-1.297856956987531021e+02
-1.260011982944018456e+02
-1.222355235019022643e+02
-1.184829234165878802e+02
-1.147501949435587960e+02
-1.110297016878246552e+02
-1.073246450968385801e+02
-1.036364555725899947e+02
-9.996958820104687504e+01
-9.448247122962948197e+01
-8.905870257658898481e+01
-8.372140812988503455e+01
-7.851152305135178722e+01
-7.346595177209600536e+01
-6.860665281457792730e+01
-6.400266795310446355e+01
-5.955939093570820120e+01
-5.525536949817054477e+01
-5.334232841214762288e+01
-5.146234059548270068e+01
-4.961954514405470462e+01
-4.782111487804210270e+01
-4.607845970122038182e+01
-4.441332779484310578e+01
-4.282247238143941814e+01
-4.130691763993622345e+01
-3.985726427559284701e+01
-3.920556032581880146e+01
-3.856271978757748542e+01
-3.792509568966257660e+01
-3.729378712731660528e+01
-3.666687581649186001e+01
-3.604547848029773860e+01
-3.542777736049190196e+01
-3.481709582184605267e+01
-3.420794774611167810e+01
-3.269229885943189373e+01
-3.118814152298875442e+01
-2.969430701215945589e+01
-2.821036041143412731e+01
-2.673868867660687698e+01
-2.527309530856975428e+01
-2.381996358361421429e+01
-2.237687738738580379e+01
-2.094276669621361364e+01
-2.118402464008632080e+01
-2.143507723106471019e+01
-2.169583794771985907e+01
-2.196622479676069872e+01
-2.224946057845748726e+01
-2.254047877419402823e+01
-2.284447467285782807e+01
-2.315945005620411479e+01
-2.348539762077415460e+01
-2.599124704060382740e+01
-2.855193786414573154e+01
-3.116449962048502442e+01
-3.383948204593398401e+01
-3.659689739937523001e+01
-3.944142036226349290e+01
-4.237846345990944030e+01
-4.540796134767025194e+01
-5.008138149187234944e+01
-5.033878904108070174e+01
-5.061509086939871338e+01
-5.026597634495252720e+01
-5.086178380563344348e+01
-5.147052761131632792e+01
-5.209082194523784182e+01
-5.272169764392937452e+01
-5.336422904582685334e+01
-5.401860149539290745e+01
-5.176472972666373806e+01
-4.969452454532124364e+01
-4.775125338886211779e+01
-4.591146847853305957e+01
-4.416890549604463700e+01
-4.251944956818152832e+01
-4.096127553997778392e+01
-3.949196922845828084e+01
-3.812798774222969200e+01
-3.704495361128468289e+01
-3.598419176270364517e+01
-3.494450444484381535e+01
-3.392346089633586104e+01
-3.292018916186016497e+01
-3.193231354115043885e+01
-3.095611663783462930e+01
-2.999489795286228855e+01
-2.904202200225766006e+01
-2.936241343820366723e+01
-2.968286987548206568e+01
-3.000151981383352506e+01
-3.032172278384060249e+01
-3.064148427740131453e+01
-3.096173056739975493e+01
-3.128209077787568404e+01
-3.160267575392381900e+01
-3.192160905744347943e+01
-3.285816502914314441e+01
-3.379457951421406392e+01
-3.472778288002169944e+01
-3.566366765186251087e+01
-3.659617009457899428e+01
-3.752989812632354472e+01
-3.846204040731648632e+01
-3.939361426027605972e+01
-4.032315842647302873e+01
-4.099041163681595634e+01
-4.165785801956670298e+01
-4.232623959674561576e+01
-4.299137503428834606e+01
-4.365726525971697214e+01
-4.432330261720031217e+01
-4.498864945983176256e+01
-4.565396514687851948e+01
-4.631679480234985391e+01
-4.672643787716563679e+01
-4.714042005045414641e+01
-4.755937389236606805e+01
-4.798157896727951055e+01
-4.840693335919121409e+01
-4.883855140199229083e+01
-4.927301027782977627e+01
-4.971194086095908915e+01
-5.015595267158600734e+01
-5.106244883049016181e+01
-5.197929890597228564e+01
-5.290908304702050202e+01
-5.385178675389737180e+01
-5.480735886363957121e+01
-5.577378598356180817e+01
-5.675285848068023142e+01
-5.774607214330414706e+01
-5.877844096659277540e+01
-5.946382574089907536e+01
-6.018051349496630564e+01
-6.093900271273552249e+01
-6.172063369289561763e+01
-6.253324125539700162e+01
-6.339319761187592661e+01
-6.349907838710423391e+01
-6.418091601170615945e+01
-6.486403052714679518e+01
-6.462277128006869020e+01
-6.439404393386891456e+01
-6.417489531155912630e+01
-6.396386483817663304e+01
-6.376437407422751136e+01
-6.357299572873982640e+01
-6.338979388429504525e+01
-6.321657743983644195e+01
-6.304929192783504988e+01
-6.380744753723119800e+01
-6.461037352847844772e+01
-6.545554477799018400e+01
-6.634358038624432652e+01
-7.025988588250859834e+01
-7.167757758373846855e+01
-7.310027302593762499e+01
-7.452964429894025500e+01
-7.596517300768809378e+01
-7.948525921065001398e+01
-8.304321178492814681e+01
-8.664443529110387487e+01
-9.028245896757645994e+01
-9.395368172557633102e+01
-9.766223326717452835e+01
-1.014011105042742429e+02
-1.051700074049076505e+02
-1.089683396872407002e+02
-1.097327041409209585e+02
-1.105015841338770173e+02
-1.112743965583918282e+02
-1.120486013322665571e+02
-1.128276994991066573e+02
-1.136077407025271242e+02
-1.143921764631308378e+02
-1.151786161190411946e+02
-1.159673257581970915e+02
-1.131810781852041430e+02
-1.104839108671212102e+02
-1.078732081152590752e+02
-1.053555429246711554e+02
-1.029056700859372739e+02
-1.005120120644940727e+02
-9.816915323565807228e+01
-9.587420487021034887e+01
-9.363056849332235743e+01
-9.023039055403158670e+01
-8.691173077166244809e+01
-8.367889002339887838e+01
-8.052525573224967559e+01
-7.744791631151181832e+01
-7.443736503692468887e+01
-7.149537510114387828e+01
-6.861734413960478207e+01
-6.579428334912975629e+01
-6.278640650927535205e+01
-5.982892621658128007e+01
-5.692961783977639811e+01
-5.408921875335672524e+01
-5.130916676903526508e+01
-4.859066091057060532e+01
-4.593325542009571905e+01
-4.333971895671357544e+01
-4.080845770944829809e+01
-3.867327657542782049e+01
-3.656880046167994891e+01
-3.449254007310361914e+01
-3.244401517483382236e+01
-3.042126347583705481e+01
-2.842474948188400674e+01
-2.645440207604773519e+01
-2.450963791097086641e+01
-2.258758058919186240e+01
-2.145694603724615135e+01
-2.033280662615612400e+01
-1.921655219080372845e+01
-1.810978447930597568e+01
-1.700790466992960859e+01
-1.591853978682569171e+01
-1.483550467022922703e+01
-1.377399910595712385e+01
-1.274257389016767306e+01
-1.285059649600325393e+01
-1.295874931044353673e+01
-1.306887869174755679e+01
-1.318056249117551104e+01
-1.328988219988123198e+01
-1.340412205608061846e+01
-1.351640583853462729e+01
-1.362954337103787950e+01
-1.374411889513054597e+01
-1.463901846656976424e+01
-1.553784385243464428e+01
-1.643794774220490140e+01
-1.733977506944441060e+01
-1.824272438964276688e+01
-1.914675831797575256e+01
-2.005136035591457855e+01
-2.095717031429710886e+01
-2.186340689941490822e+01
-2.305686412984861633e+01
-2.425226095429565731e+01
-2.544810606013490073e+01
-2.664483837868209193e+01
-2.784018705668261262e+01
-2.903598688768577674e+01
-3.023310482488013307e+01
-3.143040971607639733e+01
-3.262798337645242697e+01
-3.432201592209857210e+01
-3.602099174341130094e+01
-3.772634771904466078e+01
-3.944119658498180314e+01
-4.115960065810669022e+01
-4.288925615278109404e+01
-4.462813526404539743e+01
-4.637805056213969834e+01
-4.813987282354491981e+01
-5.002888063439485933e+01
-5.198334252371751063e+01
-5.400348557652653625e+01
-5.608738676852018301e+01
-5.823381606316636550e+01
-6.044513026381435594e+01
-6.270643198692130227e+01
-6.500152661630029627e+01
-6.732727874328919881e+01
-6.760524272542050994e+01
-6.789118492600758259e+01
-6.818856532636051782e+01
-6.849628286255418175e+01
-6.881297615675374857e+01
-6.914050541468326117e+01
-6.947746982545174887e+01
-6.982281458030405474e+01
-7.017996670146887084e+01
-6.805158537035464406e+01
-6.592437285786256496e+01
-6.380322092073642892e+01
-6.168678218285006665e+01
-5.957536876777790980e+01
-5.746976260331505415e+01
-5.537057082033431499e+01
-5.327904935706467171e+01
-5.119709382309112300e+01
-4.960481239114565710e+01
-4.801439483605511072e+01
-4.642396809118432799e+01
-4.483835718094226763e+01
-4.325638152828545913e+01
-4.167713423254541283e+01
-4.010453772280728657e+01
-3.853624648746273351e+01
-3.697202000867781635e+01
-3.741639102814419715e+01
-3.799558532022798829e+01
-3.912058905648074614e+01
-4.104595833647226044e+01
-4.323900759279844408e+01
-4.570836619969159642e+01
-4.847051741134057323e+01
-5.151177575058535751e+01
-5.480276572306873106e+01
-5.763743939788938775e+01
-6.062210002549368681e+01
-6.415089384382854121e+01
-6.802925235386582870e+01
-7.205240350057903242e+01
-7.618149080894164626e+01
-8.038631372361247429e+01
-8.463550680001736737e+01
-8.892401659238612410e+01
-8.743972181189961645e+01
-8.596420847357114781e+01
-8.449127502444717663e+01
-8.302402691888154607e+01
-8.155957962460516342e+01
-8.009940340997391672e+01
-7.864872439093406342e+01
-7.719855235412997274e+01
-7.575338018021388109e+01
-7.220332662508964461e+01
-2.405398740235465382e+01
-2.323267800366410896e+01
-2.244313276413515368e+01
-2.168144210915342995e+01
-2.094242235397828722e+01
-2.022429935170099213e+01
-1.952548465098496777e+01
-1.884464115471459777e+01
-1.884158597594362305e+01
-1.884198649044327922e+01
-1.884698826596545729e+01
-1.885448267536463973e+01
-1.886675893581340446e+01
-1.888187590704171015e+01
-1.890216082862079716e+01
-1.892549945192500616e+01
-1.895420887342947935e+01
-1.915552556005637541e+01
-1.935677309790026612e+01
-1.955529434587535320e+01
-1.975342703963117685e+01
-1.994986033183996810e+01
-2.014509633307468661e+01
-2.033787425457618170e+01
-2.053048633457452254e+01
-2.072140981562059991e+01
-2.050153888948970149e+01
-2.028293299493893187e+01
-2.006607483683827198e+01
-1.985096759812893907e+01
-1.963857515281376820e+01
-1.942861528052456421e+01
-1.922122963838830856e+01
-1.901643164998461444e+01
-1.881586911243003257e+01
-1.763730061439036945e+01
-1.652280720521421387e+01
-1.556634387410784726e+01
-1.483868391389713182e+01
-1.416909633432370796e+01
-1.355037878311038746e+01
-1.297984437821692083e+01
-1.245380730665347002e+01
-1.196937509154818002e+01
-1.131596698002432078e+01
-1.068885787173197421e+01
-1.008628638278133316e+01
-9.507700570158625908e+00
-8.952829489904322813e+00
-8.422960174447988280e+00
-7.917180606207203653e+00
-7.435582940839494448e+00
-6.978621425217097496e+00
-6.832266560716894865e+00
-6.689151204701953013e+00
-6.548853975479497436e+00
-6.411272674707570118e+00
-6.277079790093043066e+00
-6.145496779422445321e+00
-6.017190495748105938e+00
-5.892057707085561979e+00
-5.770282521488860006e+00
-5.914081808784067640e+00
-6.062290189526236439e+00
-6.214314504516462279e+00
-6.371325897282642536e+00
-6.533002516898174683e+00
-6.699145563315497931e+00
-6.869686971829180422e+00
-7.045576660322495854e+00
-7.226209998851065741e+00
-7.439210174275479481e+00
-7.658706873727235909e+00
-7.885325311472134224e+00
-8.117988479390501055e+00
-8.357909616125320795e+00
-8.603891564806826153e+00
-8.857223058891770862e+00
-9.117033905600852250e+00
-9.384094259104866609e+00
-9.456404290722167261e+00
-9.528509479444000618e+00
-9.600793761594900388e+00
-9.672500638768561032e+00
-9.744397185315509802e+00
-9.816098170642602483e+00
-9.887614409643489921e+00
-9.958936114413521778e+00
-1.003007562741029624e+01
-1.005254326940436549e+01
-1.007436238352898705e+01
-1.009432928587800582e+01
-1.011331320984716164e+01
-1.013165726606993822e+01
-1.014791259858006889e+01
-1.016366153576348985e+01
-1.017855583945529219e+01
-1.019179328476863944e+01
-1.034946981059446003e+01
-1.051552764193588274e+01
-1.068903770750453752e+01
-1.086937778913074304e+01
-1.105643516707351814e+01
-1.124995982354072233e+01
-1.144894349626370023e+01
-1.165389357248698587e+01
-1.186390970791065236e+01
-1.198764383251434396e+01
-1.211256549640471825e+01
-1.223956399926607119e+01
-1.236875451694451833e+01
-1.249839395233968276e+01
-1.263054000299993440e+01
-1.276457786601767630e+01
-1.289951445580304323e+01
-1.303686380291155444e+01
-1.298950346200892447e+01
-1.294157655578375810e+01
-1.289271401122326210e+01
-1.284380364280815101e+01
-1.279390433831090057e+01
-1.274318180288415725e+01
-1.269189287914323749e+01
-1.263972472686682025e+01
-1.258752544996432299e+01
-1.301726041011435164e+01
-1.345848356340936292e+01
-1.391388112255928711e+01
-1.438829154042406344e+01
-1.488537741048356011e+01
-1.541256565312730586e+01
-1.597789226544015762e+01
-1.658816941596434802e+01
-1.724752059906430546e+01
-1.872540819114428245e+01
-2.033542773302504614e+01
-8.618980307532054042e+01
0.000000000000000000e+00
0.000000000000000000e+00
0.000000000000000000e+00
0.000000000000000000e+00
0.000000000000000000e+00
0.000000000000000000e+00
0.000000000000000000e+00
0.000000000000000000e+00
0.000000000000000000e+00
0.000000000000000000e+00
0.000000000000000000e+00
0.000000000000000000e+00
0.000000000000000000e+00
0.000000000000000000e+00
0.000000000000000000e+00
0.000000000000000000e+00
0.000000000000000000e+00
0.000000000000000000e+00
0.000000000000000000e+00
0.000000000000000000e+00
0.000000000000000000e+00
0.000000000000000000e+00
0.000000000000000000e+00
0.000000000000000000e+00
0.000000000000000000e+00
0.000000000000000000e+00
0.000000000000000000e+00
0.000000000000000000e+00
0.000000000000000000e+00
0.000000000000000000e+00
0.000000000000000000e+00
0.000000000000000000e+00
0.000000000000000000e+00
0.000000000000000000e+00
0.000000000000000000e+00
0.000000000000000000e+00
0.000000000000000000e+00
0.000000000000000000e+00
0.000000000000000000e+00
0.000000000000000000e+00
0.000000000000000000e+00
0.000000000000000000e+00
0.000000000000000000e+00
0.000000000000000000e+00
0.000000000000000000e+00
0.000000000000000000e+00
0.000000000000000000e+00
0.000000000000000000e+00
0.000000000000000000e+00
0.000000000000000000e+00
0.000000000000000000e+00
0.000000000000000000e+00
0.000000000000000000e+00
0.000000000000000000e+00
0.000000000000000000e+00
0.000000000000000000e+00
0.000000000000000000e+00
0.000000000000000000e+00
0.000000000000000000e+00
0.000000000000000000e+00
0.000000000000000000e+00
0.000000000000000000e+00
0.000000000000000000e+00
0.000000000000000000e+00
0.000000000000000000e+00
0.000000000000000000e+00
0.000000000000000000e+00
0.000000000000000000e+00
0.000000000000000000e+00
0.000000000000000000e+00
0.000000000000000000e+00
0.000000000000000000e+00
0.000000000000000000e+00
0.000000000000000000e+00
0.000000000000000000e+00
0.000000000000000000e+00
0.000000000000000000e+00
0.000000000000000000e+00
0.000000000000000000e+00
0.000000000000000000e+00
0.000000000000000000e+00
0.000000000000000000e+00
0.000000000000000000e+00
0.000000000000000000e+00
0.000000000000000000e+00
0.000000000000000000e+00
0.000000000000000000e+00
0.000000000000000000e+00
0.000000000000000000e+00
0.000000000000000000e+00
0.000000000000000000e+00
0.000000000000000000e+00
0.000000000000000000e+00
0.000000000000000000e+00
0.000000000000000000e+00
0.000000000000000000e+00
0.000000000000000000e+00
0.000000000000000000e+00
0.000000000000000000e+00
0.000000000000000000e+00
0.000000000000000000e+00
0.000000000000000000e+00
0.000000000000000000e+00
0.000000000000000000e+00
0.000000000000000000e+00
0.000000000000000000e+00
0.000000000000000000e+00
0.000000000000000000e+00
0.000000000000000000e+00
0.000000000000000000e+00
0.000000000000000000e+00
0.000000000000000000e+00
0.000000000000000000e+00
0.000000000000000000e+00
0.000000000000000000e+00
0.000000000000000000e+00
0.000000000000000000e+00
0.000000000000000000e+00
0.000000000000000000e+00
0.000000000000000000e+00
0.000000000000000000e+00
0.000000000000000000e+00
0.000000000000000000e+00
0.000000000000000000e+00
0.000000000000000000e+00
0.000000000000000000e+00
0.000000000000000000e+00
0.000000000000000000e+00
0.000000000000000000e+00
0.000000000000000000e+00
0.000000000000000000e+00
0.000000000000000000e+00
0.000000000000000000e+00
0.000000000000000000e+00
0.000000000000000000e+00
0.000000000000000000e+00
0.000000000000000000e+00
0.000000000000000000e+00
0.000000000000000000e+00
0.000000000000000000e+00
0.000000000000000000e+00
0.000000000000000000e+00
0.000000000000000000e+00
0.000000000000000000e+00
0.000000000000000000e+00
0.000000000000000000e+00
0.000000000000000000e+00
0.000000000000000000e+00
0.000000000000000000e+00
0.000000000000000000e+00
0.000000000000000000e+00
0.000000000000000000e+00
0.000000000000000000e+00
0.000000000000000000e+00
0.000000000000000000e+00
0.000000000000000000e+00
0.000000000000000000e+00
0.000000000000000000e+00
0.000000000000000000e+00
0.000000000000000000e+00
0.000000000000000000e+00
0.000000000000000000e+00
0.000000000000000000e+00
0.000000000000000000e+00
0.000000000000000000e+00
0.000000000000000000e+00
0.000000000000000000e+00
0.000000000000000000e+00
0.000000000000000000e+00
0.000000000000000000e+00
0.000000000000000000e+00
0.000000000000000000e+00
0.000000000000000000e+00
0.000000000000000000e+00
0.000000000000000000e+00
0.000000000000000000e+00
0.000000000000000000e+00
0.000000000000000000e+00
0.000000000000000000e+00
0.000000000000000000e+00
0.000000000000000000e+00
0.000000000000000000e+00
0.000000000000000000e+00
0.000000000000000000e+00
0.000000000000000000e+00
0.000000000000000000e+00
0.000000000000000000e+00
0.000000000000000000e+00
0.000000000000000000e+00
0.000000000000000000e+00
0.000000000000000000e+00
0.000000000000000000e+00
0.000000000000000000e+00
0.000000000000000000e+00
0.000000000000000000e+00
0.000000000000000000e+00
0.000000000000000000e+00
0.000000000000000000e+00
0.000000000000000000e+00
0.000000000000000000e+00
0.000000000000000000e+00
0.000000000000000000e+00
0.000000000000000000e+00
0.000000000000000000e+00
0.000000000000000000e+00
0.000000000000000000e+00
0.000000000000000000e+00
0.000000000000000000e+00
0.000000000000000000e+00
0.000000000000000000e+00
0.000000000000000000e+00
0.000000000000000000e+00
0.000000000000000000e+00
0.000000000000000000e+00
0.000000000000000000e+00
0.000000000000000000e+00
0.000000000000000000e+00
0.000000000000000000e+00
0.000000000000000000e+00
0.000000000000000000e+00
0.000000000000000000e+00
0.000000000000000000e+00
0.000000000000000000e+00
0.000000000000000000e+00
0.000000000000000000e+00
0.000000000000000000e+00
0.000000000000000000e+00
0.000000000000000000e+00
0.000000000000000000e+00
0.000000000000000000e+00
0.000000000000000000e+00
0.000000000000000000e+00
0.000000000000000000e+00
0.000000000000000000e+00
0.000000000000000000e+00
0.000000000000000000e+00
0.000000000000000000e+00
0.000000000000000000e+00
0.000000000000000000e+00
0.000000000000000000e+00
0.000000000000000000e+00
0.000000000000000000e+00
0.000000000000000000e+00
0.000000000000000000e+00
0.000000000000000000e+00
0.000000000000000000e+00
0.000000000000000000e+00
0.000000000000000000e+00
0.000000000000000000e+00
0.000000000000000000e+00
0.000000000000000000e+00
0.000000000000000000e+00
0.000000000000000000e+00
0.000000000000000000e+00
0.000000000000000000e+00
0.000000000000000000e+00
0.000000000000000000e+00
0.000000000000000000e+00
0.000000000000000000e+00
0.000000000000000000e+00
0.000000000000000000e+00
0.000000000000000000e+00
0.000000000000000000e+00
0.000000000000000000e+00
0.000000000000000000e+00
0.000000000000000000e+00
0.000000000000000000e+00
0.000000000000000000e+00
0.000000000000000000e+00
0.000000000000000000e+00
0.000000000000000000e+00
0.000000000000000000e+00
0.000000000000000000e+00
0.000000000000000000e+00
0.000000000000000000e+00
0.000000000000000000e+00
0.000000000000000000e+00
0.000000000000000000e+00
0.000000000000000000e+00
0.000000000000000000e+00
0.000000000000000000e+00
0.000000000000000000e+00
-1.567040561956221438e+02
-1.475807149293688383e+02
-1.388638876811477587e+02
-1.393800088293999977e+02
-1.398972601789849648e+02
-1.404125367103629287e+02
-1.409311539802866662e+02
-1.414505972675519843e+02
-1.419681058685437165e+02
-1.424844405479835814e+02
-1.429989335098094330e+02
-1.435118322475020136e+02
-1.463550028457667338e+02
-1.492093654426244314e+02
-1.520682615093158461e+02
-1.549408609414060720e+02
-1.578159042069792974e+02
-1.606982771334855329e+02
-1.635832803945427258e+02
-1.664749831714855759e+02
-1.693679743200661676e+02
-1.692382686225927557e+02
-1.691122352525985093e+02
-1.689947389874474482e+02
-1.562494663161543258e+02
-1.524624701225158674e+02
-1.487493697230251257e+02
-1.451080285845884532e+02
-1.415315376678240682e+02
-1.380180533515697334e+02
-1.364444351918801317e+02
-1.348721911646596539e+02
-1.332936940328716560e+02
-1.317196768636482886e+02
-1.301450587137669572e+02
-1.285713817542430775e+02
-1.269966402639128376e+02
-1.254269725243243556e+02
-1.238613569339751024e+02
-1.269580274950493362e+02
-1.301052202210545374e+02
-1.333141528932976314e+02
-1.366035906754903806e+02
-1.399834298405334891e+02
-1.434661520399916981e+02
-1.471082973323037493e+02
0.000000000000000000e+00
0.000000000000000000e+00
0.000000000000000000e+00
0.000000000000000000e+00
0.000000000000000000e+00
0.000000000000000000e+00
0.000000000000000000e+00
0.000000000000000000e+00
0.000000000000000000e+00
0.000000000000000000e+00
0.000000000000000000e+00
0.000000000000000000e+00
0.000000000000000000e+00
0.000000000000000000e+00
-1.232000994238978535e+02
-1.140978628013258742e+02
-1.052836137687621090e+02
-9.669552221608995524e+01
-8.835786556190453211e+01
-8.025864369594887648e+01
-7.268045238284874188e+01
-6.520590498890504705e+01
-5.783370244239597469e+01
-5.056688551829910949e+01
-4.340680469907330519e+01
-1.186482042655268998e+01
-1.122569163974560169e+01
-1.067870089490053687e+01
-1.018304379402493431e+01
-1.055042799917588248e+01
-1.094029202593612382e+01
-1.134985550770196028e+01
-1.177633891356686568e+01
-1.221790015560591591e+01
-1.267317847074315473e+01
-1.314046644784108153e+01
-1.361866108072936576e+01
-1.410600326934846827e+01
-1.470364109150893306e+01
-1.532011996846245871e+01
-1.595494176301878042e+01
-1.661417497508252339e+01
-1.731586622488112326e+01
-1.805254683988435360e+01
-1.881459580610273363e+01
-1.959780390644961301e+01
-2.039714780054801579e+01
-2.029082708891312237e+01
-2.018317159873083710e+01
-2.007392542818010384e+01
-1.996308185717759542e+01
-1.985058061343307401e+01
-1.973646929215015788e+01
-1.962066039734044764e+01
-1.950324304533469189e+01
-1.938498957607292539e+01
-1.887450987769429034e+01
-1.836289995298455935e+01
-1.785167484737634425e+01
-1.734041363212568498e+01
-1.683120832115602283e+01
-1.632475698509997031e+01
-1.582288227849049989e+01
-1.533061584323914062e+01
-1.740256796248510796e+01
-1.705151070380750866e+01
-1.670063742197651280e+01
-1.634690616117722328e+01
-1.598996321569848256e+01
-1.563422993498346081e+01
-1.527501326566968309e+01
-1.491304829278733024e+01
-1.455166856570514966e+01
-1.418790426995440512e+01
-1.287014568220564037e+01
-1.157965241860562422e+01
-1.004674766091798332e+01
-8.554304909389873757e+00
-8.270756348325665641e+00
-7.989798196456439960e+00
-7.710583771383465290e+00
-7.434329208959880475e+00
-7.160341054192240762e+00
-7.082130059066173544e+00
-7.008455989758993532e+00
-6.939905181196400541e+00
-6.875565512504257626e+00
-6.814709742099542389e+00
-6.757639491267375398e+00
-6.704058893654041285e+00
-6.653607466231791001e+00
-6.606002974408890616e+00
-7.029459888408268853e+00
-7.459007754792629896e+00
-7.892427648580655486e+00
-8.329117701348733860e+00
-8.767247809183192686e+00
-9.206568770603869467e+00
-9.646634874756653488e+00
-1.008656073527766850e+01
-1.052527599347063791e+01
-1.165706459182175081e+01
-1.285582415904753084e+01
-1.411402123637065564e+01
-1.542965866495654836e+01
-1.679575626253770793e+01
-1.820911750327892165e+01
-1.966309922740774141e+01
-2.115235032455432318e+01
-2.267722780932211180e+01
-2.426178675715802768e+01
-2.592384209161753006e+01
-2.767417159195700549e+01
-2.957275973914904910e+01
-4.284260357125808838e+01
-4.990548222891618479e+01
-5.746713887201585891e+01
-6.583665286560542995e+01
-7.480159661592597331e+01
-7.631565623562356393e+01
-7.784690615522180224e+01
-7.940393714390846469e+01
-8.098570540765815906e+01
-8.259235511351458570e+01
-8.422520364361494671e+01
-8.587832280447145195e+01
-8.755291245719556059e+01
-8.924608394258892474e+01
-8.839084457867002698e+01
-8.810727595716986116e+01
-8.788385052444148471e+01
-8.770813492894370711e+01
-8.756803532266776813e+01
-8.746553454475754563e+01
-8.739425042735918225e+01
-8.735299121872316164e+01
-8.733960307292068137e+01
-8.794778065130221023e+01
-8.856496975089574164e+01
-8.919298821828468249e+01
-8.983018997664657945e+01
-9.047640130392639435e+01
-9.113164736085037987e+01
-9.179789843424440221e+01
-9.247144161743396751e+01
-9.315421682852016261e+01
-9.277913955415863256e+01
-9.241290390048676784e+01
-9.205982793131066444e+01
-9.171267990735711351e+01
-9.137712048194474335e+01
-9.105089609347675150e+01
-9.073541308212728040e+01
-9.042977613553638605e+01
-9.013215422367761676e+01
-8.938740383880821128e+01
-8.864936850682849467e+01
-8.791919467250455966e+01
-8.719797325728043802e+01
-8.648175636938516675e+01
-8.577704986330473957e+01
-8.507797936090034341e+01
-8.438756611792122442e+01
-8.370497301416379798e+01
-8.401998503004347185e+01
-8.434703615631332241e+01
-8.467995968306223631e+01
-8.502134145754625649e+01
-8.537041231892918347e+01
-8.572855750665124219e+01
-8.609703871458061997e+01
-8.647244356468084447e+01
-8.685655168503197388e+01
-8.634080714810728807e+01
-8.582855404745222927e+01
-8.532423542198351640e+01
-8.482745080745836219e+01
-8.433741948794255450e+01
-8.385542780351248382e+01
-8.338074215827138858e+01
-8.291750591243680901e+01
-8.246179523477844953e+01
-8.071660100012887540e+01
-7.896899609404755438e+01
-7.722382981625102616e+01
-7.547877154720382009e+01
-7.373445706444599068e+01
-7.198746198609526914e+01
-7.024274172966947560e+01
-6.849797549021685938e+01
-6.675366453533352740e+01
-6.655321095168747547e+01
-6.635607194883748150e+01
-6.616582576847970643e+01
-6.597715996258865800e+01
-6.579375160653309251e+01
-6.561436307018664138e+01
-6.544048448619203384e+01
-6.526705257395163073e+01
-6.509960979145240856e+01
-6.612972718952717344e+01
-6.716573738717819708e+01
-6.820548565175624844e+01
-6.924793216728330947e+01
-7.029897627785325653e+01
-7.134983866475513992e+01
-7.240844307180998385e+01
-7.346974322854696027e+01
-7.453571953606048339e+01
-7.443420693105765906e+01
-7.435984006746788566e+01
-7.431722133291019361e+01
-7.430265285605067049e+01
-7.431800855806478978e+01
-7.437815715713452391e+01
-7.447878496180659624e+01
-7.461454951620854104e+01
-7.478794778704239832e+01
-7.323950132633937926e+01
-7.180257527121794681e+01
-7.043688859110645240e+01
-6.911626385152101193e+01
-6.784422632424401911e+01
-6.661598316453810753e+01
-6.543507369315557298e+01
-6.429888388822871548e+01
-6.320909778524636380e+01
-6.129797998231236278e+01
-5.942229118546935496e+01
-5.758578607470094823e+01
-5.578588209890060767e+01
-5.403936620296938287e+01
-5.237123146627573078e+01
-5.077851478474819658e+01
-4.925695449220386735e+01
-4.780543436858958728e+01
-4.700706192129464256e+01
-4.621583113174438751e+01
-4.543094215032005678e+01
-4.465374262781321590e+01
-4.388084379306584282e+01
-4.311274748688797587e+01
-4.234971728855241224e+01
-4.159156923473980783e+01
-4.083637018703847588e+01
-4.110506368571419245e+01
-4.137598870476062984e+01
-4.165086896583382980e+01
-4.192817202463336201e+01
-4.221043567594220747e+01
-4.249336197313641605e+01
-4.278068000678950256e+01
-4.306851725687172205e+01
-4.336102667548038170e+01
-4.406246886437352828e+01
-4.477028013024936115e+01
-4.548007673145416163e+01
-4.619571164848456135e+01
-4.691340200930034854e+01
-4.763599152836613371e+01
-4.836091691681798466e+01
-4.908864548577362541e+01
-4.981960156907161519e+01
-5.022669821650993072e+01
-5.063282229836936921e+01
-5.104190760519214365e+01
-5.145086958643307895e+01
-5.186099954169478110e+01
-5.227153821056363370e+01
-5.268496458964722962e+01
-5.309700266924842538e+01
-5.351161441927900597e+01
-5.447257247815421977e+01
-5.542856121057982222e+01
-5.638050675768120357e+01
-5.732801180104907957e+01
-5.827110055723312598e+01
-5.920988364338470689e+01
-6.014443146296514442e+01
-6.107426286403492810e+01
-6.199919896785254991e+01
-6.521118457106041433e+01
-6.840124332645999061e+01
-7.156247533683364281e+01
-7.470552494200987326e+01
-7.782974936262252186e+01
-8.093176524332328370e+01
-8.401306643482436698e+01
-8.707395563916243475e+01
-9.011351556008661134e+01
-9.214770086994677456e+01
-9.416072402453671941e+01
-9.615416583809947326e+01
-9.812778012932334093e+01
-1.000783043503278122e+02
-1.020107124337802134e+02
-1.039269984139941272e+02
-6.385943178386234109e+01
-6.351681742816347764e+01
-6.039832133948829807e+01
-5.735623311759010079e+01
-5.438357497310305888e+01
-5.146761568266709475e+01
-4.862120361062413565e+01
-4.584483612137553621e+01
-4.313877162229084661e+01
-4.050259583621584625e+01
-3.793631204655220301e+01
-3.536255365853889288e+01
-3.283462408554824918e+01
-3.035809951481853730e+01
-2.793606250356829790e+01
-2.557398917546667150e+01
-2.327701221037973411e+01
-2.103993874822280219e+01
-1.884845000329375608e+01
-1.670020640662486855e+01
-1.581911450436226474e+01
-1.494176192413670456e+01
-1.406778785641305340e+01
-1.319799934156373489e+01
-1.233396879446588557e+01
-1.147415610421212584e+01
-1.062070399149155087e+01
-9.773405639820150981e+00
-8.933615872359238708e+00
-9.478816599948086008e+00
-1.003216060519079633e+01
-1.059381581274342565e+01
-1.116389096379168322e+01
-1.618506000671271039e+01
-1.679664419551114563e+01
-1.740940876456645370e+01
-1.802372102563597167e+01
-1.863857263034016398e+01
-3.057376352192036961e+01
-3.139538960709944604e+01
-3.222048401113250549e+01
-3.304812135682980312e+01
-3.388027424288171119e+01
-3.471565441274143637e+01
-3.555628127574974684e+01
-3.640214415965718331e+01
-3.725180517304750083e+01
-3.977491238933997408e+01
-4.234331506624390329e+01
-4.496090569488239197e+01
-4.763063714312781372e+01
-5.035264048521248270e+01
-5.312956917700514481e+01
-5.596272006290455181e+01
-5.885471902750953888e+01
-6.177863578294358859e+01
-6.539751278777120547e+01
-6.902388135935338198e+01
-7.265831415285647665e+01
-7.630088354093749103e+01
-7.994978814712652593e+01
-8.360626662410079746e+01
-8.727057520921087530e+01
-9.094059324199415073e+01
-9.461804096609358794e+01
-9.561120765769889829e+01
-9.660446835363102025e+01
-9.759707760887529560e+01
-9.858729556874210687e+01
-9.957795443011814029e+01
-1.005670270435012412e+02
-1.015562414763102055e+02
-1.025438679583561878e+02
-1.035302476061509509e+02
-9.957923016853170850e+01
-9.568170751214472602e+01
-9.184405784806843087e+01
-8.806317442268459672e+01
-8.434208685508842507e+01
-8.068202643068256918e+01
-7.708491383490394355e+01
-7.354789033018339239e+01
-7.007875490365668725e+01
-6.585082503298772849e+01
-6.178152001458053633e+01
-5.786444545290515151e+01
-5.408798760314071075e+01
-5.044686857052366236e+01
-4.692776195933335259e+01
-4.352079903042213971e+01
-4.022340780671523675e+01
-3.703360723742618887e+01
-3.542091930131959998e+01
-3.384762886262917192e+01
-3.231290279371610552e+01
-3.081815143300434912e+01
-2.936460563229321963e+01
-2.795319661525687494e+01
-2.658414869253040891e+01
-2.525882527221302354e+01
-2.397745731295397675e+01
-2.302457374303858728e+01
-2.211551377569850629e+01
-2.125014325543365956e+01
-2.042900875949744588e+01
-1.965174994203633219e+01
-1.891526231497106636e+01
-1.821656533114938270e+01
-1.755441834618823904e+01
-1.692606817096389804e+01
-1.627646131024432208e+01
-1.566137411649317102e+01
-1.507962739155482090e+01
-1.452958114813074175e+01
-1.400947680540202533e+01
-1.351826256961776629e+01
-1.305398931231082393e+01
-1.261646252645499189e+01
-1.220367057106405007e+01
-1.206974733008302536e+01
-1.194042778218013545e+01
-1.181522377957585768e+01
-1.169456277198506911e+01
-1.157713492836379210e+01
-1.146340882202455624e+01
-1.135292109523572179e+01
-1.124536387472387311e+01
-1.114029768626518901e+01
-1.136701670663491015e+01
-1.159329641690556301e+01
-1.181962714170777673e+01
-1.204602068513628765e+01
-1.227175868277569215e+01
-1.249807612077179897e+01
-1.272397352583229946e+01
-1.294975170195923475e+01
-1.317619092030135164e+01
-1.351983357642522776e+01
-1.387441197845412866e+01
-1.424039960261641546e+01
-1.461787739819775567e+01
-1.500735541692255914e+01
-1.540933198240568025e+01
-1.582687922609882314e+01
-1.626012292666799297e+01
-1.670827387688333587e+01
-1.684480793201648297e+01
-1.698423298920136659e+01
-1.712514779539942111e+01
-1.726993986088436017e+01
-1.741721713890993328e+01
-1.756753171713505068e+01
-1.772024645513706176e+01
-1.787744638816285203e+01
-1.803772883614241707e+01
-1.791144035888440911e+01
-1.777433704047529872e+01
-1.762787230446945230e+01
-1.747096434760737438e+01
-1.730338376956694546e+01
-1.712608766261737259e+01
-1.693888031988246823e+01
-1.674099249808191558e+01
-1.653355579873349512e+01
-1.649644156214235124e+01
-1.645485280216275115e+01
-1.640911199044267121e+01
-1.635893247200951706e+01
-1.630342934553117118e+01
-1.624391284028032345e+01
-1.617984614687500411e+01
-1.611032671420131734e+01
-1.603607273127509814e+01
-1.611485129140860550e+01
-1.619453367833327562e+01
-1.627463154947971802e+01
-1.635611777092772812e+01
-1.643749025687352372e+01
-1.652028473226615191e+01
-1.660360586242499892e+01
-1.668783327521154547e+01
-1.677250206397125609e+01
-1.678858771170914821e+01
-1.680000969874695116e+01
-1.680810203077563969e+01
-1.681105619932089112e+01
-1.681077410605568190e+01
-1.680529565607154652e+01
-1.679650180995161790e+01
-1.678292456476395245e+01
-1.676553739232414841e+01
-1.711985146620193277e+01
-1.747811857129009283e+01
-1.784118575871419665e+01
-1.820867024635749232e+01
-1.858192083894746816e+01
-1.896077884412790482e+01
-1.934702149532626336e+01
-1.973978969535876971e+01
-2.014094695008242297e+01
-2.164528373155512142e+01
-2.324744246255493962e+01
-2.495072596418809141e+01
-2.675723072030461935e+01
-2.866456933902959392e+01
-3.067289040487750995e+01
-3.277936598870889640e+01
-3.498306985870000574e+01
-3.728266202327269951e+01
