          0.0000
          0.0000
          0.0000
          0.0000
          0.0000
          0.0000
         -7.9468
          0.0000
          0.0000
          0.0000
          0.0000
          0.0000
          0.0000
          0.0000
         -5.0699
          0.0000
          0.0000
          0.0000
          2.1350
         11.8685
         11.8579
          0.0000
          0.0000
          0.0000
          0.0000
          0.0000
          0.0000
          0.0000
         13.0608
          1.7361
         -1.6254
          0.0000
          0.0000
          1.2419
          1.4793
         20.5306
         22.5530
         21.5718
         65.4637
          0.0000
          0.0000
          0.0000
          0.0000
         22.4168
          5.2335
         -1.7059
         -1.1872
          0.0000
          0.0000
          0.0000
          0.7141
         18.9091
         39.3085
         94.4510
        135.1948
         22.0845
          0.0000
          0.0000
          0.0000
          0.0000
          8.4156
          6.5768
         67.9991
         76.0078
         27.6487
          5.4387
          6.6002
          0.0000
          0.0000
          0.0000
          0.0000
         17.9240
          7.4691
         -3.2747
         10.2792
         62.8804
         36.3219
          2.1974
         36.4561
        106.0643
        108.6062
        117.8040
         81.3188
         23.7800
          0.0000
          0.0000
          0.0000
          0.0000
          0.0000
          0.0000
          0.0000
          0.0000
          0.0000
          0.0000
         53.5695
         84.1390
         36.9454
         72.3817
        121.1355
        100.2977
         52.5163
         -0.2118
         -1.7261
          0.0000
          0.0000
          0.0000
          0.0000
          0.0000
          0.0000
          0.0000
         20.2052
         23.5057
         47.3984
          1.4633
         -1.3045
          0.0000
          3.9439
          4.4971
         16.1186
         23.3704
          0.0000
          0.0000
          0.0000
          0.0000
          6.0606
          0.0000
          0.0000
          0.0000
          0.0000
          0.0000
          5.3399
          0.0000
          6.3309
         52.4758
         10.1302
          0.0000
          0.0000
          0.0000
          2.4495
         13.8506
         15.6836
        139.7714
          0.0000
          0.0000
          0.0000
         25.1141
         23.9280
         24.6652
         34.7849
         94.7900
          1.6258
         -0.0785
         10.5754
         45.5960
         43.5446
          0.0000
          0.0000
          0.0000
          0.0000
          0.0000
          4.3741
         21.2374
          0.0000
          0.0000
          0.0000
          0.0000
         -1.8236
          0.0000
          0.0000
          0.0000
          0.0000
          0.0000
          7.1256
          3.4166
          0.0000
          0.0000
          0.0000
          0.0000
          0.0000
          9.8987
         11.8107
          0.0000
          0.0000
          0.0000
          0.0000
          0.0000
          2.6284
         15.1377
          7.2063
          0.0000
          0.0000
          0.0000
         16.4778
         12.7276
         24.0832
          8.5434
          9.8908
         14.8841
         67.1773
         59.8512
         83.1191
         93.7434
         66.3502
         74.9151
         -7.6746
          0.0000
          0.0000
         65.4103
         29.1225
          8.3647
          8.6149
         -4.7700
         -2.4013
         -2.2692
        103.3439
        122.6281
         21.6661
          7.0921
         31.1500
         35.5297
         27.0341
          0.0000
         44.5182
         77.1797
          4.3788
         13.9623
          0.0654
         -0.0937
         -0.0985
          0.0000
          0.0000
          0.0000
          0.0000
          0.0000
          0.0000
          0.0000
          0.0000
          0.0000
          0.0000
          0.0000
          0.0000
          0.0000
          0.7568
          0.9783
         10.2041
         20.0268
         96.1579
         20.9944
          0.0000
          0.0000
          5.7964
          5.8882
          7.7352
          0.0000
         37.0371
          0.0000
          0.0000
          0.0000
          0.0000
          2.6360
         36.5443
         -0.4236
          0.0000
          0.0000
          0.0000
          0.0000
          0.0000
          0.5890
          8.2049
          2.6916
          0.0000
         51.6759
        122.1468
         81.5018
         32.9874
          0.0000
          0.0000
          0.0000
         -6.2914
         97.6656
         28.9944
          2.2599
         -4.8473
          0.6414
        -12.7994
          0.0000
          0.0000
        171.4140
          0.0000
         18.1436
          4.2869
          0.0000
          1.3046
          0.0000
         36.8829
         18.8203
          5.2038
         -1.9415
          7.7052
          7.3851
         -0.8584
        193.3498
        205.5550
        100.0449
          0.0000
          0.0000
          2.3315
          5.2712
          9.5796
         13.2767
          3.6172
          0.0000
          0.0000
          0.0000
          3.7377
          0.0000
          3.3855
          0.0048
         -0.9324
         -0.0949
         15.8757
         20.7759
         22.0774
         35.1259
         41.4442
         17.5384
         80.3413
         57.9094
         31.6612
          4.8514
         16.5071
        134.5509
        167.7777
         34.2272
         -3.9566
          0.0000
          0.0000
          0.0000
         19.0019
         84.7722
         75.0901
          0.0000
         -2.6259
          0.0000
         18.8819
         11.9609
          1.1820
         -3.4599
        -18.7238
        -29.8893
         13.0234
         33.2233
          3.3576
         31.2030
        102.0972
         94.1668
         32.3975
         23.7689
          0.0000
         18.0229
         36.3996
         25.2204
         12.6520
         16.8718
         17.2005
         27.9224
        125.8668
         67.7088
         -2.4599
          0.0000
          0.0000
          0.0000
          4.3321
          0.0000
         52.6723
         94.5167
         43.6908
         -0.6269
          9.9825
          5.9113
         -0.5992
         -7.0039
        124.6328
        169.6659
         21.5423
          0.0000
          0.0000
          2.0543
         34.5514
          2.9493
         38.1830
         29.1079
          0.0000
          0.0000
          0.0000
          0.0000
          0.0000
          0.0000
          2.0413
          0.2658
          3.4574
          0.0000
          3.2018
         19.9683
         26.7253
          9.0271
          0.0000
          0.0000
          5.8834
         30.3181
         85.5513
        150.6609
         74.0488
          0.0000
          0.0000
          0.0000
          0.0000
          0.0000
          0.0000
         17.4717
         19.7708
         76.8626
         26.4508
          0.0000
          0.0000
          0.0000
         11.0287
         20.3149
         24.1022
         97.1807
          0.0000
          0.0000
          0.0000
          2.1274
         14.0324
         11.9137
         16.9327
         73.3700
          0.0000
          0.0000
          0.0000
          0.9934
          9.0332
         11.9469
         12.3678
          5.0001
        127.3721
          0.0000
          0.0000
          0.0000
         46.9420
         43.9114
         80.7795
        180.6177
         89.3870
          9.5282
          0.0000
          0.0000
          0.0000
          0.0000
          0.0000
          0.0000
          2.1176
          0.0000
          0.0000
          0.0000
          0.0000
          0.0000
          8.1999
          0.0000
         21.1087
         28.6675
          0.0000
          0.0000
         17.0783
         40.4229
         28.6683
         20.5892
         42.2664
         58.1448
        198.9550
        205.0301
        161.6295
         97.7493
         50.3037
          0.0000
          0.0000
          0.0000
          0.0000
          0.0000
          0.0000
          0.0000
          0.0000
          0.0000
          9.8290
          5.9301
         11.5942
         19.2212
         15.1925
         11.5309
         49.9732
         58.5315
         10.4039
         34.9948
          0.0000
          5.6578
         35.4819
         68.3608
          0.0000
          0.0000
         64.6953
         31.9127
          0.0000
          0.0000
          0.0000
          0.0000
          7.1195
          1.2876
         -1.6079
          0.0000
          0.0000
          0.0000
          0.0000
          0.0000
          3.8696
          9.1304
         80.1158
        156.5476
        168.5606
        163.3018
        134.4646
        160.2191
        177.2712
          5.0821
          0.0000
          0.0000
          0.0000
          0.0000
          0.0000
          0.0000
          0.0000
          0.0000
         -1.1438
         -3.6608
         -0.5562
          0.0000
          0.0000
          0.0000
          0.0000
          0.0000
          0.0000
         59.1472
          9.5106
        -20.3289
          6.0876
         16.7114
          6.8824
        106.1854
        197.3474
        133.0723
        144.0278
        142.2154
        159.6224
        138.2446
         95.4870
         27.3596
          0.0000
          0.0000
          0.0000
          0.0000
          0.0000
          0.0000
          0.0000
          2.5586
         52.5778
         25.5464
        -18.2005
          0.0000
          0.0000
          0.0000
         20.1202
         88.0498
         43.1479
          1.8784
          2.2661
          0.0000
          0.0000
          0.0000
          0.0000
          0.0000
          0.0000
          0.0000
          0.0000
          0.0000
          0.0000
          0.0000
          0.0000
          0.0000
         -0.3470
          0.0000
          0.0000
          0.0000
          0.0000
          0.0000
          2.3044
          0.0000
          0.0000
          0.0000
          0.0000
         24.1042
         12.6084
         20.1461
          0.0000
          0.0000
          0.0000
          0.0000
          0.0000
         19.3779
         51.6660
        118.6759
        122.2726
        116.2203
          0.0000
          0.0000
          3.7316
          5.1448
         13.0516
        119.5810
        115.1133
          1.1953
          0.0000
          0.0000
          0.0000
         12.5153
         19.6436
        119.6412
        112.6786
          0.0000
          0.0000
          0.0000
          8.8649
         33.8151
         22.9508
         30.0995
         -9.9980
         53.0328
         16.1857
         23.7510
         30.4785
         13.9284
         19.7140
         69.7438
         29.1580
          0.0000
          2.2180
         81.2442
         37.9732
         10.3847
          8.4921
         38.7000
         95.0248
         56.2199
          9.8671
          0.0000
          0.0000
          0.0000
          0.0000
          0.0000
          0.0000
          0.0000
          0.0000
          0.0000
          0.0000
          0.0000
          0.0000
          0.0000
          7.5112
          3.9404
         20.4438
         34.0737
         23.2956
         38.0558
         30.4236
         40.2681
        105.0679
         97.8634
          0.0000
         84.8133
        100.1215
        146.8324
         39.7105
          0.0000
          0.0000
          0.0000
          0.0000
          0.0000
          0.0000
          0.0000
          0.0000
          0.0000
          0.0000
          0.0000
         17.7584
         15.2590
        -15.1317
         -0.7354
          0.0000
          0.0000
          5.4142
          0.0000
         -3.4802
         -1.5098
          3.2470
         36.5071
         77.4698
          0.0000
          0.0000
          0.0000
         12.7967
         -1.6407
         16.2529
         15.3340
         27.0515
         63.8860
        115.1257
        225.3712
         55.4528
          0.0000
          0.0000
          0.0000
          0.0000
          0.0000
          0.0000
          0.0000
         89.2288
         73.7211
          0.0000
          0.0000
          0.0000
          0.0000
          0.0000
          0.0000
         -0.7250
          0.0000
          0.0000
          0.0000
          0.0000
          0.0000
          9.7170
         -3.8128
         33.2544
          6.4225
         -1.5740
          0.0000
          0.0000
          0.0000
          6.7431
          4.8390
         36.6935
         82.3831
         56.0425
        -21.8833
         -4.8659
          0.0000
          1.9981
          0.0000
          0.0000
          0.0000
          3.8767
          0.0000
          0.2729
         10.6761
          4.6015
          0.0000
          0.0000
          0.0000
          2.9684
         54.6016
          4.7679
         -3.1753
         16.0145
          2.3047
          1.1736
          2.9597
          8.5903
          0.6818
         -0.4778
         27.6755
         28.3843
         64.2927
         10.6665
          5.2536
         24.3309
         69.7963
         21.3948
          0.0000
          0.0000
          3.8760
         21.3294
          0.2887
          1.4710
          0.0000
          0.0000
          0.0000
          0.0000
          0.0000
         -1.7057
         -0.3314
          6.3108
          7.6773
          4.6038
          0.0000
          0.0000
          0.0000
          0.0000
          2.7416
         15.9923
        111.0216
        145.7055
         44.0643
          0.0000
          0.0000
          0.0000
          0.0000
          8.1598
         -6.0773
        132.2119
        112.6558
         36.5698
         93.3690
        197.3445
        122.8737
          0.0000
          0.0000
          0.0000
          0.0000
          0.0000
          0.0000
         -3.8285
         -1.9762
          5.4502
         13.0175
          5.6439
          3.1982
          0.0000
          0.0000
          0.0000
          0.0000
          0.0000
         10.4124
         19.4260
          6.7514
         45.3397
        152.3665
        112.3435
          0.0000
          0.0000
          0.0000
          0.0000
          0.0000
          0.0000
          0.0000
          0.0000
          0.0000
          0.0000
          0.0000
          7.0148
          8.3497
         34.5962
         -0.1133
         14.3073
         20.0167
         -1.2831
         -7.0320
          5.3067
          1.5123
          4.7983
         36.8972
          0.0000
          0.0000
          0.0000
         66.2561
         87.4964
         75.3370
         10.8201
          0.0000
         32.4582
          0.0000
          0.0000
          0.0000
          0.0000
          0.0000
          4.4574
         17.0789
         58.7694
         11.6280
         27.6748
         55.0677
         16.4498
          0.0000
         14.6200
         54.5702
        144.7831
         22.5457
          0.0000
          0.0000
          0.0000
          0.0000
         11.7429
          0.0000
         19.1247
          0.0000
          1.2652
         26.1049
         51.7402
         16.5466
         15.3409
         21.7240
        142.6397
        139.3487
          2.9740
         19.6282
          8.0939
          5.5570
          1.0516
          0.0000
         29.6615
         22.9009
          0.0000
          0.0000
         10.9304
         10.3269
         -6.7559
         52.8164
        103.2151
          0.0000
          0.0000
          0.0000
          0.0000
          0.0000
          2.5016
          0.0000
          0.0000
          0.0000
          0.0000
          0.0000
          0.0000
          0.0000
          1.3590
          0.0000
          0.0000
          0.0000
          0.0000
          0.0000
          8.8539
         33.8463
         26.5032
          5.6140
         12.9276
         70.3150
         74.0195
         42.2177
         45.3786
         70.1586
         62.9154
         26.2997
         -4.2632
          0.0000
          0.9125
          3.9552
          5.6364
          0.0000
          0.0000
          0.0000
          0.0000
          0.0000
          1.8374
          9.5325
         12.7261
          8.5131
          1.1181
          0.0000
          0.0000
         20.9652
          8.6785
         29.6457
        141.5740
        149.8865
        125.3984
        141.3925
         64.5393
          4.1469
         -3.8434
          0.0000
          0.0000
          0.0000
          0.0000
          0.0000
         -3.6681
         16.1309
         67.8967
         40.0017
          0.0000
          0.0000
          0.0000
          0.0000
          0.0000
          0.0000
          0.0000
          0.0000
          0.0000
          0.0000
          0.0000
          0.0000
         -2.2675
         -0.3615
          4.7998
          0.0000
          0.0000
          0.0000
          0.0000
          0.0000
          0.0000
          0.0000
          7.7811
         25.6828
         49.5331
         84.5379
        140.8420
        200.5512
        139.3877
         70.3350
          0.0000
          0.0000
          0.0000
          0.0000
          2.2033
          0.3838
         -1.8195
         20.7465
         26.5151
         27.0015
         41.6866
         62.9838
         60.1935
         58.3757
        118.9442
         69.9272
          0.0000
          0.0000
          0.0000
          0.0000
          0.0000
          0.0000
          0.0000
          0.0000
          4.1341
          0.0000
          0.0000
          8.2305
         16.0210
         15.6845
         36.5980
         58.3097
         32.3629
         -9.4898
          0.0000
          0.0000
          0.9645
          0.0000
          0.0000
          0.0000
          0.0000
          0.0000
          0.0000
          3.0201
          9.1905
          0.0000
          0.0000
          0.0000
          3.8956
         16.2489
         19.4517
         17.9601
         -2.7041
        131.1089
         91.7362
          0.0000
          0.0000
          0.0000
          0.1459
          0.0000
          0.0000
          0.0000
          6.2508
          1.8245
          0.0000
          0.0000
          0.0000
          0.0000
          0.0000
          0.0000
         -0.6123
          0.0000
          0.0000
          0.0000
          5.4455
          8.5470
         31.2059
         46.0367
          9.9853
         -1.3883
          0.0000
          0.0000
          0.0000
          0.0000
          0.0000
          0.0000
          0.0000
          0.0000
          0.0000
          0.0000
         10.4989
          3.9587
          6.6712
          1.0818
         88.6135
         82.2390
          0.1612
        -10.0622
          0.0000
          0.0000
          8.4110
          1.7597
         35.1064
         10.2996
          9.9711
         -3.1464
         -1.6545
          0.0000
          0.0000
          0.0000
          0.0000
          0.0000
          0.0000
          0.0000
          0.0000
         76.4199
         63.1368
         54.4026
         97.9254
         11.7274
         -3.4216
          0.0000
          1.2597
          0.0000
          2.4195
          0.0000
          0.0000
          0.1030
          5.6443
          3.5242
         21.1009
         28.3101
         16.2864
         21.6211
         17.7607
         92.5943
         21.9549
         15.7486
         23.0373
         13.2845
          0.3280
          0.0000
          0.0000
          0.0000
          0.0000
          0.0000
          0.0000
          0.0000
          0.7775
          0.0000
          0.0000
          0.0000
          5.5117
         15.4973
         20.2188
         15.6583
         28.5146
         30.7395
         77.4725
         18.2404
         17.0005
         13.0417
          0.0000
          1.1508
         53.1583
         97.9877
          0.0000
          0.0000
          0.0000
          0.0000
          0.0000
          0.0000
          3.2748
          0.0000
         -3.3071
         14.3071
          0.0000
          0.0000
          0.0000
          0.0000
          0.0000
          0.0000
          0.0000
          0.0000
          0.0000
          3.3134
          8.3023
          0.0000
          0.0000
          0.0000
          0.0000
          0.0000
          0.2939
          0.9166
          0.2031
          0.0000
          0.0000
          0.0000
          0.0000
          0.0000
         10.6714
         40.6503
         38.4563
         14.2547
         10.3119
          0.0000
          0.0000
          0.0000
          0.0000
          2.2692
          8.3521
         17.1814
          4.2767
          0.0000
          0.0000
          0.0000
          0.0000
          0.0000
          0.0000
         11.2375
          6.8484
         25.5804
         71.7997
         32.6705
          0.0000
          0.0000
          0.0000
          0.0000
          4.3867
          0.0000
          0.0000
          0.0000
          0.0000
          0.0000
          0.0000
          0.0000
          0.0000
          0.0000
          0.0000
          0.0000
          0.0000
          0.0000
          0.0000
          0.0000
          0.0000
          0.0000
          0.0000
          0.0000
          5.5591
          2.2448
          0.0000
          0.0000
          0.0000
          0.0000
          0.0000
          0.0000
          0.0000
         28.5573
         24.6585
          8.3073
         62.3156
         65.3913
        136.5026
        162.5715
          0.0000
          0.0000
          0.0000
          0.0000
          0.0000
          0.0000
          0.0000
          0.0000
          0.0000
          0.0000
          0.0000
          0.0000
          0.0000
          0.0000
          0.0000
          0.0000
          0.0000
          0.0000
          0.0000
          0.0000
          0.0000
          0.0000
          0.0000
          0.0000
          0.0000
          0.0000
          1.1108
          0.0000
          0.0000
          0.2192
        -10.4227
         -6.5344
          0.0466
         13.7862
         10.0745
         -1.6643
          0.0000
         22.1696
         10.9171
          0.0000
          0.0000
          0.0000
          0.0000
          2.6791
          8.2500
          3.9492
         -0.0125
         21.0920
         16.9016
          5.3331
         24.6744
          0.7813
          0.0000
          0.0000
        128.6741
         35.1081
          0.0000
          0.0000
          0.0000
          7.7365
        100.6706
        154.6964
         26.1665
          0.0000
          0.0000
          0.0000
          2.4911
          5.9703
          8.7247
          7.8779
          8.2434
         45.3770
        132.6183
         64.9369
          5.4549
          0.0000
          0.0000
          0.0000
          0.0000
         16.4823
         17.2341
          3.0303
          4.6590
          0.0000
          0.0000
          0.0000
          0.0000
          0.0000
          0.0000
          0.0000
         16.8635
          0.0000
          0.0000
          0.0000
          0.0000
          0.0000
          0.0000
          0.0000
          0.0000
          0.0000
          0.0000
          5.8174
         12.1847
          0.1494
          0.0000
         19.4470
          6.2251
          5.9319
         13.2125
          8.0606
          0.0000
          0.0000
          3.7412
          6.2486
          4.9980
         10.5198
         63.7394
         54.1937
         45.4161
          0.0000
          0.0000
          0.6160
          0.0000
          0.0000
          3.1764
          0.0000
          1.0592
          8.0697
         22.6399
         36.1224
         15.0384
         13.1170
          5.7257
        -17.7022
          4.2767
         93.1691
          5.5117
         45.4973
         22.0895
         56.2804
         69.4041
         40.3878
         -4.7775
         -0.6799
          2.9284
          0.0000
         19.8000
         62.0083
          9.9223
          1.9008
          5.7790
         -0.0224
          2.3354
          0.5054
          0.9254
          0.6082
          6.3999
          7.7728
         -1.5165
          0.0000
          0.0000
          0.0000
          0.0000
          0.0000
          2.8784
          0.0000
          0.0000
          0.0000
          6.3376
         14.9813
         43.1864
        122.3187
         84.9450
          0.0000
          0.0000
          0.0000
          0.0000
         16.5515
         18.9855
          8.2228
          4.7054
          0.0000
          0.1383
          0.0000
          0.0000
          0.0000
          0.0000
          0.0000
          0.0000
          0.0000
          0.0000
          0.0000
          0.0000
          0.0000
          0.0000
          0.0000
          2.3945
          0.0000
          0.0000
          0.0000
          0.0000
          0.7419
          1.1045
          0.0000
          0.0000
          0.0000
          0.0000
          0.0000
          2.6171
          2.4233
          2.0254
          6.2056
          5.2912
          0.0000
          0.0000
          0.0000
          0.0000
          0.0000
          0.0990
          8.3507
         31.0696
         44.6015
         36.5075
          0.0000
          0.0000
          0.0000
          7.2226
         31.0550
         42.9516
         20.4098
          0.0000
          0.0000
          0.0000
         13.1919
         18.2495
         -0.7802
          1.4737
         51.6442
         50.4575
          0.0000
         13.8759
         25.2298
         28.6909
         32.0799
         11.2909
          4.0218
         58.2254
          0.0000
          0.0000
          0.0419
          0.0000
          0.0000
          5.4868
          0.0000
          0.0000
         39.6159
          0.0000
          0.0000
          0.0000
          0.0000
          0.0000
          0.0000
          0.0000
          5.5438
         14.0159
         26.4652
         15.4100
          1.9833
         22.7542
          0.0000
          0.0000
          0.0000
          0.0000
         12.3126
         10.5783
          1.8445
          4.9787
          0.0000
          0.0000
          0.0000
          0.0000
         10.2001
          7.8838
          3.8424
          4.5883
          0.0000
          0.0000
          0.0000
          0.0000
         12.9629
          6.6333
         -3.2761
         -0.6688
          0.0000
          0.0000
          0.0000
          0.0000
          0.0000
          1.3059
          0.0000
          0.0000
          0.0000
          0.0000
          0.0000
          0.0000
          0.0000
          6.9496
          6.2058
          6.1523
          0.0000
          0.0000
          0.0000
          2.0925
         12.0140
         15.7752
         23.4232
         18.4056
          0.0000
          0.0000
          0.0000
          0.0000
         54.7709
         16.1532
          1.0000
          3.5826
          0.0000
          0.0000
          0.0000
          0.0000
          0.0000
          0.0000
          0.0000
          0.0000
          0.0000
          0.0000
          0.0000
          0.0000
          0.0000
          0.0000
          0.0000
          2.6038
          0.0000
          0.0000
          0.0000
          8.2058
         25.7508
         16.8953
         19.4352
          9.2567
          0.0000
          0.0000
          0.0000
          0.0000
          0.0000
          0.0000
          0.0000
         10.4784
          0.0000
          0.0000
          0.0000
          0.0000
          0.0000
          0.0000
          0.0000
          0.0000
         12.8825
         11.9553
          0.0000
          0.0000
          0.0000
          0.0000
          0.0000
          0.0000
         29.3425
          0.0000
          0.0000
          0.0000
          0.0000
          0.0000
          0.0000
          9.3600
          0.0000
         20.6898
          0.0000
          0.0000
          0.0000
          0.0000
          0.0000
          0.0000
          0.0000
          0.0000
          0.0000
          0.9677
          5.6760
         11.4254
          0.5439
          5.8684
         25.2338
         51.9355
          0.0000
          0.0000
          0.0000
          0.0000
          0.0000
          0.0000
          0.0000
          0.0000
          0.0000
          0.0000
          0.0000
          0.0000
          0.0000
          0.0000
          0.0000
          0.0000
          0.0000
          0.0000
          0.0000
          0.0000
          0.0000
          0.0000
          0.0000
          0.0000
          0.0000
          0.0000
          6.6773
          2.4719
          0.0000
          9.5054
          0.0000
         21.3616
         13.1084
          0.0000
          4.1167
         13.4097
         -2.2347
        -14.2649
          0.0000
          0.0000
         15.6970
         22.3915
         27.0847
         28.6169
         36.3628
         44.3579
          0.0000
          0.0000
          0.0000
          0.6652
          1.8544
          2.7341
          9.7039
          3.0169
         42.4697
         15.9314
          0.0000
          0.0000
          0.0000
          0.0000
          4.3861
         -6.1185
          0.0000
          0.0000
          0.9708
          0.0000
          0.0000
          0.0000
          0.0000
          4.6476
          4.9170
         12.5167
         12.6096
         10.0138
          5.2685
          0.9591
          0.0000
         15.1707
         47.2948
         94.5853
         14.5455
          0.0000
          0.0000
          8.9353
          2.3378
         -5.7648
          0.0000
          0.0000
          0.0000
          0.0000
          0.0000
          0.0000
          0.0000
          0.0000
          0.0000
          0.0000
          0.0000
          0.0000
          0.0000
          0.0000
          0.0000
          9.1335
          0.0000
          0.0000
          0.0000
          0.0000
         13.0629
          8.0319
          1.0137
         -9.2677
          0.0000
          0.0000
          0.0000
          0.0000
          0.0000
          0.0000
          0.0000
          7.8467
          0.7175
         25.6998
          0.0000
         13.1392
         40.2550
          0.1989
          2.8565
        150.5134
        115.1381
          0.0000
          0.0000
          0.0000
          0.0000
          0.0000
          0.0000
          0.0000
          0.0000
          0.0000
          0.0000
          0.0000
          0.0000
          0.0000
          0.0000
          0.0000
          0.0000
        -11.7812
          0.0000
          0.0000
          0.0000
          0.0000
          0.0000
          0.0000
          0.0000
          0.0000
          0.0000
          0.0000
          0.0000
          0.0000
          0.0000
          0.0000
          0.0000
          0.0000
          0.0000
          0.0000
          0.0000
          0.0000
          0.0000
          0.0000
          0.0000
          0.0000
          0.0000
          0.0000
          0.0000
          0.0000
          0.0000
          0.0000
          0.0000
          0.0000
          8.5536
         19.8364
         17.6778
          1.9129
          0.0000
          0.0000
          0.0000
          0.0000
          0.0000
          0.0000
          0.0000
          0.0000
          0.0000
          0.0000
          0.0000
          0.0000
          0.0000
          0.0000
          0.0000
          0.0000
          0.0000
          0.0000
          0.0000
          0.0000
          0.0000
          0.0000
          0.0000
          0.0000
          0.0000
          4.5584
          0.0000
          0.0000
          0.0000
          0.0000
          0.0000
          0.0000
          0.0000
          0.0000
          0.0000
          0.0000
         36.5243
          9.4565
         23.1205
         11.4042
         11.0422
          9.5061
         -0.3724
          0.0000
          0.0000
          0.0000
          3.0910
          0.8906
          0.5448
          0.8961
          2.6965
          0.0000
          0.0000
          0.0000
          0.0000
          0.0000
          7.8803
          7.3167
          0.0000
          0.0000
          0.0000
          0.0000
          0.0000
          0.0000
         11.0440
         83.0212
          0.0000
          0.0000
          0.0000
          0.0000
          0.0000
          0.0000
          0.0000
          0.0000
          0.0000
          0.0000
         26.7661
          0.0000
          0.0000
          0.0000
          0.0000
          0.0000
          0.0000
          0.0000
          0.0000
          0.0000
          0.0000
          0.0000
          0.0000
          0.0000
          0.0000
          0.0000
          0.0000
          0.0000
          0.0000
          0.0000
          0.0000
          0.0000
          0.0000
          0.0000
          0.0000
          0.0000
          0.0000
          0.0000
          0.0000
          0.0000
          0.0000
          0.0000
          0.0000
          0.0000
          0.0000
          0.0000
          0.0000
          0.0000
          0.0000
         10.1834
          0.0000
         26.9302
         39.5160
          0.5582
          0.0000
         14.9425
          0.0000
         84.9923
         25.1804
          0.0000
          0.0000
          0.0000
          9.5007
          5.7588
          0.0000
        174.1403
        101.3638
          0.0000
          0.0000
          2.1808
          2.0928
          6.0871
          0.0000
          0.0000
          0.0000
          0.0000
         10.5185
          9.6036
          0.0000
          0.0000
          0.0000
          0.0000
          0.0000
          0.0000
          0.0000
          0.0000
          0.0000
          0.0000
          0.0000
          0.0000
          0.0000
          0.0000
          0.0000
          4.8049
          4.4508
          0.0000
         31.9268
         17.0050
          0.0000
          0.0000
          0.0000
          1.8189
          1.7351
          7.0073
          0.0000
          0.0000
          0.0000
          0.0000
          0.0000
          1.5847
          0.4912
          0.0000
          0.0000
          0.0000
          0.0000
          0.0000
          0.0000
          0.0000
          0.0000
          0.0000
          0.0000
          0.0000
          0.0000
          0.0000
          0.0000
          0.0000
          0.0000
          0.0000
          0.0000
          0.0000
          0.0000
          0.0000
          0.0000
          4.8467
          2.1594
          0.3193
         18.6952
         52.6201
          0.0000
          0.0000
          0.0000
         18.3729
         58.1108
          2.9899
          0.0000
          0.0000
          0.0000
          0.0000
          0.0000
          0.0000
          0.0000
         11.4314
          5.4808
          0.0000
          0.0000
          0.0000
          0.0000
          0.0000
          0.0000
          0.6221
          0.0000
          0.0000
          0.0000
          0.0000
          0.0000
          0.0000
          0.0000
          0.0000
          0.0000
          0.0000
          0.0000
          0.0000
          0.0000
          1.3808
          0.3999
          0.0000
          0.0000
          0.0000
          0.0000
          0.0000
          1.4474
          4.1365
          6.4309
          4.6189
          0.0000
          0.0000
          0.0000
          0.0000
          0.0000
          0.1486
         13.4500
         19.4166
          0.0000
          0.0000
          0.0000
          0.0000
          0.0000
          0.0000
          0.0000
          2.1311
          0.0000
          3.4539
          8.6907
          8.8669
          0.0000
          0.0000
          0.0000
          0.0000
          0.0000
          0.0000
          0.0000
          0.0000
          0.0000
          1.3080
          0.0000
          0.0000
          0.0000
          0.0000
          0.0000
          0.0000
          0.0000
          1.8785
          0.0000
          0.0000
          0.0000
          0.0000
          0.0000
          0.0000
          0.0000
          0.0000
          0.0000
          0.0000
          0.0000
          0.0000
          0.0000
          0.0000
          0.0000
          0.0000
          0.0000
          0.0000
          0.0000
          0.0000
          0.0000
          0.0000
         17.9981
          2.8212
          0.0000
          0.0000
          0.0000
          0.0000
          0.0000
          9.5209
         30.8269
         13.9646
         44.4968
         41.3649
          0.0000
          0.0000
          0.0000
          0.0000
          0.0000
          0.0000
          0.0000
          4.9053
          0.0000
          0.0000
         21.3543
          0.0000
         20.2128
         73.5494
         39.4039
         57.2400
         64.7456
          0.0000
          0.0000
          0.0000
          0.0000
          0.0000
          0.0000
          0.0000
          0.0000
          0.0000
          0.0000
          0.0000
          0.0000
          0.0000
          0.0000
          9.5181
          6.8733
         82.9488
          0.0000
          0.0000
          0.4292
         22.1819
          8.6330
          1.9008
          0.0000
         -5.8389
         -2.0480
          0.0000
          0.0000
          0.0000
          0.0000
          0.0000
          0.0000
          0.0000
          0.0000
          0.0000
          7.8512
          3.5017
          0.0000
          1.4124
          0.0000
          0.0000
          0.0000
          0.0000
          0.0000
          0.0000
          0.0000
        170.9774
          0.0000
          0.0000
          0.0000
          0.0000
          2.5023
          6.6283
          0.0000
          0.0000
          0.0000
          0.0000
          0.0000
          0.0000
         73.0049
        146.5900
         79.4416
         13.7538
          0.0000
          0.0000
          0.0000
          0.0000
          0.0000
          0.0691
        164.3779
        156.1392
        175.7119
          0.0000
          0.0000
          0.0000
          0.0000
          0.0000
          0.0000
          0.0000
          0.0000
         37.4806
          0.0000
          0.0000
          6.5682
          0.0000
        149.7828
          0.0000
          0.0000
          0.0000
          0.0000
          0.0000
          0.0000
          7.6455
          0.5869
          0.0000
         32.3002
          0.0000
          0.0000
          0.0000
          0.0000
          0.0000
          0.0000
          0.0000
          0.0000
          0.0000
          0.0000
          0.0000
         20.9696
         20.9256
          7.5567
         29.0983
         58.0552
          0.0000
          0.0000
          0.0000
          2.6778
          0.0000
          0.0000
          0.0000
          0.0000
          0.0000
          0.0000
          0.0000
          0.0000
          0.0000
          5.6259
         18.2609
          0.0000
          0.0000
          0.0000
          0.0000
         23.0762
         22.9467
         10.0146
         21.9851
         27.4677
        195.7538
         34.4864
          0.0000
          0.0000
          0.0000
          2.1692
         12.9970
          0.0000
         23.4247
          0.0000
          0.0000
          1.6729
          7.6392
          3.9520
          7.7554
         23.4471
          6.1847
          0.0000
          0.0000
          0.0000
          0.0000
          0.0000
          0.0000
          0.0000
         60.8258
         29.0321
          0.0000
          0.0000
          0.0000
          0.0000
         18.2551
         11.5907
        104.8231
         31.9988
          0.0000
          0.0000
          0.0000
          0.0000
          0.0000
          0.0000
         -1.1900
          0.0000
          0.0000
          0.0000
          0.0000
          0.0000
          0.0000
          0.0000
          0.0000
          0.0000
          0.0000
          0.0000
          0.0000
          0.0000
          0.5096
          8.2935
          3.0678
         -3.6435
          0.0000
          0.0000
          0.0000
          0.0000
          0.0000
          2.3698
         -0.5565
         -0.6300
          7.6001
          7.6597
         10.7563
          5.9045
         10.6614
          0.0000
          0.0000
          0.0000
          0.0000
          0.0000
          0.0000
          0.0000
          0.0000
          0.0000
          0.0000
          0.0000
          0.0000
          0.0000
          0.0000
          0.0000
          0.0000
          0.0000
          0.0000
          0.0000
          3.3586
          0.0000
          0.0000
          0.0000
          0.0000
          0.0000
          0.0000
          0.0000
          0.0000
          0.0000
          0.0000
          0.0000
          0.0000
          0.0000
          0.0000
          0.0000
          0.0000
          6.9591
         17.6270
         17.9378
         11.7947
         41.4058
        164.8837
         58.7813
          2.4168
          0.0000
          0.0000
          2.5746
         14.3772
          7.5624
        105.0039
          0.0000
          0.0000
          1.2987
          9.9296
          6.5648
         13.9265
         -0.0802
          0.0000
          2.5153
          7.7662
          0.0000
          0.0000
          0.0000
          0.0000
          3.3482
         -1.8605
          0.0000
          0.0000
          0.0000
          0.0000
          0.0000
          0.0000
          0.0000
         -9.3064
          0.0000
          0.0000
         22.0710
          9.7125
         -7.7017
        203.3736
        224.7803
        243.3312
          0.0000
          0.0000
          0.0000
          0.0000
          0.0000
          0.0000
          8.4780
         -2.9162
         -1.5637
          0.0000
          0.0000
          0.0000
          0.0000
          0.0000
          0.0000
          0.0000
          0.0000
          0.0000
          0.0000
          0.0000
          0.0000
         12.6732
         54.7366
        146.7275
          7.7173
        -17.6390
         44.3396
         70.4989
         28.2357
        122.1405
        191.4311
        147.2575
          0.0000
          0.0000
          0.0000
          0.0000
          0.0000
          0.0000
          0.0000
        -11.8221
          0.0000
          0.0000
         14.2675
          4.3826
         25.5856
         88.9456
        152.1084
        113.3717
          0.0000
          0.0000
          0.0000
          0.0000
          0.0000
          0.0000
          0.0000
          0.0000
          0.0000
          0.0000
          0.0000
          0.0000
          0.0000
          1.0381
          0.0000
          0.0000
         92.7140
         47.3118
          0.0000
          0.0000
          0.0000
          0.0000
          0.0000
          0.0000
          0.0000
          0.0000
          0.0000
          0.0000
          0.0000
          6.1049
         45.6800
        138.8908
        153.2514
         45.3293
         13.0761
         12.2983
        108.6434
        133.4104
        114.7461
         58.6675
          0.0000
          0.0000
          0.0000
          0.0000
          0.0000
          0.0000
          5.0815
         20.9235
          8.0056
         21.2164
        111.6046
        145.8175
         70.2670
         13.6674
         24.4679
          0.0000
          0.0000
          0.0000
          0.0000
          0.0000
          0.0000
          0.0000
          0.0000
         -0.5305
          0.0000
          0.0000
          6.7899
          6.3986
          6.1382
         13.7348
          5.3726
          0.0000
          0.0000
          0.0000
          0.0000
          0.0000
          0.0000
          0.0000
          0.0000
          0.0000
          0.0000
          0.0000
          0.0000
          0.0000
          0.0000
          0.0000
          0.0000
         -4.5882
         -0.3440
          0.0000
          0.0000
          3.7283
         30.5471
         70.0789
        134.4721
        104.7031
         25.9237
          0.0000
          0.0000
          0.0000
          0.0000
          0.0000
          0.0000
          0.0000
          0.0000
          0.0000
          0.0000
          0.0000
          0.0000
          0.0000
          0.0000
         -8.0006
         -1.7371
          0.0000
          0.0000
          0.0000
          0.0000
          0.0000
          0.0000
         -7.8138
         -0.8334
          0.0000
          1.6618
          4.4927
          2.1532
         10.4823
         14.7868
        -12.2237
          0.0000
          0.0000
         16.8189
         10.6879
          0.0000
         11.9375
         51.0052
         36.6160
          0.0000
          0.0000
          0.0000
          0.0000
          0.0000
         13.9707
         27.8708
          7.4703
          0.0000
          2.6034
          0.0000
          0.0000
          0.0000
          0.0000
         17.4713
          3.0618
         -3.1359
         15.2717
          0.0000
          1.5503
         15.6702
         23.5159
         27.2765
         90.6400
          6.9421
          8.7037
          6.3671
          0.0000
          0.0000
         29.2946
         65.9688
         32.3186
         23.4818
         10.9613
         -5.6025
          3.9033
          7.7519
          1.1347
        111.4010
        116.6567
          0.0000
          0.0000
          1.1724
          0.0000
         23.9311
          0.0000
          0.0000
          0.0000
          0.0000
          3.9919
          2.1305
          0.0000
          0.0000
          0.0000
          0.0000
         -5.6254
         -1.1362
          0.0000
         19.6833
          9.7503
         -7.5489
         50.8597
        216.7067
         19.5744
          0.0000
          0.0000
         44.2917
         31.7110
         80.4897
         93.4162
        116.3114
          6.4116
          0.0000
          0.0000
          0.0000
          0.0000
          0.0000
          0.0000
          0.0000
          6.9558
         24.4112
          0.0000
          0.0000
         -4.8343
          0.0000
          1.0564
          0.0000
          0.0000
          0.0000
          0.0000
         20.4162
         15.7260
         -3.6674
          6.9087
        182.1318
        192.2158
          0.0000
          0.0000
          0.0000
          0.0000
          0.0000
          4.6195
          0.0000
          1.6345
         -0.1792
         34.4815
         80.6586
         32.3479
          0.0000
          0.0000
          0.0000
          0.0000
          0.0000
          0.0000
          0.0000
          0.0000
          0.0000
          0.0000
          0.0000
         23.6420
          0.0000
          0.0000
         23.8017
         26.5401
         28.3485
         -0.1698
        123.1547
         56.8733
          0.0000
          0.0000
          0.0000
         12.6266
         14.0959
         18.2580
          0.0000
          0.0000
         16.1548
          2.9589
         19.0357
         68.2858
          0.0000
          0.0000
          0.0000
         -0.8321
          0.0000
          0.0000
          0.0000
          0.0000
          0.0000
          3.9754
          6.8943
          0.0000
          0.0000
          0.6572
         14.1969
         14.1480
         15.2728
         -3.8927
         -5.1532
          0.0000
          0.0000
          0.0000
          4.5598
         14.6776
         22.6932
         21.4311
         24.5405
         42.5381
          0.0000
          0.7296
          2.7159
         12.4734
         18.5103
         34.7508
         82.1807
        116.4137
          0.0000
          0.0000
          0.0000
          1.0346
         29.0308
         19.2187
         84.2644
        115.3528
          0.0000
          0.0000
          8.2619
         -5.0198
          0.0000
          0.0000
          1.0847
          0.0000
          0.0000
          0.0000
          0.0000
          0.0000
          0.0000
          0.2352
          1.2163
          0.0000
          0.0000
          0.0000
          0.0000
          0.0000
          4.3663
         19.6883
          0.0000
          0.0000
          0.0000
          0.0000
         38.1803
         13.2973
          6.6007
         50.0928
        144.5803
          0.0000
          0.0000
          6.6455
         19.0953
          7.1640
          0.0000
          6.6530
          0.0000
          0.0000
          0.0000
          0.0000
          0.0000
          5.4746
         11.5702
         16.9711
         30.5104
         27.1151
         27.1151
          0.0000
          0.0000
          5.4150
          6.0927
         17.9346
         17.5509
         15.0409
         11.6598
          0.0000
          0.0000
          0.0000
          0.0000
          7.0351
         35.6686
         52.0410
          0.0000
         18.2059
         23.4565
          9.1172
          3.5011
          2.0900
          0.0000
          0.0000
          0.0000
          0.0000
         13.9797
         14.9799
          9.6720
         26.2614
         67.7650
         29.5376
          0.0000
          0.0000
         11.1179
         16.8205
         26.6651
         54.3185
         83.2999
          0.0000
          0.0000
          0.0000
          0.0000
         16.5709
          7.8059
         14.3633
         19.1641
         39.6718
         -1.5271
          0.0000
          0.0000
          0.0000
          0.0000
          0.0000
          0.0000
         -2.1286
          0.0000
         20.8466
         21.5306
         16.5620
         19.6597
         23.1406
         12.1138
          0.0000
          0.0000
         33.7925
         76.7432
         37.8418
         88.2409
         57.0831
         55.2191
          0.0000
          0.0000
          0.0000
          0.0000
          8.0003
         13.3196
         36.9160
         52.7793
          0.0000
          0.0000
          0.0000
          0.0000
          5.0446
         10.9450
         61.3214
        115.5107
         25.6596
          0.0000
          0.0000
          0.0000
          0.0000
          0.0000
          0.0000
          0.0000
          0.0000
          0.0000
          0.0000
          0.0000
          0.0000
          0.0000
          0.0000
          1.9823
          2.9087
          0.0000
          0.0000
          0.0000
          2.7191
          2.4308
          8.2920
         11.1254
         52.0456
          0.0000
          0.0000
          0.0000
          0.0000
          0.0000
          0.0000
          0.0000
         -1.7563
          0.0000
          0.0000
         14.7858
        -10.2887
        -10.6671
         -2.3346
          0.0000
         33.2842
         31.7543
          0.0000
          0.0000
          0.0000
          0.0000
          0.0000
          0.0000
          0.0000
         36.0271
          0.0000
          0.0000
          0.0000
          0.0000
          0.0000
          0.0000
          0.0000
         34.3998
         67.9647
         37.5080
          2.0403
          0.0000
          0.0000
          0.0000
         90.5131
         82.8450
          0.0000
          0.0000
          0.0000
          0.0000
          0.0000
          0.0000
          0.0000
         40.7804
          0.0000
          0.1567
          0.0000
          0.0000
          0.0000
          0.0000
          0.0000
          1.6060
          0.0000
          0.0000
          0.0000
          0.0000
          5.7454
          0.6211
         -0.5497
         91.6996
         97.5153
         65.9772
         19.2527
        -10.4114
         13.5290
        109.2315
         47.7059
          0.8638
          0.0000
          6.1860
         23.3811
          6.8648
         19.2632
         66.5536
         72.3539
          0.0000
          0.0000
          0.0000
          0.0000
          0.0000
         11.4267
          4.0155
         -2.2340
          0.0000
          0.0000
          0.0000
          0.0000
          0.2503
         17.1666
         14.2758
          4.0839
          0.0000
          0.0000
          0.0000
          0.0000
          0.0000
          0.0000
          0.0000
          0.8621
          0.0000
          0.0000
          0.0000
          0.0000
          0.5194
          7.8906
          7.4716
          3.2532
          0.0000
          0.0000
          6.6327
          0.0000
          0.0000
         12.2332
         16.9282
        110.9589
        120.1147
         30.7432
          9.3394
         13.9406
         18.3837
          8.0412
          0.0000
          0.0000
         44.6496
         11.9088
         16.6152
         36.6788
         43.5467
        -19.6586
         80.9887
         20.3389
          0.0000
          0.0000
          2.9066
          8.4559
         16.2298
         36.8672
        140.5387
         29.8155
          0.0000
          0.0000
          0.0000
          5.3416
         19.5312
          3.3251
         16.5312
         20.8325
          0.0000
          0.0000
          0.0000
          0.0000
          0.0000
          0.0000
          0.0000
          0.0000
          0.0000
          0.0000
          0.0000
          0.0000
          0.0000
         10.0413
         13.6869
          8.8657
          8.4619
          0.0000
          0.0000
          0.0000
          0.0000
          0.0000
          0.0000
         -0.5087
          0.0000
          0.0000
          0.0000
          0.0000
          0.0000
          0.0000
          0.0000
         -5.7719
         -0.5707
          0.0000
          0.0000
          0.0000
          0.0000
          0.0000
          0.0000
         -0.0721
          0.0000
          0.0000
          0.0000
          0.0000
          0.0000
          0.0000
          0.0000
         -4.7486
          0.0000
          0.0000
          0.0000
          0.0000
          0.0000
         18.9281
          0.0000
          0.0000
         44.8341
         81.5033
         64.2011
          0.0000
          0.0000
          0.0000
          0.0000
          0.0000
          0.0000
          0.0000
          0.0000
          0.0000
          0.0000
          9.2149
          4.4853
         13.8929
          0.0000
          0.0000
          0.1441
          9.3156
         10.2722
         17.1080
         19.7738
        119.8169
          0.0000
          0.0000
          0.0000
          0.0000
          0.0000
          0.0000
          2.8994
          1.5735
          0.1918
          9.7485
         15.0630
         12.7939
         18.3510
         23.0464
         22.8611
          3.8166
          0.0000
          0.0000
          0.0000
          0.0000
          7.0497
         23.6619
         38.1382
          0.4572
          0.0000
          7.9807
         26.7036
         18.9731
          4.2407
          0.5270
          0.0000
          0.0000
          0.0000
          0.0000
         16.0495
         11.7651
         -4.4583
         35.0676
        113.0884
         58.6426
          0.0000
          0.0000
          0.0000
          0.0000
          0.8820
         13.2010
        107.1968
          0.0000
          0.0000
          0.0000
          0.0000
          0.0000
          0.0000
          0.0000
          0.0000
          0.2738
         -0.4035
          0.0000
          0.0000
          0.0000
          0.0000
          0.0000
          0.0000
         -3.9246
          0.0000
          0.0000
          0.0000
          0.0000
          0.0000
          0.0000
          1.4739
         81.0957
         94.9846
         26.0819
         16.8220
          3.0294
         -7.5789
        -23.4750
         11.3486
        123.0606
        157.4795
        103.4020
          0.0000
          0.0000
          0.0000
          0.0000
          0.0000
          0.0000
          0.0000
          0.0000
          0.0000
         -1.6189
          3.9692
          9.7459
         45.2145
         95.8747
         72.0359
         -0.3201
        -17.6332
         -8.9951
         -9.8855
        -13.0934
          0.0000
          1.1378
          7.9345
         15.5280
         37.0632
         22.7948
          0.0000
          1.4282
          0.0000
         45.3531
         15.0622
          0.0000
          0.0000
          0.0000
         20.9075
         26.9020
          0.0000
          0.0000
          0.0000
          2.0147
          2.0859
          8.4862
          7.5503
          5.6886
         -8.1526
        -18.1086
         -0.2863
         50.9108
        220.0203
         86.6087
         33.1265
         51.2351
         33.8474
        263.2261
        245.6291
        108.1954
          0.0000
          0.0000
          0.0000
         18.3368
          6.1763
         88.3413
        100.7507
         12.6694
         -6.3273
          0.0000
         -1.5035
         15.6584
         13.3008
         59.6580
         53.8078
          0.0000
          0.0000
          0.0000
          0.0000
         13.8428
        116.8684
         -0.2514
          0.0000
          0.0000
         14.3067
         31.8990
          0.0000
          0.0000
          0.0000
          0.0000
          0.0000
          0.0000
          2.8473
          9.8827
          0.0000
          0.0000
         88.9339
         44.9673
          0.0000
          0.0000
          0.0000
          0.0000
          0.0000
          0.0000
          0.0000
         23.2307
          0.0000
         -1.3684
         -8.2993
          1.4350
          8.6416
          8.0035
        -15.9049
         25.0802
         61.0466
         26.0149
         -8.7258
         19.1868
         26.9977
         -0.1363
          0.0000
         80.0039
          0.0000
          0.0000
          0.2581
         19.2339
          7.5104
          7.7979
          6.1203
         67.7845
          0.0000
         12.2151
         21.2385
         23.4713
         43.7891
         73.8388
          0.0000
          0.0000
          0.0000
          0.0000
          0.0000
          0.0000
          0.0000
          0.0000
          0.0000
         -4.6988
          2.5333
          5.8789
          2.4606
         19.6967
         35.7037
         26.1264
         20.1030
         47.5457
         35.0543
          2.2555
         -8.7112
          8.3549
         44.7872
          5.7239
          0.0000
         10.7627
        108.8698
         21.3827
         13.4061
          7.9020
         10.5499
          7.2353
         35.3138
         69.9826
          3.6523
         17.1888
          7.0136
          0.2874
         22.9618
        -15.0132
         50.8745
         83.1893
        122.1528
          0.0000
         41.2968
          0.0000
         11.0970
         31.0566
         10.2275
        -17.8263
         22.4002
         30.5773
         23.3932
         -3.1855
          8.0358
         -0.1141
          0.0000
          0.0000
         26.7323
         11.9772
         18.6169
         18.0757
        -23.2746
        -55.5056
          3.5843
          0.0000
          0.0000
          0.0000
          0.0000
          0.0000
          6.6410
         38.4081
         79.3110
         28.8640
          0.0000
          0.0000
          0.0000
          0.0000
          0.0000
          0.0000
          0.0000
          0.0000
          9.8774
          0.0000
         31.6494
          0.0000
          0.0000
          0.0000
          0.0000
         19.2916
         54.2279
         96.7056
         83.7974
         70.7711
         25.3786
          0.0000
          0.0000
        126.7694
        185.9205
        112.9947
        173.6695
        143.3766
        106.1374
         22.1652
          0.0000
         -5.2045
          0.0000
          0.0000
          0.0000
          0.0000
          0.0000
          0.0000
          0.0000
         -3.9875
          0.0000
          0.0000
          0.0000
          0.0000
          4.6464
          3.6622
          0.0000
          0.0000
          0.0000
          0.0000
          0.0000
          0.0000
          0.0000
          0.0000
          0.0000
         10.6794
         36.9335
          5.1010
         26.2991
         41.1602
        118.0828
        139.3866
        208.0188
         98.9726
          0.0000
          0.0000
          0.0000
          0.0000
          2.3235
         12.4659
        118.5505
          0.0000
          0.0000
          0.0000
          0.0000
          0.0000
          0.0000
         11.1720
         45.1224
         44.7035
         15.2709
          5.3385
         -0.8715
          0.0000
         40.7592
         92.6448
         97.0839
         62.6246
         52.6272
          0.0000
          0.0000
          0.0000
          0.0000
          0.0000
          0.0000
          0.0000
          0.0000
          0.0000
          0.0000
          0.0000
          0.0000
          0.0000
          0.0000
         -6.0502
         -1.5913
          3.1564
         -0.2514
          4.0780
          1.1587
          3.8568
          5.2294
          0.3180
         -0.1168
          7.6481
          0.0000
          0.0000
          0.0000
          0.0000
          0.0000
          0.0000
          0.0000
          0.0000
          7.8210
          2.1250
          0.0000
          0.0000
          0.0000
          0.0000
          0.0000
          1.1653
         11.8018
         11.3386
          3.6733
         -1.6084
          0.0000
          0.0000
          0.0000
          0.0000
         22.5554
         16.5377
         -0.2673
          7.0459
          0.0000
          0.0000
          7.5008
          0.1726
          0.0000
          0.0000
          0.0000
         10.6713
          5.9724
          0.0000
         17.7640
         67.4395
         94.0671
          3.3349
         30.0938
         14.4391
          9.5814
          1.7488
          0.0000
          0.0000
          0.0000
          0.0000
          0.2286
         14.6004
         23.8322
          0.0000
          0.0000
          0.0000
          0.0000
          1.6682
          0.0000
          1.3599
          0.0000
          0.0000
         12.1809
         18.7286
         19.6070
          9.9711
        102.7803
         96.6788
          8.0049
          0.0000
          0.0000
          2.6633
          2.4512
         -6.7795
         72.0281
        121.8451
         23.9807
          0.0000
          0.0000
          0.0000
          0.0000
          0.0000
          0.0000
          0.0000
          0.0000
          0.0000
         18.3699
          0.0000
          0.0000
          0.0000
          0.0000
          0.0000
          0.0000
          0.0000
          0.0000
          0.0000
          5.5599
         26.5572
         21.9926
         29.7500
        133.7982
          0.0000
          0.0000
          0.0000
          0.0000
         23.3309
          0.0000
          0.0000
         52.1969
         45.4963
          0.0000
          0.0000
          1.4556
         10.0424
          7.1749
         27.4753
         83.5556
         67.1301
          0.0000
          0.0000
          0.0000
          0.0000
         16.0700
         19.1018
         15.7888
         13.3029
         -1.7305
          0.0000
          0.0000
          0.0000
          0.0000
          4.0892
          0.0000
         20.1973
         17.3490
          0.0000
          0.0000
          0.0000
          0.0000
          1.2701
          0.0000
         53.4295
          0.0000
          0.0000
          0.0000
          0.0000
          0.0000
          5.1378
          6.7143
          0.0000
          0.0000
          1.0867
          8.7590
         16.5479
          6.9311
         25.7058
         53.4820
         30.7116
         -1.0248
          0.0000
         42.2229
         20.8606
          5.8268
         21.4507
         35.9801
          0.0000
          0.0000
          0.0000
         12.3507
         10.0754
          0.0000
         15.8835
        134.0499
          0.0000
          0.0000
          0.0000
          0.0000
          0.0000
          0.0000
          2.9810
          0.0000
         22.5588
          0.0000
          0.0000
          2.8028
          2.8832
          8.6960
         11.5602
          0.0000
          2.1063
          1.2435
         50.5221
         84.7184
         29.0763
        -10.6234
         18.4520
         64.0394
         20.1675
         77.1601
          8.8083
          0.0000
          0.9729
         38.5770
         76.6639
         30.9905
          0.0000
          0.0000
          0.0000
          0.0000
          0.0000
         35.1387
         17.0943
         14.5717
         15.6342
         46.4283
         50.5091
         65.3206
         41.6603
         67.5539
         84.6080
         36.9995
         -0.6735
          0.0000
          1.4252
          2.9977
          1.3311
          0.0000
          0.9485
         14.7177
         95.7054
        158.5008
        105.8225
          0.0000
          0.0000
          0.0000
          1.8730
          0.0000
          0.0000
          0.0000
          0.0000
          0.0000
          0.0000
          0.0000
          2.0554
          0.0000
          3.4398
          0.0000
          0.0000
          2.5147
          0.0000
          0.0000
         -6.2007
         29.5014
          0.0000
          0.0000
          0.0000
         29.2397
         59.3579
         86.3464
        118.8972
        196.8796
          0.0000
          0.0000
          0.0000
          0.0000
          0.0000
          0.0000
          7.7075
          6.0445
          0.0000
          0.0000
          0.0000
          0.0000
          0.0000
          0.0000
         16.7566
         41.6034
         61.8635
          0.0000
          0.0000
         24.3422
         21.8114
         32.5768
         10.9771
         -1.9041
         -2.3319
          0.0000
          0.0000
          0.0000
         10.9803
         42.0793
         47.7174
        121.2613
         23.2430
          0.0000
          0.0000
          0.0000
          0.0000
          0.0000
         10.2062
         82.2296
         58.2227
          0.0000
          0.0000
          0.0000
          0.0000
          0.0000
          0.0000
          0.0000
          0.0000
          0.0000
          0.0000
          4.1271
         13.0043
         11.9149
         12.2205
          0.9145
         -1.5580
          2.6143
         16.6927
         33.6493
         28.6068
         18.6208
         19.1250
         12.7166
          0.0000
          0.0000
          0.0000
          0.0000
          0.0000
          0.0000
          0.0000
          4.0878
         -1.7058
          0.0000
          0.0000
          0.0000
          0.0000
          2.0998
         55.1220
         24.2703
          0.0000
          4.7249
         50.9196
          2.1131
          2.8893
          0.0000
          0.0000
          0.0000
          1.3632
         31.7351
         31.0420
         16.8492
         17.2769
         22.6537
         12.1787
         -0.0949
          0.0000
          6.9430
         39.4119
        127.5997
        164.8328
        165.1658
        149.2293
        158.9513
          0.0000
          0.0000
          0.0000
          0.0000
          0.0000
          0.0000
          0.0000
          0.0000
          0.0000
          0.0000
          0.4987
          0.0000
          0.0000
          0.0000
         11.7048
         37.2603
         86.1734
         77.8770
          4.4468
          0.0000
          0.0000
          0.0000
          0.0000
         48.8971
         93.6104
          0.0000
          0.0000
          0.0000
          0.0000
          0.0000
          5.7025
          6.9980
         47.9657
          0.0000
          0.0000
          0.4472
         10.4851
          5.3725
         21.8446
         37.4706
         13.9336
          6.0875
         33.5663
         36.8752
         -0.1135
         -2.5559
          6.5440
         13.3359
         16.3409
          2.9154
         15.0336
         56.9677
        107.8316
         25.9506
         17.7473
         32.5129
         64.2333
          0.0000
          0.0000
          0.0000
          4.8434
          0.0000
         11.7047
          3.5274
          0.0000
         73.9080
         23.2942
         35.3164
         11.1430
          4.2155
          1.4051
          0.0000
          0.0000
          0.0000
          0.0000
          2.0296
         12.7080
          5.8323
          9.2976
          5.1774
         22.1937
          0.0000
          0.0000
          0.0000
          0.0000
          8.7198
          7.3541
          6.0567
         -1.1144
          0.0000
          0.0000
          0.0000
          0.0000
          0.0000
         12.0924
         20.4483
          8.6694
          0.0000
          0.0000
          5.4563
         10.2733
          0.0000
          3.9491
         18.3348
          1.7683
          8.2908
          6.2495
          5.3523
          3.9805
          0.3832
          5.7076
         14.7380
        142.6192
          0.0000
          0.0000
          3.4127
          0.0000
          0.0000
         -0.5309
          0.0000
          0.0000
          0.0000
          0.0000
          5.2011
          3.7252
          0.0000
          0.0000
          0.0000
          0.0000
          0.0000
          0.0000
          0.0000
          0.3640
          0.0000
          0.0000
          0.0000
          0.0000
          0.0000
          5.1610
          7.3909
         15.3341
         27.3187
         27.7701
          6.0603
          0.0000
          0.0000
          0.0000
          4.5383
         17.9451
          3.9668
         -3.0380
         20.9772
         16.4314
          0.0000
          0.0000
          0.0000
          0.0000
          0.0000
          0.0000
          0.0000
          0.0000
          0.0000
          0.0000
          0.0000
          0.0000
         11.4387
         17.2068
         12.2558
          7.3928
          0.0000
          0.0000
          5.6501
         24.4947
         -2.5343
        -14.2401
          0.0000
         13.2372
          0.0000
          0.0000
         15.8636
         27.7557
         15.4093
          0.0000
          0.0000
          0.0000
          0.0000
          0.0000
          0.0000
          0.0000
          0.0000
          0.0000
          0.0000
          0.0000
          0.0000
          0.0000
         11.8112
          5.3163
         14.9504
         34.7904
          9.3476
          0.0000
          0.0000
          0.0000
          0.0000
          0.0000
          5.3020
         19.3984
         20.8380
         50.4871
          0.0000
          0.0000
          5.4718
          0.0000
          0.0000
          0.0000
          0.0000
         -0.7816
          0.0000
          0.0000
          0.0000
          0.0000
          0.0000
          0.0000
          0.0000
         -1.9270
          3.8636
          3.6493
          0.0000
          0.0000
          0.0000
          0.0000
          5.8976
          7.1964
          6.5929
         11.6087
         12.3682
         12.3976
          3.5416
         27.4722
        103.3659
        135.9702
          5.5168
          2.5122
         10.2280
          0.0000
          0.0000
          7.0096
         -0.8802
         -2.4075
          3.2809
         16.5961
         28.8326
         20.2664
         14.1550
         31.2635
         18.5117
         -3.6188
          0.0000
          0.0000
         28.9849
         38.5862
         25.2535
        105.9824
        145.0995
          0.0000
          0.0000
          0.0000
          0.0000
          0.0000
          0.0000
          4.9928
          0.0000
          0.0000
          7.5829
         10.0614
          8.0980
         15.9756
         26.5278
         66.0690
        114.6924
         57.2112
          0.0000
          0.0000
          0.0000
          0.0000
          0.0000
          0.0000
          0.0000
         -1.0551
         -2.4143
          0.0000
          5.3763
          2.6028
         -0.4547
         -0.1968
         -1.6093
          0.0000
          0.0000
          0.0000
          0.0000
          0.0000
          0.0000
          0.0000
         19.7985
         13.7779
          0.0000
          2.7319
         32.4353
         40.4156
         38.9301
         76.5753
        156.0581
         -2.6549
          0.0000
          0.0000
          0.0000
          0.0000
          0.0000
          0.0000
          4.1238
         10.1911
          0.0000
          0.0000
          0.0000
          0.0000
          0.0000
          7.0918
          7.8382
          5.5360
          1.0990
          0.5615
          2.4125
          0.0000
          0.0000
          3.1856
         -0.2163
         -2.1524
          0.0000
          0.0000
          0.0000
          0.0000
          0.0000
          0.0000
          0.0000
         -9.3175
          0.0000
          0.0000
          0.0000
          0.0000
          0.0000
          0.0000
          5.2244
          1.1742
         -1.8206
          6.1583
         17.2109
          1.0266
          0.0000
          3.3069
          9.6745
         15.1726
         18.5039
          0.0000
          8.2054
          9.9232
          0.0000
          0.0000
          0.0000
          0.0000
          5.3042
         19.1017
         32.7212
          6.2744
         -2.9055
         13.4780
         11.5298
          0.5797
          6.4126
         16.6215
         12.5880
         22.1971
          0.7394
          0.7301
          4.6710
          9.6043
         96.2536
          7.3363
          6.4215
         11.6927
         18.1070
          5.7861
         -0.4357
         -1.4110
          0.0000
          0.0000
          0.0000
          0.0000
          0.0000
          0.0000
          0.0000
          2.1458
          4.5489
         21.3950
          7.7339
          0.0000
          0.0000
          0.0000
          0.0000
          0.0000
          0.0000
          0.0000
          0.6309
          7.9180
          0.0000
          0.0000
          2.3510
          0.8547
         -4.0630
          0.0000
          1.0621
          6.1399
          0.0000
          0.0000
          0.0000
         -5.9385
         -1.0766
          0.0000
          0.0000
          0.0000
          0.0000
          0.0000
          0.0000
         -5.0300
         -0.4349
         -2.5837
          0.0000
          0.0000
          0.0000
          2.0959
          3.8711
          2.8498
          5.9322
          1.4128
         -1.7284
         -1.1285
          0.0000
          0.0000
          6.1296
          3.9167
         39.0853
          0.0000
          0.0000
          0.0000
          0.0000
          0.0000
          0.0000
         -1.7253
         -0.8834
          5.4220
          9.0397
         30.2275
         73.9188
         90.1002
         12.2513
          0.0000
          0.0000
          0.0000
          0.0000
          0.0000
          0.0000
          0.0000
          2.7139
         -0.3090
         -1.7087
          0.0000
          0.0000
          3.5143
          7.0818
          3.3272
         -4.0218
         -2.3265
          6.9211
         13.3252
          0.0000
          0.0000
          0.0000
          0.0000
          0.0000
         22.3798
         76.1816
          0.0000
          0.0000
          0.0000
          0.0000
          0.0000
         30.6053
         65.9673
         58.6288
         -2.3895
          0.0000
          0.0000
         55.5573
          9.8076
         -0.8728
         -0.6286
          0.3731
         13.2669
         17.6008
         18.6295
         91.4419
         79.9035
         76.7551
        129.9186
         35.0481
         14.9411
          0.5047
         31.5451
         55.2488
         13.1983
          0.0000
          0.1411
          0.0000
          5.0408
         38.8467
        108.1114
         64.2620
          1.1085
          8.4321
         -0.0734
          0.0000
          0.0000
          0.0000
          0.0000
          0.0000
          0.0000
        124.3128
        143.6950
          0.0000
          0.0000
          0.0000
          0.0000
          0.0000
          0.0000
          0.0000
         85.7506
        104.0733
          0.0000
          0.0000
          0.0000
          0.0000
          3.2617
          9.5058
         21.6326
         20.5012
         21.7816
         21.2959
         11.3928
         -6.6410
          0.0000
          0.0000
          0.0000
          0.0000
          0.0000
          0.0000
          0.0000
          0.0000
          0.0000
          0.0000
          0.0000
          0.0000
          0.0000
          0.0000
          0.0000
          0.0000
          0.0000
          0.0000
        114.7640
         28.7513
          0.0000
          0.0000
          0.0000
          0.0000
          0.0000
          0.0000
         13.0931
          0.0000
          0.0000
          0.0000
          0.0000
          0.0000
          0.0000
          0.0000
          0.0000
          0.0000
          0.0000
          5.1949
          0.0000
          0.0000
          0.0000
          0.0000
         15.9447
         16.5606
          0.0000
          0.0000
          0.0000
          0.0000
          0.0000
          0.0000
          0.0000
          0.0000
          0.0000
          0.0000
          0.0000
          0.0000
          0.0000
          0.0000
          0.0000
          0.0000
          0.0000
          0.0000
          0.0000
          0.0000
          0.0000
          0.0000
         24.9334
         22.0161
         18.4683
         22.5514
          1.1415
          0.0000
          0.0000
          0.0000
          0.0000
          0.0000
          0.0000
          0.0000
          0.0000
          0.0000
          0.0000
          0.0000
          0.0000
          0.0000
          0.0000
          0.0000
          0.0000
          0.0000
          0.0000
          0.0000
          0.0000
          0.0000
          0.0000
          0.0000
          0.0000
          0.0000
          0.0000
          0.0000
          0.0000
          0.0000
          0.0000
          0.0000
          0.0000
          0.0000
          0.0000
          0.0000
          0.0000
          0.0000
          0.0000
          0.0000
          0.0000
          0.0000
          0.0000
          0.0000
          0.0000
          0.0000
          0.0000
          0.0000
          0.0000
          0.0000
          0.0000
          7.3764
         52.4976
         28.9633
          0.0000
          0.0000
          4.3283
          0.0000
          2.5277
          8.6857
         49.0979
         13.8394
          2.0621
          0.0000
          0.0000
          0.0000
          0.0000
          0.0000
         -0.9266
         -4.3852
          0.0000
          0.0000
          0.0000
          0.0000
          0.0000
          0.0000
          0.0000
          0.0000
          0.0000
          1.2980
          2.9949
          0.0000
          3.3696
         -0.8883
         -5.3792
          0.0000
          0.0000
          0.0000
          0.0000
          0.0000
         20.5925
         15.5487
         15.1370
          0.0000
          0.0000
          0.0000
          0.0000
          1.8763
         27.3154
         51.1079
        140.1622
          0.0000
          0.0000
          0.0000
          0.0000
          0.0000
          0.0000
          0.0000
         -5.0013
          2.8150
          0.0000
          0.0000
          0.0000
          0.0000
          0.0000
         19.1175
         25.7407
          0.0000
          0.0000
          0.0000
          0.0000
          0.0000
          0.0000
          0.0000
         11.8421
          1.1822
          0.0000
          0.0000
          0.0000
          0.0000
          0.0000
          0.0000
          0.0000
          0.0000
          0.0000
          0.0000
          0.0000
          0.0000
          0.0000
          0.0000
          0.0000
          0.0000
          0.0000
          0.0000
          0.0000
          0.0000
          0.0000
          0.0000
          0.0000
          0.0000
          0.0000
          0.0000
         59.5354
          6.3165
          9.1197
          1.8087
         79.8655
          3.0800
         66.8634
         61.6738
         16.8496
          0.0000
          3.2966
         24.8697
          1.0299
         17.0429
          0.0000
          0.0000
          0.0000
          0.0000
          0.0000
          0.0000
         -4.4171
          0.0000
          0.0000
          0.0000
          0.0000
          0.0000
          0.0000
          0.0000
          0.0000
          0.0000
          0.0000
          0.0000
         18.0039
         78.8140
         73.1887
         12.6586
         -6.7573
          0.0000
          0.0000
          1.2361
         11.2064
         31.1732
         35.0171
        152.2450
         32.5712
          0.0000
          0.0000
          0.0000
          2.6632
          0.0000
          5.6263
          6.0990
          0.0000
          0.0000
          2.6801
          0.0000
          0.0000
          0.0000
          0.0000
          0.0000
          0.0000
          0.0000
          0.0000
          0.0000
          0.0000
          0.0000
          0.0000
          0.0000
         19.8683
          0.0000
          0.0000
          0.0000
          0.0000
          0.0000
         17.2305
         27.3955
         58.3343
          0.0000
          0.0000
         20.2822
         17.7731
         -0.6709
          0.0000
          0.0000
         11.4464
          0.0000
          0.0000
          0.0000
          0.0000
          0.0000
          0.0000
          0.0000
          0.0000
          0.0000
          0.0000
          0.0000
          0.0000
          3.7981
          9.6418
          0.0000
          0.0000
          0.0000
          1.3962
          0.0000
          0.0000
          0.0000
          0.0000
          0.0000
         -0.9673
         -0.6013
          0.1990
          0.0000
          0.0000
          0.0000
          0.0000
          2.2891
         -1.3455
          0.0000
          0.0000
          0.0000
          0.0000
          0.0000
          0.0000
          0.0000
          0.0000
          0.0000
          0.0000
          0.0000
          0.0000
          0.0000
          0.0000
          0.0000
          0.0000
          0.0000
          0.0000
          0.0000
          0.0000
          0.0000
          0.0000
          0.0000
          0.0000
          0.0000
          0.0000
          0.0000
          0.0000
          0.0000
          0.0000
          0.0000
          0.0000
          0.0000
          0.0000
          0.0000
          0.0000
          0.0000
          0.0000
          0.0000
          0.0000
          0.0000
          0.0000
         11.3752
         20.6319
          5.3928
          0.0000
          0.0000
         -0.3134
          0.0000
          0.0000
          0.0000
          0.0000
          0.0000
          9.1996
         52.5263
          3.1784
          0.0000
          0.0000
          0.0000
          0.0000
          0.0000
          0.0000
          0.0000
          0.0000
          0.0000
         18.6694
          0.0000
          0.0000
          0.0000
          0.0000
          0.0000
          0.0000
          0.0000
          0.0000
          0.0000
          0.0000
          0.0000
          0.0000
          0.0000
          0.0000
          0.0000
          0.0000
          0.0000
          0.0000
          0.0000
          0.0000
          0.0000
          0.0000
          0.0000
          0.0000
          0.0000
          0.0000
          0.0000
          0.0000
         21.7687
          5.1631
          0.0000
          0.0000
          0.0000
          0.0000
          0.0000
          0.0000
          0.0000
          0.0000
          0.0000
          0.0000
          0.0000
          0.0000
          0.0000
          0.0000
          0.0000
          0.0000
          0.0000
         -0.8416
          0.0000
          0.0000
          0.0000
          0.0000
          0.0000
          0.0000
          0.0000
          4.5205
          0.0000
          0.0000
          0.0000
          0.0000
          2.5428
         12.1459
          0.0000
          0.0000
          0.0000
          0.0000
          0.0000
          0.0000
          0.0000
          0.0000
          0.0000
          0.0000
          0.0000
          0.0000
          0.0000
          0.0000
          0.0000
          0.0000
          0.0000
          0.0000
          0.0000
          0.0000
          0.0000
          0.0000
          0.0000
          0.0000
          0.0000
          0.0000
          1.1958
          4.8195
          0.0000
          0.0000
          0.0000
          0.0000
          0.0000
          7.5814
          8.5840
          0.0000
          0.0000
          0.0000
          0.0000
          0.0000
          0.0000
          0.0000
          0.0000
          0.0000
          0.0000
          0.0000
          0.0000
         -3.7050
          0.0000
          0.0000
          0.0000
          0.0000
          0.0000
          3.2086
          0.0000
          7.8248
          0.0000
          0.0000
          0.0000
          0.0000
          0.0000
          0.0000
          0.0000
          0.0000
          0.0000
          0.0000
          0.0000
          0.0000
          0.0000
          0.0000
          0.0000
          0.0000
          0.0000
          0.0000
          0.0000
          0.0000
          0.0000
          0.0000
          0.0000
          0.0000
          0.0000
          0.0000
          0.0000
          0.0000
          0.0000
          0.0000
          0.0000
         -0.0034
          0.0000
          0.0000
          5.8364
          8.7312
         12.1464
        126.8914
         38.2663
          0.0000
          0.0000
          0.0000
         25.5748
         22.3348
         27.8588
         17.5444
          0.0000
          0.0000
          0.0000
          0.0000
          0.0000
          0.0000
          0.0000
          0.0000
          0.0000
          0.0000
          0.0000
          0.0000
          0.0000
          0.0000
          0.0000
          0.0000
          5.9063
         -9.0588
          0.0000
          0.0000
          0.0000
          2.6327
          0.7911
         -9.6515
          0.0000
          0.0000
          0.0000
          0.0000
         14.4025
         14.2261
          4.3303
          7.7017
          0.0000
          0.0000
          0.0000
          0.0000
          0.0000
          0.0000
          0.0000
         18.3238
        139.3360
         99.9821
          0.0000
          0.0000
          0.0000
         21.6181
         26.6519
         10.2524
          0.0000
         48.4871
          0.0000
          0.0000
          0.0000
          0.0000
          0.0000
          0.0000
          0.0000
         -6.2209
          0.0000
          0.0000
          0.0000
          0.0000
          0.0000
          0.0000
          0.7469
         11.5012
         13.5940
          8.0418
          0.0000
          0.0000
          0.0000
          0.0000
          2.4025
          8.7127
          8.7173
         12.6831
         10.0508
          1.1372
          0.0000
          0.0000
          0.0000
          6.5589
          2.4857
         10.0980
         23.0968
          0.0000
          0.0000
          0.0000
          0.0000
         -5.0416
         -0.0869
          1.7445
          1.1363
          0.0000
        109.9480
         98.0966
         60.4054
          0.0000
          0.0000
          0.0000
          0.0000
          0.0000
          0.0000
          0.0000
         13.5934
          0.0000
          0.0000
          0.0000
          0.0000
          0.0000
          0.0000
          0.0000
         19.8639
         78.6745
          0.0000
          0.0000
          0.0000
          0.0000
          0.0000
          0.0000
          1.0364
          0.0000
          0.0000
          0.0000
          0.0000
          0.0000
          0.0000
          0.0000
          0.9038
         21.5895
          0.0000
          0.0000
          0.8226
         11.6366
        136.6554
          0.0000
         19.8834
          2.2366
        -11.7911
          9.3779
         23.7387
         10.3624
         78.1590
        209.0750
         -5.4295
          0.0000
          0.0000
          0.0000
          0.0000
          0.0000
          0.0000
          0.0000
          0.0000
          0.0000
          0.0000
          0.0000
          0.0000
          0.0000
          0.0000
          0.0000
          0.0000
          0.0000
          0.0000
          0.0000
          9.9781
         17.1379
          5.7371
         18.7367
        137.5186
        204.6637
        113.9194
          0.0000
          0.0000
         12.2807
         66.7445
        146.4700
        101.7013
          0.0000
          0.0000
          0.0000
          0.0000
          0.0000
          0.0000
          0.0000
          0.0000
          0.0000
          0.0000
          0.0000
          0.0000
          0.0000
          0.0000
          0.0000
          8.8944
         48.7782
        142.8540
         16.3290
          0.0000
          0.0000
          0.0000
          0.0000
          0.0000
         11.1545
          0.0000
          0.0000
          0.0000
         12.8759
          3.2097
         16.7882
         86.4432
        160.4631
         35.5250
         61.3276
        102.6244
         17.7824
          8.2073
         22.3379
         98.9156
        263.0569
         15.0870
          0.0000
          0.0000
          0.0000
          7.9868
         -7.6957
         57.5368
        383.3538
        297.1541
          0.0000
          0.0000
          0.0000
          0.0000
          7.8650
          0.0000
         99.9412
        207.4249
         70.5160
         39.3036
         50.9945
        185.7384
        299.2134
        339.5097
          0.0000
          0.0000
          0.0000
          0.0000
          0.0000
          0.0000
          0.0000
          0.0000
          0.0000
          0.0000
          0.0000
          0.0000
          0.0000
          0.0000
          0.0000
         16.5889
          4.9940
          1.2942
         54.2032
         22.1195
          3.8003
          8.1425
          4.7227
          0.0000
          0.0000
          0.0000
          0.0000
          6.7192
         12.0726
          0.0000
          8.9975
          1.7006
          0.0000
         12.7297
         23.1491
         10.7909
          7.8962
         17.5017
         27.4337
        122.5407
        230.6125
          5.1283
          0.0000
          0.0000
          0.0000
          0.0000
          0.0000
          0.0000
          0.0000
          0.0000
          0.0000
          0.0000
          0.0000
          0.0000
          0.0000
          1.1992
         72.2136
         94.3224
          0.0000
          0.0000
          0.0000
          0.0000
         22.6547
         38.5734
          0.0000
          0.0000
          0.0000
          0.0000
          0.0000
          0.0000
          0.0000
          0.0000
          0.0000
          0.0000
          0.0000
          0.0000
          0.0000
          0.0000
          0.0000
          0.0000
          0.0000
          0.0000
          0.0000
          0.0000
          0.0000
          0.0000
          0.0000
          1.4316
          0.0000
          0.0000
          0.0000
          0.0000
          0.0000
          0.0000
          2.0533
         10.8901
          7.2116
          3.4573
         18.1698
         38.9811
         33.1095
         -3.2647
          7.8507
          9.6984
         39.9068
        306.7939
        329.1869
        340.2099
        230.2617
         59.0806
          0.0000
          0.0000
         15.5455
         38.9631
          0.0000
         24.5690
         40.5544
          2.7608
         10.4126
         -0.1401
         51.5238
         10.7116
         29.7213
          0.0000
          0.0000
          0.0000
          1.1477
          0.0000
          0.0000
          0.0000
          0.0000
          0.0000
          0.0000
          0.0000
          0.0000
          0.0000
          0.0000
          0.0000
          0.0000
         46.0908
         55.8562
          0.0000
          0.0000
          0.0000
          0.0000
          0.0000
          0.0000
          0.0000
          0.0000
          0.6726
         12.5214
         56.4689
        160.8778
          0.0000
          0.0000
         39.3849
        197.0173
        284.3461
        324.3578
        102.7498
          0.0000
          0.0000
         74.4103
        184.4971
          0.0000
          0.0000
         34.8193
         16.7796
          0.0000
          1.0514
          3.1257
         14.3960
          6.8002
         10.6268
         22.1954
         16.4634
          0.0000
          0.0000
          0.0000
          0.0000
          0.0000
          0.0000
          0.0000
          0.0000
          0.4116
          0.0000
          0.0000
          0.0000
          0.0000
          0.0000
          0.0000
          0.0000
        -13.1172
         -3.6148
          7.0002
          0.0000
          0.0000
          0.0000
          0.0000
          0.0000
          0.0000
          0.0000
          0.0000
          0.0000
          0.0000
          0.9825
          7.5126
          0.0000
          0.0000
          0.0000
          0.0000
          0.0000
          0.0000
          5.4596
         24.5073
        188.5022
          0.0000
          0.0000
          0.0000
          0.0000
          0.0000
         18.9068
         82.6837
          0.0000
          0.0000
          0.0000
          0.0000
         86.5885
        110.3315
          0.0000
          0.0000
          0.0000
          0.0000
          0.0000
          0.0000
         27.1088
         15.3910
          8.8841
         26.0451
        169.9615
          0.0000
          0.0000
          0.0000
          0.0000
          0.0000
          0.0000
          0.0000
          0.0000
          0.0000
          0.0000
          0.0000
          0.0000
          7.8542
          0.0000
          0.0000
          0.0000
          0.0000
          2.5134
         13.8762
         13.8284
          0.0000
          0.0000
          0.0000
          0.0000
        -14.9860
         -4.2756
          0.0000
          0.0000
          0.0000
          0.0000
          6.5475
          3.4704
          0.0000
          0.0000
          0.0000
          0.0000
          3.4007
         16.2263
         82.7582
        149.2648
          0.0000
          0.0000
          0.0000
          0.0000
         16.0120
         31.2257
         10.5158
          0.0000
          0.0000
          0.0000
         13.8920
         37.4677
         17.4716
         54.2640
         27.1761
          0.0000
          0.0000
          0.0000
          0.0000
          9.0322
          0.0000
          0.0000
          0.0000
          0.0000
          0.0000
          0.0000
         17.1407
         15.4526
          7.7084
         21.8844
         33.0638
         24.4377
        182.6789
          0.4803
         58.5334
          0.0000
          0.0000
          2.7762
         11.7702
         10.4349
         33.3305
          0.0000
          0.0000
         11.0118
         18.5631
         14.1729
          2.8852
          0.0000
          0.0000
          0.0000
          0.0000
          8.5984
          2.8474
          9.3818
          0.0000
          0.0000
          0.0000
          0.0000
          0.0000
          0.0000
          0.0000
          5.6114
          3.9812
          0.0000
          0.0000
          0.0000
          0.0000
         21.9053
         22.0503
         19.7871
         16.8101
          0.0000
          0.0000
          0.0000
          2.2446
         10.6578
         70.4617
         73.3547
         48.4548
         47.3227
         37.9083
          0.0000
          0.0000
         14.2145
          0.0000
         74.0773
         69.3447
          2.5576
          0.0000
          0.0000
          0.0000
          0.0000
          0.0000
          0.0000
          1.0315
         11.2159
         78.8494
         10.6479
          0.0000
          0.0000
          0.0000
          0.0000
          7.3185
          0.0000
          0.0000
          0.0000
          0.8584
         23.1851
         17.5412
         69.6949
        106.0194
        168.9353
        105.9193
         17.6579
          0.0000
          0.0000
          0.0000
          0.0000
          0.0000
          0.0000
         -1.1759
          0.0000
          2.0422
         21.8062
         13.2841
          2.1011
         12.6845
          0.0000
          0.0000
          0.0000
          0.0000
         28.7508
          9.3013
          0.3142
          7.2118
          0.0000
          0.0000
          0.0000
          0.0000
         22.4406
          7.9507
        170.9512
        153.2679
         19.3926
          0.0000
          0.0000
          0.0000
          8.8919
          9.1790
        111.5981
         80.2448
          0.0000
          0.0000
          0.0000
          0.0000
         14.1752
         10.7377
         13.0222
         20.7802
         29.7672
          6.0529
          6.0529
