          0.0000
          0.0000
          0.0000
          0.0000
          0.0000
          0.0000
         -8.3783
          0.0000
          0.0000
          0.0000
          0.0000
          0.0000
          0.0000
          0.0000
         -5.8231
          0.0000
          0.0000
          0.0000
          2.2516
         12.7502
         13.2826
          0.0000
          0.0000
          0.0000
          0.0000
          0.0000
          0.0000
          0.0000
         14.2121
          1.6587
         -1.9424
          0.0000
          0.0000
          3.5554
          2.5498
         22.6332
         22.7865
         22.4099
         74.2071
          0.0000
          0.0000
          0.0000
          0.2950
         21.7858
          3.0373
         -1.7093
          0.3802
          0.0000
          0.0000
          0.0000
          3.0438
         18.3594
         39.5914
         98.5918
        136.4629
         26.6507
          0.0000
          0.0000
          0.0000
          0.0000
         13.6840
         12.8034
         73.9395
         81.7421
         32.2014
          8.8655
          9.2646
          0.0000
          0.0000
          0.0000
          0.0000
         25.8198
          4.2675
         -7.1963
          9.4601
         63.3545
         35.8905
          1.3293
         40.6827
        109.1674
        112.3530
        119.5258
         83.6527
         26.2021
          0.0000
          0.0000
          0.0000
          0.0000
          0.0000
          0.0000
          0.0000
          0.0000
          0.0000
          0.0000
         61.9067
         91.4663
         37.3271
         78.6050
        128.1296
        109.5625
         55.0643
         -0.2241
         -0.4468
          0.0000
          0.0000
          0.0000
          0.0000
          0.0000
          0.0000
          0.0000
         25.1506
         27.5573
         48.8644
          1.9615
         -1.4523
         -2.8000
          4.6858
          4.6465
         20.4872
         29.2093
          0.0000
          0.0000
          0.0000
          0.0000
          7.1854
          0.0000
          0.0000
          0.0000
          0.0000
          0.0000
          6.4587
          0.0000
          7.3066
         61.5194
         20.3587
          0.0000
          0.0000
          0.0000
          3.2261
         15.7889
         12.6644
        149.0623
          0.0000
          0.0000
          0.0000
         26.2124
         22.5842
         23.1434
         36.5354
        101.4784
          1.5023
         -0.2823
         11.7154
         49.0940
         47.3349
          0.0000
          0.0000
          0.0000
          0.0000
          0.0000
          5.6358
         23.5122
          0.0111
          0.0000
          0.0000
          0.0000
         -1.8267
          0.0000
          0.0000
          0.0000
          0.0000
          0.0000
          8.2235
          4.3923
         -0.6078
          0.0000
          0.0000
          0.0000
          0.0000
         11.1760
         11.7982
          0.0000
          0.0000
          0.0000
          0.0000
          0.0000
          3.7721
         16.8243
          6.8278
          0.0000
          0.0000
          0.0000
         18.8048
         13.4684
         25.0229
         10.6396
         12.0736
         14.0750
         67.3938
         59.9538
         84.4397
         96.8242
         68.8071
         75.7536
         -9.5216
          0.0000
          0.0000
         71.8274
         31.1106
          7.7588
          8.4619
         -4.9539
         -3.0633
         -4.7439
        110.0149
        126.5238
         22.3479
         10.8227
         31.3835
         35.4264
         26.5279
          0.0000
         53.0653
         85.8825
          8.3527
         19.5043
          0.0664
         -0.0939
         -0.0970
          0.0000
         -1.1662
          0.0000
          0.0000
          0.0000
          0.0000
          0.0000
          0.0000
          0.0000
          0.0000
          0.0000
          0.0000
          0.0000
          2.0654
          1.9283
         10.9422
         23.4584
        101.3833
         30.3627
          0.0000
          0.0000
          6.6062
          6.5090
          7.2636
          0.0000
         44.3645
          0.0000
          0.0000
          0.0000
          0.0000
          3.4302
         39.6564
         -0.9901
          0.0000
          0.0000
          0.0000
          0.0000
          0.7946
          1.8504
          8.1544
          3.8004
          0.0639
         57.2086
        125.9574
         87.6072
         36.3136
          1.5208
          0.0000
          0.0000
         -7.6613
        106.1614
         28.8272
          0.0720
         -7.0739
         -0.6390
        -14.6624
          0.0000
          0.0000
        178.3786
          0.0000
         23.9417
          8.7713
          0.0000
          1.3237
          0.0000
         44.3506
         21.9112
          5.7256
         -1.8611
         10.1694
          7.3356
         -0.8796
        199.8588
        216.0371
        105.2223
          0.0000
          0.0000
          2.3592
          5.5672
         10.2996
         13.1181
          3.5198
         -0.7176
          0.0000
          0.0000
          4.6716
          0.0997
          4.1410
          0.8145
         -1.1147
         -0.0215
         16.7949
         22.3193
         23.9376
         38.0747
         41.9802
         22.6719
         90.7269
         67.8171
         39.6462
         10.5709
         18.8824
        137.4201
        170.9444
         42.4301
         -4.3497
          0.0000
          0.0000
          0.0000
         19.3239
         87.7621
         78.8017
          0.2652
         -2.7413
          3.3949
         26.1683
         11.4797
         -2.5220
         -3.9544
        -21.3095
        -22.3645
          3.1005
         34.5030
          9.6047
         30.0293
        103.6391
         96.0335
         32.2107
         29.6240
         -2.3595
         23.5708
         38.8438
         26.9721
         14.0799
         16.6685
         17.0509
         28.0969
        130.2432
         71.1848
         -4.2107
         -1.3152
          0.0000
          0.0000
          3.5642
          0.5700
         57.9951
         85.4829
         43.6200
         -2.7034
          9.7656
          5.7619
         -1.0317
         -9.4998
        127.2438
        173.4935
         22.0855
          0.0000
          0.0000
          3.6429
         35.5250
          3.6198
         45.5217
         35.7503
          0.0000
          0.0000
          0.0000
          0.0000
          0.0000
          0.0000
          2.3176
          0.8070
          4.7205
          0.0000
          2.7374
         20.7687
         27.1876
          9.0940
          0.0000
          0.0000
          8.1320
         33.6296
         88.2698
        157.9620
         79.0307
          0.0000
          0.0000
          0.0000
          0.0000
          0.0000
          0.0000
         19.1287
         19.9701
         78.3898
         30.4084
          0.0000
          0.0000
          0.0000
         10.8982
         20.6581
         26.9780
        102.9706
          0.0000
          0.0000
          0.0000
          2.2903
         14.0518
         12.3553
         19.5213
         80.0028
          0.0000
          0.0000
          0.0000
          1.5223
         -0.0298
         12.9702
         13.0674
          5.4329
        139.2478
          0.0000
          0.0000
          0.0000
         50.3317
         46.5005
         84.4076
        188.2626
         97.2262
         17.1236
          0.0000
          0.0000
          0.0000
          0.0000
          0.0000
          0.0000
          8.3724
          0.0000
          0.0000
          0.0000
          0.0000
          0.0000
         10.0193
          0.0000
         26.8709
         35.6967
          0.0000
          0.0000
         17.4685
         43.3358
         28.3776
         22.4753
         52.9534
         66.6142
        209.9704
        211.4598
        167.2230
         99.8355
         56.0843
          0.0000
          0.0000
          0.0000
          0.0000
          0.0000
          0.0000
          0.0000
          0.0000
          0.0000
         14.0387
         10.9127
         13.5661
         19.1991
         14.9974
         11.0699
         50.6947
         60.6299
         16.4459
         40.9664
          0.0000
          8.0032
         37.8928
         72.2996
          0.6784
          0.0000
         70.7568
         37.9425
          0.0000
          0.0000
          0.0000
          0.0000
          7.8615
          1.4734
         -1.4752
          0.0000
          0.0000
          0.0000
          0.0000
          0.0000
          5.2425
          9.0367
         86.6191
        154.2409
        170.8569
        168.9284
        140.8989
        167.0106
        182.9422
          9.5457
          0.0000
          0.0000
          0.0000
          0.0000
          0.0000
          0.0000
          0.0000
          0.0000
         -1.5094
         -3.7489
         -0.2505
          0.0000
          0.0000
          0.0000
          0.0000
          0.0000
          0.0000
         67.0696
          9.2611
        -14.4180
         -1.8187
         22.5801
         10.3846
        109.3580
        205.3627
        135.0216
        145.3788
        147.6888
        163.3252
        144.7136
        102.1990
         34.9222
          0.0000
          0.0000
          0.0000
          0.0000
          0.0000
          0.0000
          0.0000
          4.3124
         62.8295
         27.7074
        -24.6904
          0.0000
          0.0000
          0.0000
         23.4275
         92.3861
         50.3244
          3.0048
          2.4091
          0.0000
          0.0000
          0.0000
          0.0000
          0.0000
          0.0000
          0.0000
          0.0000
          0.0000
          0.0000
          0.0000
          0.0000
          0.0000
         -0.5306
          0.0000
          0.0000
          0.0000
          0.0000
          0.0000
          2.3377
          0.0000
          0.0000
          0.0000
          0.0000
         26.3883
         12.3721
         20.2037
          0.0000
          0.0000
          0.0000
          0.0000
          0.0000
         23.8571
         51.3976
        119.9890
        126.6139
        120.9438
          0.0000
          0.0000
          4.2536
          5.8374
         17.3683
        124.5149
        120.4563
          1.5770
          0.0000
          0.0000
          0.0000
         13.2077
         21.0747
        123.0367
        115.5281
          0.0000
          0.0000
          0.0000
         10.3169
         33.5628
         22.6913
         30.8342
        -10.1849
         55.1437
         21.3769
         28.3036
         27.1843
         15.1105
         21.5637
         72.3180
         29.9518
          0.0000
          2.4079
         87.2497
         39.7841
         10.9893
          8.7954
         40.8310
         98.0653
         57.8950
         15.8133
          0.0000
          0.0000
          0.0000
          0.0000
          0.0000
          0.0000
          0.0000
          0.0000
          0.0000
          0.0000
          0.0000
          0.0000
          0.0000
          8.4425
          4.4965
         26.7788
         41.5698
         26.3152
         37.5540
         29.7344
         41.9560
        108.0693
        100.6114
          0.0000
         90.8105
         99.7673
        152.0006
         42.9505
          0.0000
          0.0000
          0.0000
          0.0000
          0.0000
          0.0000
          0.0000
          0.0000
          0.0000
          0.0000
          0.0000
         24.6122
         15.9859
        -15.1356
         -8.2063
          0.0000
          0.3133
          6.4779
         -0.7249
         -3.7860
        -11.1070
         -1.4979
         45.2471
         84.6646
          0.0000
          0.0000
          0.4033
         20.8802
         -2.1311
         19.3182
         15.6107
         26.8039
         64.4613
        117.4264
        233.2825
         60.9667
          0.0000
          0.0000
          0.0000
          0.0000
          0.0000
          0.0000
          0.0000
         96.7625
         79.9239
          0.0000
          0.0000
          0.0000
          0.0000
          0.0000
          0.0000
         -0.7681
          0.0000
          0.0000
          0.0000
          0.0000
          0.0599
         10.1633
         -4.1484
         38.7076
          8.1371
         -3.1887
         -3.5741
          0.0000
          0.0000
          8.4963
          4.4119
         42.8172
         87.4089
         56.3605
        -27.3038
        -10.4650
          0.0000
          3.4990
          0.0000
          2.4702
          0.0000
          3.5683
          0.4392
          1.0916
         12.8488
          5.2941
          0.0000
          0.0000
          0.0000
          7.3501
         55.4899
          3.7299
         -4.4443
         15.4924
          2.8992
          1.4149
          3.9115
          9.3356
          0.8223
         -0.5029
         27.5802
         29.2599
         67.0650
         10.9488
          5.9401
         25.2408
         75.9130
         25.2382
          0.0000
          0.6191
          5.1435
         27.5153
          0.0978
          1.5389
          0.0000
          0.0000
          0.0000
          0.0000
          0.0000
         -1.8885
         -0.5149
          7.1065
          8.0853
          4.7422
          0.0000
          0.0000
          0.0000
          0.0000
          8.7730
         19.6325
        117.8735
        151.6451
         48.7344
          0.0000
          0.0000
          0.0000
          0.0000
          8.4976
         -6.1573
        134.7129
        114.1560
         36.9667
         95.1670
        206.5001
        130.7744
          0.0000
          0.0000
          0.0000
          0.0000
          0.0000
          0.0000
         -3.9427
         -2.0684
          6.5542
         13.7800
          7.0753
          3.8405
          0.0962
          0.0000
          0.0000
          0.0000
          0.0000
         11.6691
         19.8475
          6.6609
         46.1531
        159.1883
        117.6976
          0.0000
          0.0000
          0.0000
          0.0000
          0.0000
          0.0000
          0.0000
          0.0000
          0.0000
          0.0000
          0.0000
          8.0528
         10.4649
         38.4429
         -0.5102
         22.6542
         26.9454
          1.3776
         -8.1714
          5.4093
          1.1207
          3.7744
         41.1132
          0.0000
          0.0000
          0.0000
         68.9529
         93.2156
         81.1045
         12.3882
          0.0000
         37.3159
          0.0000
          0.0000
          0.0000
          0.0000
          0.0000
          5.6792
         18.3551
         63.6886
         10.9546
         30.9465
         58.3624
         19.6169
          0.0000
         13.9240
         54.8500
        149.5089
         28.0124
          0.0000
          0.0000
          0.0000
          0.0000
         13.4773
          0.0000
         26.4444
          2.9405
          2.2081
         30.2926
         54.8099
         18.6725
         16.7781
         23.7684
        149.2598
        145.0218
          5.1059
         20.4437
          8.2071
          5.6440
          1.3026
          1.0365
         39.9282
         34.1734
         -1.9036
          0.0000
          9.1134
          8.2787
         -8.7766
         58.1981
        111.8157
          0.0000
          0.0000
          0.0000
          0.0000
          0.0000
          2.8461
          0.0000
          0.0000
          0.0000
          0.0000
          0.0000
          0.0000
          0.0000
          1.3844
          0.0000
          0.0000
          0.0000
          0.0000
          0.0000
         10.9315
         33.8051
         26.0352
          7.6425
         15.4396
         77.1010
         77.5994
         42.2719
         46.6108
         72.8416
         64.9880
         30.1631
         -4.6613
          0.0000
          1.2655
          7.4219
          7.0048
          0.0000
          1.4730
          0.0000
          0.0000
          0.0000
          2.9586
         10.8377
         13.5968
          9.1092
          1.0128
          0.0000
          0.0000
         25.5654
         10.4683
         32.6081
        143.8840
        152.4985
        129.0183
        141.4150
         69.2878
          6.3789
         -6.3192
          0.0000
          0.0000
          0.0000
          0.0000
          0.0000
          1.9896
         23.2934
         69.6188
         46.7314
          0.0000
          0.0000
          0.0000
          0.0000
          0.0000
          0.0000
          0.0000
          0.0000
          0.0000
          0.0000
          0.0000
          0.0000
         -2.4013
         -0.5226
          9.3687
          0.0496
          0.0000
          0.0000
          0.0000
          0.0000
          0.0000
          0.0000
         11.6418
         27.6360
         49.6557
         86.7665
        144.9104
        206.6933
        146.8967
         76.8182
          0.0000
          0.0000
          0.0000
          0.0000
          2.6486
          1.0400
          5.0407
         24.1574
         26.6398
         27.3943
         41.7487
         64.3136
         61.3443
         60.0675
        124.5861
         75.2348
          0.0000
          0.0000
          0.0000
          0.0000
          0.0000
          0.0000
          0.0000
          0.0000
          9.2378
          0.0000
          0.0000
          6.0217
         13.8887
         18.4136
         44.7996
         56.7004
         28.5524
        -15.0006
          0.0000
          0.0000
          1.9804
          0.0000
          0.0000
          0.0000
          0.0000
          0.0000
          0.0000
          3.6850
          9.3013
          0.0000
          0.0000
          0.0000
          8.3233
         19.8460
         22.7824
         20.8415
         -4.2940
        140.5025
        102.4323
          0.0000
          0.0000
          0.0000
          0.8596
          0.0000
          0.4215
          0.0000
          9.2619
          5.0007
          0.0000
          0.0000
          0.0000
          0.0000
          0.0000
          0.0000
         -0.9213
          0.0000
          0.0000
          0.0000
          5.8781
          9.4703
         32.6924
         47.6790
         13.3749
          2.0435
          1.3416
          0.0000
          0.0000
          0.0000
          0.0000
          0.0000
          0.0000
          0.0000
          0.0000
          0.5114
         11.0827
          3.6903
          6.2136
          0.9087
         95.1341
         84.0379
         -1.2076
        -13.7739
          0.0000
          0.0000
          8.8819
          2.4029
         40.1988
         14.6858
         10.2027
         -7.7000
         -6.5113
          0.0000
          0.0000
          0.0000
          0.0000
          0.0000
          0.0000
          0.0000
          0.0000
         80.7497
         67.2520
         59.3168
        104.7931
         17.0581
         -4.3036
          0.0000
          1.6047
          0.0000
          2.4278
          0.0000
          0.0000
          0.3539
          6.0879
          4.2059
         21.9475
         29.1536
         16.4455
         21.9774
         20.7507
        101.2979
         26.8694
         18.2514
         25.2545
         14.8026
          0.4862
          0.0000
          0.0000
          0.0000
          0.0000
          0.0000
          0.0000
          0.0000
          2.3750
          0.6703
          0.0000
          0.0000
          9.2272
         18.5148
         21.2490
         16.4073
         28.8628
         32.7408
         83.2576
         18.9340
         16.1022
         12.4724
          0.5804
          3.2492
         53.3805
        102.7053
          0.0000
          0.0000
          0.0000
          0.0000
          0.0000
          0.0000
          3.6680
          0.1660
         -0.2057
         20.2993
          0.0000
          0.0000
          0.0000
          0.0000
          0.0000
          0.0000
          0.0000
          0.0000
          0.0000
          4.8392
          9.1025
          0.0000
          0.6797
          0.0000
          0.0000
          0.0000
          0.1712
          0.9979
          0.3436
          0.0000
          0.0000
          0.0000
          0.0000
          0.0000
         12.5880
         43.7958
         40.1328
         14.4970
          9.8239
          0.0000
          0.0000
          0.0000
          0.0000
          3.8195
         12.3749
         20.3444
          3.5323
          0.0000
          0.0000
          0.0000
          0.0000
          0.0000
          0.0000
         13.8668
          5.9372
         26.1798
         79.8496
         39.1141
          0.0000
          0.0000
          0.0000
          0.0000
          5.7366
          0.0000
          0.0000
          0.0000
          0.0000
          0.0000
          0.0000
          0.0000
          0.0000
          0.0000
          0.0000
          0.0000
          0.0000
          0.0000
          0.0000
          0.0000
          0.0000
          0.0000
          0.0000
          0.0000
          6.6472
          3.4383
          0.0000
          0.0000
          0.0000
          0.0000
          0.0000
          0.0000
          0.0000
         32.6003
         24.2930
          8.4235
         64.3725
         67.7727
        145.1752
        173.5376
          0.0000
          0.0000
          0.0000
          0.0000
          0.0000
          0.0000
          0.0000
          0.0000
          0.0000
          0.0000
          0.0000
          0.0000
          0.0000
          0.0000
          0.0000
          0.0000
          0.0000
          0.0000
          0.0000
          0.0000
          0.0000
          0.0000
          0.0000
          0.0000
          0.0000
          0.0000
          0.0000
          0.0000
          0.0000
          0.1673
        -10.8869
         -6.4071
          0.0087
         14.5029
         10.0402
         -0.9407
          0.0000
         23.4262
         12.0671
          0.0000
          0.0000
          0.0000
          0.0000
          2.9084
          8.7527
          4.1601
         -1.1094
         24.4683
         16.1545
          5.6725
         26.2289
          1.9072
          0.0000
         -1.2024
        139.2393
         43.3937
          0.0000
          0.0000
          0.0000
          9.8152
         98.4602
        162.0477
         29.2636
          0.0000
          0.0000
          0.0000
          3.7191
          7.1194
          8.7173
          7.5871
         12.5739
         48.8121
        137.4872
         67.8029
          5.6718
          0.0000
          0.0000
          0.0000
          0.2855
         19.4298
         20.2197
          5.4241
          7.2766
          0.0000
          0.0000
          0.0000
          0.0000
          0.0000
          0.0000
          0.0000
         18.2627
          0.0000
          0.0000
          0.0000
          0.0000
          0.0000
          0.0000
          0.0000
          0.3126
          0.0000
          0.0000
          5.7926
         12.6780
          0.1552
          0.0000
         20.3458
          6.3057
          6.3802
         13.2846
          9.8988
          0.0000
          0.0000
          5.3661
          7.8737
          5.2696
         11.3818
         65.3625
         56.4224
         53.0205
          0.0000
          0.0000
          1.5373
          0.0000
          0.0000
          3.8564
          0.3376
          2.3467
          9.7327
         23.0202
         36.2243
         15.3085
         13.2273
          5.8061
        -18.2062
          4.8036
         98.1042
          7.5238
         47.5786
         24.6463
         57.6389
         70.5691
         41.8348
         -5.2531
         -0.7674
          3.3284
          0.0000
         21.2210
         64.1200
          9.9365
          1.9726
          6.1097
          0.0389
          2.5288
          0.6190
          1.3158
          0.6155
          6.7064
          8.1649
         -2.0812
          0.0000
          0.0000
          0.0000
          0.0000
          0.0000
          3.8030
          0.0000
          0.0000
          0.0000
         10.2662
         17.2836
         43.2782
        124.9902
         87.5007
          0.0000
          0.0000
          0.0000
          0.0000
         21.2232
         19.2090
          8.0869
          3.9334
          2.7828
         -0.0584
          0.0000
          0.0000
          0.0000
          0.0000
          0.0000
          0.0000
          0.0000
          0.0000
          0.0000
          0.0000
          0.0000
          0.0000
          0.0000
          2.6236
          0.0000
          0.0000
          0.0000
          0.0000
          2.3138
          2.5876
          0.0000
          2.2486
          0.0000
          0.0000
          0.0000
          3.5569
          3.7230
          2.9158
          6.6103
          5.1946
         -0.9273
          0.0000
          0.0000
          0.0000
          0.2201
          0.5792
          9.6915
         31.1010
         48.4134
         42.0906
          0.0000
          0.0000
          0.0000
          8.8162
         34.0902
         44.0973
         25.3262
          0.0000
          0.0000
          0.0000
         16.6657
         17.5660
         -1.3578
          1.7837
         54.9632
         56.6982
          0.0000
         15.2798
         25.6069
         27.8806
         32.5963
         11.2437
          4.8968
         65.0708
          0.0000
          0.0000
          1.6098
          0.0000
          0.0000
          7.5992
          0.0000
          0.0000
         44.3539
          0.0000
          0.0000
          0.0230
          0.0000
          0.0000
          0.0000
         -1.3146
          6.5677
         13.6908
         28.0029
         16.5226
          2.2067
         23.3964
          0.0000
          0.0000
          0.0000
          0.0000
         16.3368
         10.2720
          1.3203
          5.1823
          0.0000
          0.0000
          0.0000
          0.0000
         11.0826
          8.4916
          5.0241
          4.7940
          0.0000
          0.0000
          0.0000
          0.1259
         16.5289
          7.8881
         -2.9481
         -0.4595
          0.0000
          0.0000
          0.0000
          0.0000
          0.0000
          4.3638
          0.0000
          0.0000
          0.0000
          0.0000
          0.0000
          0.0000
          1.3037
          9.1262
          6.8797
          6.4949
          0.0000
          0.0000
          0.0000
          2.9224
         13.8467
         17.7080
         25.4399
         19.1847
          0.0000
          0.0000
          0.0000
          1.6464
         61.4688
         17.6580
          1.9595
          4.5516
          0.0000
          0.0000
          0.0000
          0.0000
          0.0000
          0.0000
          0.0000
          0.0000
          0.0000
          0.0000
          0.0000
          0.0000
          0.0000
          0.0000
          0.0000
          2.8632
          0.0000
          0.0000
          0.0000
         10.5566
         28.0779
         16.1494
         19.1347
          9.7829
          0.0000
          0.0000
          0.0000
          0.0000
          0.0000
          0.0000
          0.3875
         11.5966
          0.0000
          0.0000
          0.0000
          0.0000
          0.0000
          1.0902
          0.0000
          0.1554
         14.2656
         13.3629
          0.0000
          0.0000
          0.0000
          0.0000
          0.0000
          0.0000
         31.7393
          1.2813
          0.0000
          0.0000
          0.0000
          0.0000
          0.0000
          9.2225
          0.0000
         24.8811
          0.0000
          0.0000
          0.0000
          0.0000
          0.0000
          0.0000
          0.0000
         -1.1232
          0.0000
          2.4787
          7.4268
         12.0725
          0.2382
          6.2234
         26.2924
         55.0922
          5.3687
          0.0000
          0.0000
          0.0000
          0.0000
          0.0000
          0.0000
          0.0000
          0.0000
          0.0000
          0.0000
          0.0000
          0.0000
          0.0000
          0.0000
          0.0000
          0.0000
          0.0000
          0.0000
          0.0000
          0.0000
          0.0000
          0.0000
          0.0000
          0.0000
          0.3996
          8.7255
          3.9640
          0.0000
         12.4343
          0.0000
         26.7482
         18.3065
          0.0000
          8.0000
         14.4603
         -2.0913
        -16.5337
          0.0000
          0.0000
         20.0426
         26.9875
         31.1776
         29.8306
         37.5541
         44.9454
          0.0000
          0.0000
          0.0000
          3.5625
          4.9130
          6.5085
         12.3921
          0.9731
         48.7712
         21.6286
          0.0000
          0.0000
          0.0000
          0.0000
          8.7414
         -6.0528
          0.0000
          0.0000
          4.2625
          0.0000
          0.0000
          0.0000
          0.0000
          5.9734
          8.5837
         19.6685
         13.3240
          9.3057
          5.5884
          4.6610
          0.0000
         18.4351
         50.6623
        102.5889
         23.5168
          0.0000
          3.0212
         13.1739
          2.7899
         -7.1369
          0.0000
          0.0000
          0.0000
          0.0000
          0.0000
          0.0000
          0.0000
          0.0000
          0.0000
          0.0000
          0.0000
          0.0000
          0.0000
          0.0000
          1.7512
          8.5102
          0.0000
          0.0000
          0.0000
          0.0000
         13.5722
          7.9056
          0.6727
         -9.4280
         -1.5220
          0.0000
          0.0000
          0.0000
          0.0000
          0.0000
          0.0000
          9.1864
          2.3666
         31.7964
          0.0000
         16.1204
         44.6259
          3.6622
          5.2622
        156.2699
        123.0780
          0.0000
          0.0000
          0.0000
          0.0000
          0.0000
          0.0000
          0.0000
          0.0000
         -8.0736
          0.0000
          0.0000
          0.0000
          0.0000
          0.0000
          0.0000
          0.0000
        -12.1874
          0.0000
          0.0000
          0.0000
          0.0000
          0.0000
          0.0000
          0.0000
          0.0000
          0.0000
          0.0000
          0.0000
          0.0000
          0.0000
          0.0000
          0.0000
          0.0000
          0.0000
          0.0000
          0.0000
          0.0000
          0.0000
          0.0000
          0.0000
          0.0000
          0.0000
          0.0000
          0.0000
          0.0000
          0.0000
          0.0000
          0.0000
          0.0000
         11.4118
         22.2844
         21.5001
          5.1620
          0.0000
          0.0000
          0.0000
          0.0000
          0.0000
          0.0000
          0.0000
          0.0000
          0.0000
          0.0000
          0.0000
          0.0000
          0.0000
          0.0000
          0.0000
          0.0000
          0.0000
          0.0000
          0.0000
          0.0000
          0.0000
          0.0000
          0.0000
          0.0000
          0.0000
          7.4965
          0.0000
          0.0000
          0.0000
          0.0000
          0.0000
          0.0000
          0.0000
          0.0000
          0.0000
          0.0000
         43.3119
         12.2690
         23.7927
         11.5508
         10.4278
          9.0483
         -2.8375
          0.0000
          0.0000
          0.0000
          4.0154
          0.6329
          0.8393
          1.5849
          3.3270
          0.0000
          0.0000
          0.0000
          0.0000
          0.0000
          8.3529
          7.1978
          0.0000
          0.0000
          0.0000
          0.0000
          0.0000
          0.0000
         13.4088
         87.5488
          0.0000
          0.0000
          0.0000
          0.0000
          0.0000
          0.0000
          0.0000
          0.0000
          0.0000
          0.0000
         35.6422
          0.0000
          0.0000
          0.0000
          0.0000
          0.0000
          0.0000
          0.0000
          0.0000
          0.0000
          0.0000
          0.0000
          0.0000
          0.0000
          0.0000
          0.0000
          0.0000
          0.0000
          0.0000
          0.0000
          0.0000
          0.0000
          0.0000
          0.0000
          0.0000
          0.0000
          0.0000
          0.0000
          0.0000
          0.0000
          0.0000
          0.0000
          0.0000
          0.0000
          0.0000
          0.0000
          0.0000
          0.0000
          0.0000
         12.0900
          1.7110
         28.5696
         42.0153
          0.3834
         -2.2841
         15.5739
          0.0000
         92.9967
         31.1857
          0.0000
          0.0000
          0.0000
          9.1758
          5.0296
          0.0000
        181.2964
        107.3857
          0.0000
          0.0000
          4.7507
          4.0079
          5.1690
          0.0000
          0.0000
          0.0000
          0.0000
         13.2131
         11.7663
          0.0000
          0.0000
          0.0000
          0.0000
          0.0000
          0.0000
          0.0000
          0.0000
          0.0000
          0.0000
          0.0000
          0.0000
          0.0000
          0.0000
          0.0000
          8.2007
          7.5084
         -2.4146
         35.7175
         21.1545
          0.0000
          0.0000
          0.0000
          1.9359
          2.4426
          8.7134
          0.0000
          0.0000
          0.0000
          0.0000
          0.0000
          1.6368
          0.4710
          0.0000
          0.0000
          0.0000
          0.0000
          0.0000
          0.0000
          0.0000
          0.0000
          0.0000
          0.0000
          0.0000
          0.0000
          0.0000
          0.0000
          0.0000
          0.0000
          0.3074
          0.0000
          0.0000
          0.0000
          0.0000
          0.0000
          5.0838
          2.2919
          0.8484
         22.5172
         58.4324
          0.0000
          0.0000
          0.0000
         19.5240
         59.4566
          2.5627
          0.0000
          0.0000
          0.0000
          0.0000
          0.0000
          0.0000
          0.0000
         12.6445
          6.8898
         -1.2022
          0.0000
          0.0000
          0.0000
          0.0000
          0.0000
          0.5682
          0.0000
          0.0000
          0.0000
          0.0000
          0.0000
          0.0000
          0.0000
          0.0000
          0.0000
          0.0000
          0.0000
          0.0000
          0.0000
          1.3197
         -0.0718
          0.0000
          0.0000
          0.0000
          0.0000
          0.0000
          2.0774
          4.6959
          7.2571
          4.7733
          0.0000
          0.0000
          0.0000
          0.0000
          0.0000
          1.9618
         13.4278
         19.5544
          0.0000
          0.0000
          0.0000
          0.0000
          0.0000
          0.0000
          0.0000
          2.5977
          0.0000
          7.4616
         11.3948
          9.0723
          0.0000
          0.0000
          0.0000
          0.0000
          0.0000
          0.0000
          0.0000
          0.0000
          0.0000
          1.0921
          0.0000
          0.0000
          0.0000
          0.0000
          0.0000
          0.0000
          0.0000
         -0.4737
          0.0000
          0.0000
          0.0000
          0.0000
          0.0000
          0.0000
          0.0000
          0.0000
          0.0000
          0.0000
          0.0000
          0.0000
          0.0000
          0.0000
          0.0000
          0.0000
          0.0000
          0.0000
          0.0000
          0.0000
          0.0000
          0.0000
         17.0468
          4.3279
          0.0000
          0.0000
          0.0000
          0.0000
          0.0000
         11.2774
         31.6350
         14.1962
         45.6787
         41.4697
          0.0000
          0.0000
          0.0000
          0.0000
          0.0000
          0.0000
          0.0000
          4.9465
          0.0000
          0.0000
         26.5096
          0.0000
         22.1146
         74.5394
         39.5874
         60.8404
         67.3333
          0.0000
          0.0000
          0.0000
          0.0000
          0.0000
          0.0000
          0.0000
          0.0000
          0.0000
          0.0000
          0.0000
          0.0000
          0.0000
          0.0000
         11.5706
          9.2979
         91.2664
          0.0000
          0.0000
          4.0649
         26.5983
         11.1173
          0.0608
          0.0000
         -6.9572
         -0.6861
          0.0000
          0.0000
          0.0000
          0.0000
          0.0000
          0.0000
          0.0000
          0.0000
          0.0000
          9.1544
          4.0753
          0.0000
          4.3111
          0.0000
          0.0000
          0.0000
          0.0000
          0.0000
          0.0000
          0.0000
        177.1410
          0.0000
          0.0000
          0.0000
          0.0000
          3.3524
          7.5307
          0.0000
          0.0000
          0.0000
          0.0000
          0.0000
          0.0000
         77.7943
        158.0120
         80.8244
         13.8129
          0.0000
         -0.3969
          0.0000
          0.0000
          0.0000
          2.9927
        170.0542
        163.5524
        184.6979
          0.0000
          0.0000
          0.0000
          0.0000
          0.0000
          0.0000
          0.0000
          0.0000
         47.5949
          0.0000
          0.0000
          8.8279
          0.0000
        154.4009
          0.0000
          0.0000
          0.0000
          0.0000
          0.0000
          0.0000
          9.1234
          1.2993
         -0.0909
         39.9409
          0.0000
          0.0000
          0.0000
          0.0000
          0.0000
          0.0000
          0.0000
          0.0000
          0.0000
          0.0000
          0.0000
         23.6427
         21.5294
          7.5232
         30.2282
         66.0970
          0.0000
          0.0000
          0.0000
          4.2168
          0.0000
          0.0000
          0.0000
          0.0000
          0.0000
          0.0000
          0.0000
          0.0000
          0.0000
          6.5440
         19.6734
          0.0000
          0.0000
          0.0000
          0.0000
         26.7700
         28.7517
          9.1444
         20.8047
         26.8877
        201.9275
         41.3853
          0.0000
          0.0000
         -3.0975
          2.1561
         12.4793
          0.0000
         31.2234
          0.0000
          0.0000
          3.8061
          7.3332
          4.5758
         10.0041
         29.3281
         13.8777
          0.0000
          0.0000
          0.0000
          0.0000
          0.0000
          0.0000
          0.0000
         66.6280
         35.0342
          0.0000
          0.0000
          0.0000
          2.5404
         16.3982
         14.8050
        111.3318
         38.6693
          0.0000
          0.0000
          0.0000
          0.0000
          0.0000
          0.0000
         -1.8916
          0.0000
          0.0000
          0.0000
          0.0000
          0.0000
          0.0000
          0.0000
          0.0000
          0.0000
          0.0000
          0.0000
          0.0000
          0.0000
          1.5653
         14.1815
          3.0464
        -10.0755
          0.0000
          0.0000
          0.0000
          0.0000
          0.0000
          3.4114
         -0.6536
         -0.6425
          7.8073
          8.4051
         12.1925
          5.4855
         10.9634
         -4.3488
          0.0000
          0.0000
          0.0000
          0.0000
          0.0000
          0.0000
          0.0000
          0.0000
          0.0000
          0.0000
          0.0000
          0.0000
          0.0000
          0.0000
          0.0000
          0.0000
          0.0000
          0.0000
          2.7725
          0.0000
          0.0000
          0.0000
          0.0000
          0.0000
          0.0000
          0.0000
          0.0000
          0.0000
          0.0000
          0.0000
          0.0000
          0.0000
          0.0000
          0.0000
          0.0000
          9.4675
         22.2533
         18.4697
          9.8535
         44.0685
        173.9386
         67.0062
          8.7342
          0.0000
          0.0000
          5.7857
         13.0986
          8.6583
        103.9500
          0.0000
          0.0000
          4.5502
          7.4369
          6.7697
         13.3396
         -1.4788
         -0.6605
          6.7462
          9.7219
          0.0000
          0.0000
          0.0000
          0.0000
          4.6614
         -1.9418
          0.0000
          0.0000
          0.0000
          0.0000
          0.0000
          0.0000
          0.0000
         -9.8355
         -3.0488
          0.0000
         22.7932
          9.5326
         -8.0977
        212.4725
        237.1729
        255.5391
          0.0000
          0.0000
          0.0000
          0.0000
          0.0000
          0.0000
         12.7323
          0.6532
         -4.8952
          0.0000
          0.0000
          0.0000
          0.0000
          0.6411
          1.8927
          0.0000
          0.0000
          0.0000
          0.0000
          0.0000
          0.0000
         16.9124
         54.3958
        147.9810
         10.2776
        -18.5844
         48.2969
         76.7676
         28.0024
        129.3554
        197.3335
        151.1651
          0.0000
          0.0000
          0.0000
          0.0000
          0.0000
          0.0000
          0.0000
        -15.7298
         -3.0157
          0.0000
         15.7970
          2.9722
         26.0241
         91.9079
        161.0391
        122.9994
          0.0000
          0.0000
          0.0000
          0.0000
          0.0000
          0.0000
          0.0000
          0.0000
          0.0000
          0.0000
          0.0000
          0.0000
          0.0000
         -1.2348
          0.0000
          0.0000
         99.9490
         53.4255
          0.0000
          0.0000
          0.0000
          0.0000
          0.0000
          3.1396
          0.0000
          0.0000
          0.0000
          0.0000
          0.0000
          8.7283
         51.6590
        144.2420
        146.2921
         45.8998
         11.9586
         11.9009
        108.8704
        134.4578
        121.9720
         66.8725
          0.0000
          0.0000
          0.0000
          0.0000
          0.0000
          0.0000
         11.4455
         23.2820
         14.0800
         25.9329
        114.7703
        149.6553
         72.1571
         15.7165
         30.2743
          0.0000
          0.0000
          0.0000
          0.0000
          0.0000
          0.0000
          0.0000
          0.0000
         -1.2296
          0.0000
          0.0000
          8.8589
          8.2109
          6.2872
         13.2567
          6.7657
          0.0000
          0.0000
          0.0000
          0.0000
          0.0000
          0.0000
          0.0000
          0.0000
          0.0000
          0.0000
          0.0000
          0.0000
          0.0000
          0.0000
          0.0000
          0.0000
         -5.1295
         -0.7140
          0.0000
          0.0000
          5.2883
         33.6597
         73.0660
        139.0588
        110.5612
         30.1346
          0.0000
          0.0000
          0.0000
          0.0000
          0.0000
          0.0000
          0.0000
          0.0000
          0.0000
          0.0000
          0.0000
          0.0000
          0.0000
          0.0000
         -8.4535
         -1.4281
          0.0000
          0.0000
          0.0000
          0.0000
          0.0000
          0.0000
         -8.3387
         -0.5952
          0.0000
          1.4988
          3.8322
          3.1113
         11.7101
         15.4582
        -14.8144
          0.0000
          0.0000
         18.6493
         10.6596
          0.1874
         14.7639
         54.3339
         43.5389
          0.0000
          0.0000
          0.0000
          0.0000
          0.0000
         16.1664
         30.2229
          7.6324
         -0.6809
          6.1714
          0.0000
          0.0000
          0.0000
          0.0000
         20.0132
          3.0751
         -3.3872
         15.7215
          0.0000
          1.4322
         16.6681
         23.4741
         27.6953
         98.5792
          8.5321
         10.2151
          9.9840
          0.0000
          0.0000
         31.8137
         66.8839
         41.1057
         29.5914
         10.9022
         -5.7881
          3.4918
          5.3175
         -3.5563
        112.7925
        124.3834
         -2.3670
          0.0000
          3.4001
          0.0000
         26.9880
          1.1862
          0.0000
          0.0000
          0.0000
          3.6015
          1.7414
          0.0000
          0.0000
          0.0000
          0.0000
         -6.1772
         -1.2492
          0.0000
         24.8341
          7.9301
        -13.6002
         54.2916
        227.1006
         26.2220
          0.0000
          0.0000
         46.4578
         31.5258
         84.2835
        100.2097
        120.8570
         12.2277
          0.0000
          0.0000
          0.0000
          0.0000
          0.0000
          0.0000
          0.0000
         13.9682
         24.5968
          0.0000
         -3.7792
        -12.0166
          0.0000
          3.1166
          0.0000
          0.0000
          0.0000
          4.3743
         22.3864
         14.7312
         -5.5190
          5.8282
        185.9610
        196.2241
          0.0000
          0.0000
          0.0000
          0.0000
          0.0000
          5.8204
          0.0000
          5.8183
          0.4431
         34.1537
         83.4578
         35.1635
          0.0000
          0.0000
          0.0000
          0.0000
          0.0000
          0.0000
          0.0000
          0.0000
          0.0000
          0.0000
          0.0000
         29.7831
          0.0000
          0.0000
         22.5171
         24.5845
         26.8011
         -0.8109
        126.6276
         63.1857
          0.0000
          0.0000
          0.0000
         16.0476
         16.3446
         20.7228
          0.5676
          2.4232
         23.1283
          5.6410
         21.5960
         72.5609
          0.0000
          0.0000
          0.0000
         -0.9195
          0.0000
          0.0000
          0.0000
          0.0000
          0.0000
          4.6034
          7.6202
          0.0000
          0.0000
          1.3498
         17.0640
          9.2399
         14.6452
         -4.9448
        -10.3107
          0.0000
          0.0000
          0.0000
          6.1343
         15.1917
         23.1472
         20.6269
         24.8076
         52.2347
          0.0000
          1.6811
          2.8602
         12.7054
         19.0909
         35.4685
         85.2078
        124.7705
          0.0000
          0.0000
          0.0000
          1.7902
         28.4551
         18.4491
         88.7960
        123.1172
          0.0000
          0.0000
          9.5978
         -5.3397
         -0.4846
          0.0000
          2.8429
         -0.3808
          0.0000
          0.0000
          0.0000
          0.0000
          0.0000
          2.7978
          2.5804
         -0.0924
          0.0000
          0.0000
          0.0000
          0.0000
          5.4365
         20.0083
          0.0000
          0.0000
          0.0000
          0.0000
         39.7714
         13.1265
          5.5827
         52.7654
        147.9387
          0.0000
          0.0000
          9.3847
         21.4435
          7.4697
          0.0000
          8.7167
          0.0000
          0.0000
          0.0000
          0.0000
          0.0000
          6.3571
         12.7447
         17.5814
         34.9235
         32.2971
         32.2971
          0.2295
          0.2295
          6.7939
          7.8055
         19.8648
         18.0106
         19.1529
         16.8486
          0.0000
          0.0000
          0.0000
          0.0000
          8.0673
         37.5906
         57.7182
          0.0000
         21.5846
         24.0090
          9.0368
          4.9407
          2.6360
          0.0000
          0.0000
          0.0000
          0.0000
         16.5431
         17.8489
          8.5373
         25.8452
         70.2251
         36.3408
          0.0000
          0.0000
         13.4423
         16.4311
         26.5272
         54.0295
         86.9492
          0.0000
          0.0000
          0.0000
          0.6247
         17.7333
          7.5227
         14.5509
         19.1517
         42.5924
         -0.3130
          0.0000
          0.0000
          0.0000
          0.0000
          1.9126
          0.6904
         -2.4041
          0.0000
         23.2372
         21.7713
         16.4900
         19.8341
         23.5769
         14.2701
         -0.7699
          0.0000
         35.1249
         76.9683
         37.3826
         90.4313
         57.3885
         58.5354
          0.0000
          0.0000
          0.0000
          0.0000
          8.6754
         13.9484
         37.4526
         59.0906
          0.0000
          0.0000
          0.0000
          0.0000
          6.0648
         11.3434
         65.0894
        121.7075
         28.1126
          0.0000
          0.0000
          0.0000
          0.0000
          0.0000
          0.0000
          0.0000
          0.0000
          0.0000
          0.0000
          0.0000
          0.0000
          0.0000
          0.0000
          4.1260
          7.4643
          3.7554
          0.0000
          0.0000
          2.5568
          2.6670
          8.5987
         15.9160
         60.0518
          0.0000
          0.0000
          0.0000
          0.0000
          0.0000
          0.0000
          0.0000
         -1.9571
          0.0000
          0.0000
         14.1067
        -11.8855
        -14.0353
         -4.6653
          0.0000
         40.3027
         38.6373
          0.0000
          0.0000
          0.0000
          0.0000
          0.0000
          0.0000
          0.0000
         40.5472
          0.0000
          0.0000
          0.0000
          0.0000
          0.0000
          0.0000
          0.0000
         40.8411
         73.9253
         40.9072
          4.4585
          0.0000
          0.0000
          0.0000
         98.1176
         89.9500
          0.0000
          0.0000
          0.0000
          0.0000
          0.0000
          0.0000
          0.0000
         48.1293
          0.0000
          2.8616
          1.2850
          0.0000
          0.0000
          0.0000
          0.0000
          8.5536
          0.0000
          0.0000
          0.0000
          0.0000
          6.9395
          1.5925
          8.2637
         93.4026
         98.0898
         67.1941
         18.9938
        -11.1026
         13.1862
        116.6059
         52.4482
          2.8981
          0.0000
          6.6572
         23.1354
          6.9273
         20.5291
         64.2064
         75.9358
          0.0000
          0.0000
          0.0000
          0.0000
          0.0000
         12.8073
          4.6682
         -5.5214
          0.0000
          0.0000
          0.0000
          0.0000
          0.8501
         17.9891
         15.7754
          1.9309
          0.0000
          0.0000
          0.0000
          0.0000
          0.0000
          0.0000
          0.0000
          0.7266
          0.0000
          0.0000
          0.0000
          0.0000
          1.2821
          9.2267
          8.5918
          3.8053
          2.9668
          1.2740
          9.2556
          0.0000
          0.0000
         13.9313
         19.1608
        121.8481
        127.4219
         30.6404
         10.4437
         13.9143
         17.9746
          8.4567
          0.0000
          0.0000
         54.5460
         13.2561
         19.0359
         36.4101
         43.2031
        -21.8770
         84.5002
         24.2688
          0.0000
          0.0000
          4.7105
          7.2904
         15.7020
         40.1572
        146.6131
         30.1507
          0.0000
          0.0000
          0.0000
          5.5560
         20.0515
          3.2149
         17.5500
         20.9961
          0.0000
          0.0000
          0.0000
          0.0000
          0.0000
          0.0000
          0.0000
          0.0000
          0.0000
          0.0000
          0.0000
          0.0000
          0.0000
         10.3698
         15.2998
         11.3164
         13.0302
          0.0000
          0.0000
          0.0351
          0.0000
          0.0000
          0.0000
         -0.6603
          0.0000
          0.0000
          0.0000
          0.0000
          0.0000
          0.0000
          0.0000
         -6.0750
         -0.5543
          0.0000
          0.0000
          0.0000
          0.0000
          0.0000
          0.0000
         -0.3006
          0.0000
          0.0000
          0.0000
          0.0000
          0.0000
          0.0000
          0.0000
         -4.3370
          0.0000
          0.0000
          0.0000
          0.0000
          0.0000
         21.9595
          0.0000
          0.0000
         51.0833
         83.1101
         68.7831
          0.0000
          0.0000
          0.0000
          0.0000
          0.0000
          0.0000
          0.0000
          0.0000
          0.0000
          0.0000
         10.2607
         13.3866
         22.7095
          0.0000
          0.0000
          2.0229
         11.1910
          8.5354
         16.7121
         15.0759
        109.9259
          3.7061
          0.0000
          0.0000
          0.0000
          0.0000
          0.0000
          3.0510
          1.5290
          0.2704
         10.2913
         16.0930
         12.9497
         18.3377
         22.8031
         23.3523
         11.6180
          0.0000
          0.0000
          0.0000
          0.0000
          8.4232
         23.6572
         40.6669
          1.7244
          0.0000
         10.9408
         31.5538
         18.9625
          3.3129
         -0.5868
          0.0000
          0.0000
          0.0000
          0.0000
         18.8935
         12.4012
         -5.0894
         35.5227
        119.7249
         61.7600
          0.0000
          0.0000
          0.0000
          0.0426
          1.0656
         15.3744
        111.1966
          0.0000
          0.0000
          0.0000
          0.0000
          0.0000
          0.0000
          0.0000
          0.0000
          0.1473
         -0.6159
          0.0000
          0.0000
          0.0000
          0.0000
          0.0000
          0.0000
         -4.7579
          0.0000
          0.0000
          0.0000
          0.0000
          0.0000
          0.0000
          5.4683
         98.3300
         96.1471
         23.9644
         15.2808
          2.4462
         -8.5313
        -28.4098
         18.3604
        128.3152
        163.3863
        108.4433
          0.0000
          0.0000
          0.0000
          0.0000
          0.0000
          0.0000
          0.0000
          0.0000
         -0.9288
         -2.7536
          7.0254
          4.6238
         50.8994
        104.3489
         72.7021
         -1.1274
        -18.6226
        -14.3722
        -13.6287
        -16.7446
         -3.1297
         12.8720
         17.1353
         12.3480
         35.9991
         22.9499
         -3.1013
          2.6695
          0.0000
         55.8599
         23.7012
          0.0000
          0.0000
          0.0000
         24.5101
         30.8042
          0.0000
         -0.9479
          0.0000
          1.8458
          2.3268
          9.5315
          8.6567
          4.9728
        -12.4833
        -28.2886
         -5.2752
         60.0947
        224.6292
         87.8508
         32.0596
         50.2085
         38.1632
        271.8734
        256.1605
        116.8528
          0.0000
          0.0000
          0.4225
         18.2630
          6.4210
         93.2375
        101.6483
         12.3182
        -12.2843
         -3.2013
         -4.2599
         12.1509
         12.3025
         65.7104
         62.3677
          0.0000
          0.0000
          0.0000
          0.4775
         14.2105
        123.4602
         -0.2250
         -1.1118
          0.0000
         16.6383
         33.3136
          0.0000
          0.0000
          0.0000
          0.3661
          0.0000
          0.0000
          4.0797
         10.3509
          0.0000
          0.7315
         93.1413
         47.8101
          0.0000
          0.0000
          0.0000
          0.0000
          0.0000
          0.0000
          0.0000
         34.8570
         10.3241
         -5.7502
        -11.7328
         -3.9674
          6.3333
          4.1367
        -22.1485
         30.9995
         63.5806
         26.6481
         -8.8591
         19.5186
         26.7006
         -1.7942
          0.0000
         89.8044
          0.0000
          0.0000
          2.7838
         14.4754
          8.7509
          7.5773
          9.9722
         72.2695
          4.3376
         16.1457
         21.2881
         23.6187
         45.3046
         77.3569
          0.0000
          0.0000
          0.0000
          0.0000
          0.0000
          0.0000
          0.0000
          0.0000
          0.0000
         -2.4978
          2.9989
          5.8872
          2.4917
         20.9561
         37.9182
         24.2439
         20.1851
         52.3262
         36.4100
          1.4472
        -10.1075
          8.7799
         45.8933
          4.6401
         -0.8514
         17.0118
        112.8428
         20.7947
         13.0593
          8.9551
         10.2552
         10.1796
         35.3671
         73.7288
          3.1992
         19.1017
          9.3701
          3.6611
         22.6234
        -16.1842
         52.6142
         85.3512
        127.3004
          0.0000
         45.1075
          0.0000
          9.9952
         29.6718
          9.3299
        -16.2756
         24.0232
         31.9512
         23.7736
         -3.2211
          8.1040
         -0.6337
         -5.4867
          2.7166
         26.7960
          1.8353
         17.6398
         17.2902
        -23.8240
        -57.4209
          2.9420
          0.3528
          0.0000
          0.0000
          0.0000
          0.0000
          7.5480
         38.7507
         82.6977
         31.1251
          0.0000
          0.0000
          0.0000
          0.0000
          0.0000
          0.0000
          0.0000
          0.1483
         15.6752
          0.0000
         37.2703
          0.0000
          0.0000
          0.0000
          0.0000
         30.5409
         64.6965
        104.9757
         89.6440
         70.9155
         25.1129
         -2.6035
         -1.3596
        134.0795
        187.2924
        118.4008
        179.5601
        149.7442
        110.9634
         25.1635
          0.0000
         -6.2529
          0.0000
          0.0000
          0.0000
          0.0000
          0.0000
          0.0000
          0.0000
         -4.2665
          0.0000
          0.0000
          0.0000
          0.0000
          7.6605
          2.8625
          0.0000
          0.0000
          0.0000
          0.0000
          0.0000
          0.0000
          0.0000
          0.0000
          0.0000
         20.6748
         47.8589
         12.3133
         20.9935
         39.6142
        109.1994
        141.2583
        215.2579
        104.4563
          0.0000
          0.0000
          0.0000
          0.0000
          4.3785
         11.6541
        123.4666
          0.0000
          0.0000
          0.0000
          0.0000
          0.0000
          0.0000
         12.9977
         48.1881
         51.6807
         18.4738
          5.6320
         -4.1468
          0.0000
         41.3241
         95.2636
        101.2460
         69.1916
         60.6684
          0.0000
          0.0000
          0.0000
          0.0000
          0.0000
          0.0000
          0.0000
          0.0000
          0.0000
          0.0000
          0.0000
          0.0000
          0.0000
          0.0000
         -6.0698
         -1.3570
          5.1029
         -1.3556
          4.4512
          1.4117
          5.7570
          5.2282
         -0.0290
         -0.1897
         10.7729
          0.0519
          0.0000
          0.0000
          0.0000
          0.0000
          0.0000
          0.0000
          0.0000
          7.9577
          2.2265
          0.0000
          0.0000
          0.0000
          0.0000
          0.0000
          0.9388
         12.5527
         12.1789
          3.9843
         -1.7964
          0.0000
          0.0000
          0.0000
          0.0000
         25.6943
         17.3655
         -0.4848
          7.1030
          0.3861
          0.0000
         15.7088
          5.4724
          0.0000
          0.6776
          0.0000
         12.4626
          7.6593
          0.0000
         23.0074
         70.5446
         97.9472
          6.6201
         34.5470
         16.6494
         12.5144
          9.6095
          0.0000
          0.0000
          0.0000
          0.0000
          2.2584
         15.7456
         30.7701
          0.0000
          0.0000
          0.0000
          0.0000
          4.8035
          0.0000
          2.9143
          0.0000
         -0.6829
         17.3955
         23.2526
         18.9926
          9.9675
        104.0080
        101.1592
         11.2216
          0.7059
          0.0000
          5.1527
          0.9980
         -7.1778
         73.3272
        129.1879
         31.1059
          0.0000
          0.0000
          0.0000
          0.0000
          0.0000
          0.0000
          0.0000
          0.0000
          0.0000
         26.8671
          0.0000
          0.0000
          0.0000
          0.0000
          0.0000
          0.0000
          0.0000
          0.0000
          0.0000
          8.5630
         29.3655
         21.6896
         29.3897
        137.3251
          0.0000
          0.0000
          0.0000
          0.0000
         25.5255
          0.0000
          0.0000
         57.8414
         53.1007
          0.0000
          0.0000
          3.7508
         12.0326
          8.5321
         27.1540
         87.1647
         74.2613
          0.0000
          0.0000
          0.0000
          0.0000
         19.8909
         20.5463
         14.5789
         14.9238
         -8.3723
          0.0000
          0.0000
          0.0000
          0.0000
          6.0746
          0.3909
         29.0168
         25.7916
          0.0000
          0.0000
          0.0000
          0.0000
          2.4989
          0.0000
         62.5327
          0.0000
          0.0000
          0.0000
          0.0000
          0.0000
          6.9964
          8.0949
          0.0000
          0.0000
          1.7817
         10.4758
         16.2707
          8.5611
         27.5622
         55.2913
         32.7383
         -2.9127
          0.0000
         46.4615
         19.4583
          3.8210
         23.6936
         39.0272
          0.0000
          0.0000
          0.0000
         15.2775
         12.4288
          0.0000
         16.9361
        141.2637
          0.0000
          0.0000
          0.0000
          0.0000
          0.9044
          0.0000
          4.1316
          0.0000
         33.8025
          0.0000
          0.0000
          5.2972
          2.1087
          8.2218
         13.1971
          0.4322
          3.0281
          6.1804
         48.2628
         85.0899
         26.1925
        -10.7827
         18.4587
         67.6492
         27.0642
         83.9853
          9.1756
          0.0000
          4.1377
         40.9531
         78.5346
         33.3631
         -1.1515
          0.0000
          0.0000
          0.0000
          0.2976
         36.4691
         18.2114
         15.6705
         16.2878
         49.1597
         48.9032
         65.1726
         41.6972
         68.5641
         89.2193
         42.3465
         -0.8204
          0.0000
          1.8955
          3.5105
          1.7257
          0.0000
          3.3302
         17.1555
        100.3108
        162.4985
        107.6803
          0.0000
          0.0000
          0.0000
          1.8137
          0.0000
         -0.9387
          0.0000
          0.0000
          0.0000
          0.0000
          0.0000
          2.0896
          0.0000
          4.5750
          0.0000
          0.0000
          4.9370
          0.0000
          0.0000
         -9.0464
         34.9740
          0.0000
          0.0000
          0.0000
         31.9780
         59.3926
         87.8807
        125.8043
        206.2759
          0.0000
          0.0000
          0.0000
          0.0000
          0.0000
          0.0000
          7.7673
          6.2510
          0.0000
          0.0000
          0.0000
          0.0000
          0.0000
          0.0000
         18.0672
         42.1778
         68.7263
         -1.9983
          0.0000
         25.2755
         19.8089
         31.5328
         11.1965
         -1.9157
         -3.0561
          0.0000
          0.0000
          0.2203
         12.1091
         42.1821
         48.0628
        124.8917
         28.5779
          0.0000
          0.0000
          0.0000
          0.0000
          0.0000
         11.7371
         84.3152
         57.3748
          0.0000
          0.0000
          0.0000
          0.0000
          0.0000
          0.0000
          0.0000
         -2.2578
          0.0000
          0.0000
          5.3218
         13.6902
         12.6271
         12.1544
          0.4903
         -1.7669
          2.9404
         17.4429
         34.1832
         29.6367
         19.1729
         19.6749
         14.0284
          0.0000
          0.0000
          0.0000
          0.0000
          0.0000
          0.0000
          0.3706
          4.5054
         -1.5334
          0.0000
          0.0000
          0.0000
          0.0000
          3.6459
         59.1835
         27.5745
          0.0000
          8.0678
         52.3420
          4.6221
          4.2207
          0.0000
          0.0000
          0.8795
          1.5980
         38.8043
         29.6199
         17.6357
         17.9898
         23.6417
         12.4140
         -1.2080
          4.1162
          9.5390
         40.3940
        130.2760
        168.4697
        169.5025
        153.8247
        167.3174
          0.0000
          0.0000
          0.0000
          0.0000
          0.0000
          0.0000
          0.0000
          0.0000
         -0.7578
          0.0000
          2.5132
          0.0000
          0.0000
          0.0000
         15.3171
         41.7048
         90.9035
         71.1267
         12.0087
          0.0000
          0.0000
          0.0000
          0.0000
         52.9931
        100.0377
          0.0000
          0.0000
          0.0000
          0.0000
          0.0000
          6.3798
          7.7899
         56.8389
          0.0000
          0.0000
          0.8061
         10.6829
          5.4379
         22.1631
         38.3916
         20.9030
         11.2740
         35.2911
         39.0847
         -0.6781
         -3.9029
          7.6497
         15.8098
         20.0750
          6.4502
         18.7792
         59.0788
        109.5108
         26.7087
         17.5824
         33.0580
         70.2624
          0.0000
          0.0000
          0.8991
          7.2972
          0.8053
         11.7450
          4.4514
          1.1854
         68.5612
         23.1572
         36.1442
          8.5108
          7.5968
          1.4347
          0.0000
         -1.9826
          0.0000
          0.0000
          2.2017
         13.4930
          6.1471
          9.7743
          6.5101
         27.8547
          0.0000
          0.0000
          0.0000
          0.0000
         10.3606
          7.1320
          6.9724
          3.8503
          0.0000
          0.0000
          0.0000
          0.0000
          0.0000
         14.5021
         21.4214
         12.8339
         -0.0347
          0.0000
          6.9896
         10.6971
          0.0000
          5.0278
         20.6936
          3.8002
         12.1446
          8.8170
          6.4442
          4.2248
          0.3090
          7.0234
         17.5143
        148.0540
          0.0000
          0.0000
          5.2546
          0.5659
          0.0000
         -3.6447
          0.0000
          0.0000
          0.0000
          0.0000
          6.3378
          4.7608
          0.0000
          0.0000
          0.0000
         -0.7775
          0.0000
          0.0000
          0.0000
          0.9290
          0.0000
          0.1749
          0.0000
          0.0000
          0.0000
          8.1000
         10.3520
         18.0840
         29.8552
         29.7505
          9.9457
          0.0000
          0.0000
          0.0000
          7.9029
         21.4769
          6.9383
         -4.2294
         24.2801
         21.8812
          0.0000
          0.0000
          0.0000
          0.0000
          0.0000
          0.0000
          0.0000
         -2.8852
          0.0000
          0.0000
          0.0000
          0.0000
         12.7811
         18.3679
         18.0548
         16.8619
          0.0000
          0.0000
          9.8261
         24.4461
         -3.3203
        -15.0210
         -1.3639
         22.3084
          0.0000
          0.0000
         18.7415
         30.8524
         18.4093
          0.0000
          0.0000
          0.0000
          0.0000
          0.0000
          0.0000
          0.0000
          0.0000
          0.0000
          0.0000
          0.0000
          0.0000
          0.0000
         13.3568
          5.2745
         16.0129
         36.7852
         11.0791
          0.0000
          0.0000
          0.0000
          0.0000
          0.0000
          6.8832
         19.3527
         23.7981
         57.7143
          0.0000
          0.0000
          9.0619
          0.0000
          0.0000
          0.0000
          0.0000
         -2.1768
          0.0000
          1.9585
          0.0000
          0.0000
          0.0000
          0.0000
          0.0000
         -2.0652
          3.9825
          3.9176
          0.0000
          0.0000
          0.0000
          0.0000
          6.7097
          8.0855
          7.1101
         11.9536
         12.5468
         12.2048
          3.7429
         28.6785
        106.1754
        141.8119
          6.5073
          8.1670
         14.3764
          0.0000
          0.2756
          6.3082
         -3.4185
         -4.2429
          3.2513
         17.1933
         30.0923
         20.7453
         15.1484
         32.9560
         20.3842
         -5.0685
          0.0000
          0.0000
         33.5249
         39.1255
         25.4280
        109.3447
        152.1729
          0.0000
          0.0000
          0.0000
          0.0000
          0.0000
          0.0000
          5.7036
          0.0000
         -0.2315
         12.1470
          9.9376
          7.6368
         15.9379
         27.0531
         67.7078
        118.4236
         61.0647
          0.0000
          0.0000
          0.0000
          0.0000
          0.0000
          0.0000
          0.8268
         -1.4048
         -2.4366
          0.0000
          5.4609
          2.8536
         -0.4193
         -0.3383
         -1.7308
          0.0000
          0.0000
          0.0000
          0.0000
          0.0000
          0.0000
          0.0000
         20.1558
         14.9836
         -0.4791
          5.7360
         32.4944
         40.2344
         38.8677
         82.1102
        161.2135
         -3.2082
          0.0000
          0.0000
          0.0000
          0.0000
          0.0000
          0.0000
          6.0837
         11.0191
          0.0000
          0.0000
          0.0000
          0.0000
          0.0000
         10.7642
         10.6789
          5.9153
          1.9064
          1.0260
          3.1956
          0.0000
          0.0000
          3.8734
         -0.4080
         -2.4972
          0.0000
          0.0000
          0.0000
          0.0000
          0.0000
          0.0000
          0.0000
         -9.9191
          0.0000
          0.0000
          0.0000
          0.0000
          0.0000
          0.0000
          6.6282
          1.5434
         -1.2707
          6.6119
         18.6463
          2.1634
          0.0000
          5.4768
         10.6717
         16.7740
         24.4660
          0.0000
         11.7261
         12.7520
          1.4718
          0.0000
          0.0000
         -1.5578
          6.1570
         19.9232
         33.4266
          5.9700
         -3.2452
         13.7225
         13.3085
          3.1801
          6.8610
         17.3889
         13.2469
         26.0284
          2.8600
          2.7741
          4.8200
         10.8913
        103.0742
         12.6030
         10.3688
         13.8054
         18.3506
          5.3061
         -0.6260
         -2.8924
          0.0000
          0.0000
          0.0000
          0.0000
          0.0000
          0.0000
          0.0000
          7.0304
          9.6443
         26.1838
         11.8692
          0.0000
          0.0000
          0.0000
          0.0000
          0.0000
          0.0000
          0.0000
          2.6495
          8.8774
          0.0000
          0.0000
          2.1360
          0.6215
         -4.4832
          0.0000
          0.9155
          6.3743
          0.0000
          0.0000
          0.1685
         -6.9021
         -0.9652
          0.0000
          0.0000
          0.0000
          0.0000
          0.0000
          0.0000
         -5.4257
         -0.0299
         -3.1295
          0.0000
          0.0000
          0.0000
          3.2078
          5.0321
          2.9833
          6.0658
          1.5656
         -2.5821
         -2.3672
          0.0000
          0.0000
          8.4616
          5.0193
         43.7976
          0.0000
          0.0000
          0.0000
          0.0000
          0.0000
          0.0000
         -2.8949
         -0.8496
          7.1324
          9.5849
         31.8109
         74.7877
         89.2928
         16.0833
          0.0000
          0.0000
          0.0000
          0.0000
          0.0000
          0.0000
          0.0000
          3.6078
         -0.1882
         -1.1351
          0.0000
          0.4510
          3.7438
          7.6092
          3.2572
         -4.3162
         -2.8220
          7.3194
         13.4226
          0.0000
          0.0000
          0.0000
          0.0000
          0.0000
         28.2525
         82.1242
         -1.6270
          0.0000
          0.0000
          0.0000
          0.0000
         34.8573
         72.0020
         63.5108
         -2.0772
          0.0000
          0.0000
         62.0939
          9.5884
         -2.1392
         -2.2724
          4.1233
         16.8086
         19.9605
         19.0224
         94.8367
         82.4566
         77.8847
        137.5419
         40.4778
         18.0419
          1.9996
         32.9120
         57.3147
         13.5153
          0.0000
          6.0682
          0.0000
          6.0187
         40.1969
        108.0611
         69.1282
          3.4829
          8.3103
         -1.0691
          0.0000
          0.0000
          0.0000
          0.0000
          0.0000
          0.0000
        130.4354
        151.2176
          0.0000
          0.0000
          0.0000
          0.0000
          0.0000
          0.0000
          0.0000
         90.6225
        112.2819
          0.0000
          0.0000
          0.0000
          0.0000
          4.7656
         10.9307
         24.9877
         21.8032
         22.1743
         21.4210
         11.4672
         -9.9943
          0.2021
          0.0000
          0.0000
          0.0000
          0.0000
          0.0000
          0.0000
          0.0000
          0.0000
          0.0000
          0.0000
          0.0000
          0.0000
          0.0000
          0.0000
          0.0000
          0.0000
          0.0000
        121.3969
         33.7950
          0.0000
          0.0000
          0.0000
          0.0000
          0.0000
          0.0000
         18.2670
          0.0000
          0.0000
          0.0000
          0.0000
          0.0000
          0.0000
          0.0000
          0.0000
          0.0000
          0.0000
          6.6450
          0.0000
          0.0000
          0.0000
          0.0000
         19.3368
         19.8998
          0.8855
          0.0000
          0.0000
          0.0000
          0.0000
          0.0000
          0.0000
          0.0000
          0.0000
          0.0000
          0.0000
          0.0000
          0.0000
          0.0000
          0.0000
          0.0000
          0.0000
          0.0000
          0.0000
          0.0000
          0.0000
          0.0000
         29.1566
         25.5469
         19.9436
         23.1747
          0.0999
          0.0000
          0.0000
          0.0000
          0.0000
          0.0000
          0.0000
          0.0000
          0.0000
          0.0000
          0.0000
          0.0000
          0.0000
          0.0000
          0.0000
          0.0000
          0.0000
          0.0000
          0.0000
          0.0000
          0.0000
          0.0000
          0.0000
          0.0000
          0.0000
          0.0000
          0.0000
          0.0000
          0.0000
          0.0000
          0.0000
          0.0000
          0.0000
          0.0000
          0.0000
          0.0000
          0.0000
          0.0000
          0.0000
          0.0000
          0.0000
          0.0000
          0.0000
          0.0000
         -0.9904
          0.0000
          0.0000
          0.0000
          0.0000
          0.0000
          0.0000
          9.1786
         56.9728
         31.9063
          0.0000
          0.0000
          4.8333
          0.0000
          4.4815
          8.8086
         50.3216
         14.4569
          1.7566
          0.0000
          0.0000
          0.0000
          0.0000
          0.0000
         -1.2585
         -4.8851
          0.0000
          0.0000
          0.0000
          0.0000
          0.0000
          0.0000
          0.0000
          0.0000
          0.0000
          1.3183
          3.0889
          0.0000
          3.6143
         -1.0378
         -6.1778
          0.0000
          0.0000
          0.0000
          0.0000
          0.0000
         20.8481
         16.3398
         16.6251
          0.0000
          0.0000
          0.0000
          0.0000
          1.6042
         28.3588
         52.3822
        145.1805
          0.0000
          0.0000
          0.0000
          0.9074
          0.0000
          0.0000
          0.0000
         -5.7566
          2.5150
         -0.2994
          0.0000
          0.0000
          0.0000
          0.0000
         20.8044
         26.3050
          0.0000
          0.0000
          0.0000
          0.0000
          0.0000
          0.0000
          0.0000
         13.5986
          1.7144
          0.0000
          0.0000
          0.0000
          0.0000
          0.0000
          0.0000
          0.0000
          0.0000
          0.0000
          0.0000
          0.0000
          0.0000
          0.0000
          0.0000
          0.0000
          0.0000
          0.0000
          0.0000
          0.0000
          0.0000
          0.0000
          0.0000
          0.0000
          0.0000
          0.0000
          1.5196
         64.6144
          8.2538
          8.6429
          1.4937
         87.1439
          4.0810
         68.0602
         61.9918
         16.2296
          0.0000
          4.5908
         26.8893
          2.0311
         18.8269
         -1.5451
          0.0000
          0.0000
          0.0000
          0.0000
          0.0000
         -5.0115
          0.0000
          0.0000
          0.0000
          0.0000
          0.0000
          0.0000
          0.0000
          0.0000
          0.0000
          0.0000
          1.3616
         21.3912
         80.7580
         76.2282
         12.6889
        -11.1267
          2.3578
          0.0000
          5.1568
         13.2296
         32.8140
         35.4429
        160.1842
         42.7346
          0.0000
          0.0000
          0.0000
          3.9694
          0.0000
          7.0904
          8.6009
         -0.3530
          0.0000
          5.8080
          2.1070
          0.0000
          0.0000
          0.0000
          0.0000
          0.0000
          0.0000
          0.0000
          0.0000
          0.0000
          0.0000
          0.0000
          0.0000
         21.1050
          0.9635
          0.0000
          0.0000
          0.0000
          0.0000
         19.3922
         27.4474
         63.0686
          0.0000
          0.0000
         24.2670
         18.6612
         -3.8308
          0.0000
          0.0000
         16.9500
          0.0000
          0.0000
          0.0000
          0.0000
          0.0000
          0.0000
          0.0000
          0.0000
          0.0000
          0.0000
          0.0000
          0.0000
          4.7507
          9.7104
         -0.5003
         -0.1511
          0.0000
          2.9603
          0.0000
          0.0000
          0.0000
          0.0000
          0.0000
         -1.2473
         -0.5950
          0.2208
          0.0000
          0.0000
          0.0000
          0.0000
          2.5042
         -1.4456
          0.0000
          0.0000
          0.0000
          0.0000
          0.0000
          0.0000
          0.0000
          0.0000
          0.0000
          0.0000
          0.0000
          0.0000
          0.0000
          0.0000
          0.0000
          0.0000
          0.0000
          0.0000
          0.0000
          0.0000
          0.0000
          0.0000
          0.0000
          0.0000
          0.0000
          0.0000
          0.0000
          0.0000
          0.0000
          0.0000
          0.0000
          0.0000
          0.0000
          0.0000
          0.0000
          0.0000
          0.0000
          0.0000
          0.0000
          0.0000
          0.0000
          0.0000
         14.0665
         24.3176
          8.2425
          0.0000
          0.0000
         -2.8101
          0.0000
          0.0000
          1.1192
          0.0000
          0.0000
         10.3678
         54.6740
          7.1479
          0.0000
          0.0000
          0.0000
          0.0000
          0.0000
          1.2191
          0.0000
          0.0000
          0.0000
         21.9289
          0.0000
          0.0000
          0.0000
          0.0000
          0.0000
          0.0000
          0.0000
          0.0000
          0.0000
          0.0000
          0.0000
          0.0000
          0.0000
         -1.0865
          0.0000
          0.0000
          0.0000
          0.0000
          0.0000
          0.0000
          0.0000
          0.0000
          0.0000
          0.0000
          0.0000
          0.0000
          0.0000
          0.0000
         23.4795
          5.7539
          0.0000
          0.0000
          0.0000
          0.0000
          0.0000
          0.0000
          0.0000
          0.0000
          0.0000
          0.0000
          0.0000
          0.0000
          0.0000
          0.0000
          0.0000
          7.1083
          0.0000
         -0.6699
          0.0000
          0.0000
          0.0000
          0.0000
          0.0000
          0.0000
          0.0000
          4.2993
          0.0000
          0.0000
          0.0000
          0.0000
          4.5786
         14.3822
          0.0000
          0.0000
          0.0000
          0.0000
          0.0000
          0.0000
          0.0000
          0.0000
          0.0000
          0.0000
          0.0000
          0.0000
          0.0000
          0.0000
          0.0000
          0.0000
          0.0000
          0.0000
          0.0000
          0.0000
          0.0000
          0.0000
          0.0000
          0.0000
          0.0000
          0.0000
          3.3844
          6.0614
          0.0000
          0.0000
          0.0000
          0.0000
          0.0000
          8.8763
          8.4294
          0.0000
          0.0000
          0.0000
          0.0000
          0.0000
          0.0000
          0.0000
          0.0000
          0.0000
          0.0000
          0.0000
          0.0000
         -4.0868
          0.0000
          0.0000
          0.0000
          0.0000
          0.0000
          5.0729
          0.0000
         12.2279
          0.0000
          0.0000
          0.0000
          0.0000
          0.0000
          0.0000
          0.0000
          0.0000
          0.0000
          0.0000
          0.0000
          0.0000
          0.0000
          0.0000
          0.0000
          0.0000
          0.0000
          0.0000
          0.0000
          0.0000
          0.0000
          0.0000
          0.0000
          0.0000
          0.0000
          0.0000
          0.0000
          0.0000
          0.0000
          0.0000
          0.0000
         -1.3668
          0.0000
          0.0000
          7.2652
          8.7679
         12.2014
        130.2030
         42.3357
          0.0000
          0.0000
          0.0000
         28.4901
         23.6344
         30.1204
         19.5888
          0.0000
          0.0000
          0.0000
          0.0000
          0.0000
          0.0000
          0.0000
          0.0000
          0.0000
          0.0000
          0.0000
          0.0000
          0.0000
          0.0000
          0.0000
          0.0000
          6.3765
        -10.6434
          0.0000
          0.0000
          0.0000
          3.2246
          1.1256
         -9.9961
          0.0000
          0.0000
          0.0000
          0.0000
         16.9134
         14.5194
          4.1257
          7.9552
          0.0000
          0.0000
          0.0000
          0.0000
          0.0000
          0.0000
          0.4664
         21.7984
        140.5148
        108.6690
          0.0000
          0.0000
          0.0000
         24.4873
         29.2134
         12.3307
          4.0861
         53.6571
          0.0000
          0.0000
          0.0000
          0.0000
          0.0000
          0.0000
          0.0000
         -7.0078
          0.0000
          0.0000
          0.0000
          0.0000
          0.0000
          0.0000
          1.4733
         13.5164
         14.3775
          7.8747
          0.0000
          0.0000
          0.0000
          0.0000
          3.8178
          9.3476
          8.6931
         12.3305
         10.5126
          1.3411
          0.0000
          0.0000
          0.0000
          7.6601
          2.4088
          9.3753
         24.1132
          0.8772
          0.0000
          0.0000
          0.0000
          3.7465
          0.8328
          0.6892
          0.5053
          0.0000
        117.6745
        105.1850
         69.5109
          0.0000
          0.0000
          0.0000
          0.0000
          0.0000
          0.0000
          0.0000
         15.9349
          0.6475
          0.0000
          0.0000
          0.0000
          0.0000
          0.0000
          0.0000
         23.0156
         86.3926
          0.0000
          0.0000
          0.0000
          0.0000
          0.0000
          0.0000
          3.3754
          0.0000
          0.0000
          0.0000
          0.0000
          0.0000
          0.0000
          0.0000
          4.7992
         22.7448
          0.0000
          0.0000
          4.5699
         13.1789
        144.7933
          0.0000
         20.8619
          5.9560
        -14.8841
         12.4786
         23.9111
         10.9371
         82.3601
        216.4435
         -8.8868
          0.0000
          2.6492
          0.0000
          0.0000
          0.0000
          0.0000
          0.0000
          0.0000
          0.0000
          0.0000
          0.0000
          0.0000
          0.0000
          0.0000
          0.0000
          0.0000
          0.0000
          0.0000
          0.0000
         10.9115
         19.8077
          5.7501
         18.4006
        145.0402
        215.1936
        119.8771
          0.0000
          0.0000
         13.4669
         69.3145
        144.9383
        109.4634
          0.0000
          0.0000
          0.0000
          0.0000
          0.0000
          0.0000
          0.0000
          0.0000
          0.0000
          0.0000
          0.0000
          0.0000
          0.0000
          0.0000
          0.0000
         10.7023
         51.1298
        152.2754
         23.8544
          0.0000
          0.0000
          0.0000
          0.0000
          0.0000
         22.1811
          0.0000
          0.0000
          0.0000
         16.2762
          2.2649
         15.9953
         91.6708
        164.1657
         41.5819
         65.7419
        109.2045
         21.5517
          7.7412
         21.6618
         99.8267
        265.6099
         23.1784
          0.0000
          0.0000
          0.0597
          8.1222
         -9.0359
         68.6888
        401.9962
        308.3009
          0.0000
          0.0000
          0.0000
          0.0000
         10.3300
          0.0000
        107.9623
        216.1304
         76.4275
         42.5506
         51.8344
        189.6936
        312.1037
        352.3758
          0.0000
          0.0000
          0.0000
          0.0000
          0.0000
          0.0000
          0.0000
          0.0000
          0.0000
          0.0000
          0.0000
          0.0000
          0.0000
          0.0000
          0.0000
         17.2469
          5.8549
          2.7257
         57.5705
         23.6948
          3.5739
          7.5523
          3.5406
          0.0000
          0.0000
          0.0000
          0.0000
          6.8418
         13.2941
          0.0000
         10.4513
          3.2870
          0.0000
         15.5096
         23.8856
         11.2204
          7.8666
         17.9008
         27.3874
        126.4158
        238.9472
          8.4377
          0.0000
          0.0000
          0.0000
          0.0000
          0.0000
          0.0000
          0.0000
          0.0000
          0.0000
          0.0000
          0.0000
          0.0000
          0.0000
          3.3111
         81.8230
        105.2710
          0.0000
          0.0000
          0.0000
          0.0000
         24.8644
         42.4867
          2.8961
          0.0000
          0.0000
          0.0000
          0.0000
          0.0000
          0.0000
          0.0000
          0.0000
          0.0000
          0.0000
          0.0000
          0.0000
          0.0000
          0.0000
          0.0000
          0.0000
          0.0000
          0.0000
          0.0000
          0.0000
          0.0000
          0.0000
          0.7581
          0.0000
          0.0000
          0.0000
          0.0000
          0.0000
          0.0000
          2.2104
         11.4929
          7.2996
          3.5637
         19.0035
         39.7010
         34.0070
         -3.8246
          8.9950
         12.2849
         48.6619
        313.4502
        338.5935
        354.5767
        240.5816
         64.8599
          0.0000
          0.0000
         25.1240
         47.1562
          0.0000
         29.9585
         40.7245
          2.8357
          9.8855
         -1.6308
         57.2852
         14.8714
         30.5544
          0.0000
          0.0000
          0.0000
          3.7556
          3.4760
          0.0000
          0.0000
          0.0000
          0.0000
         -0.2806
          0.0000
          0.0000
          0.0000
          0.0000
          0.0000
          0.0000
         48.2569
         58.6453
          0.0000
          0.0000
          0.0000
          0.0000
          0.0000
          0.0000
          0.0000
          0.0000
          2.4385
         11.5715
         65.7732
        161.1705
          0.0000
          0.0000
         43.2552
        201.5955
        293.0697
        337.8296
        108.8151
          0.0000
          0.0000
         77.7337
        189.2934
          0.0000
          0.0000
         36.9972
         18.3211
          0.0000
          2.8794
          3.9235
         14.4559
          5.9033
         10.5390
         22.5664
         17.1535
          0.0000
          0.0000
          0.0000
          0.0000
          0.0000
          0.0000
          0.0000
          0.0000
          0.4773
          0.0000
          0.0000
          0.0000
          0.0000
          0.0000
          0.0000
          0.0000
        -13.6328
         -2.9034
          6.5030
          0.0000
          0.0000
          0.0000
          0.0000
          0.0000
          0.0000
          0.0000
          0.0000
          0.0000
          0.0000
          1.3637
          7.7234
          0.0000
          0.0000
          0.0000
          0.0000
          0.0000
          0.0000
          6.2414
         25.3916
        196.7829
          0.0000
          0.0000
          0.0000
          0.0000
          0.0000
         21.5407
         89.1281
          0.0000
          0.0000
          0.0000
          0.0000
         89.3530
        112.9802
          0.0000
          0.0000
          0.0000
          0.0000
          0.0000
          0.0000
         28.8569
         15.1738
          9.1321
         27.7384
        179.7319
          0.0000
          0.0000
          0.0000
          0.0000
          0.0000
          0.0000
          0.0000
          0.0000
          0.0000
          0.0000
          0.0000
          0.0000
          7.7240
          0.0000
          0.0000
          0.0000
          0.0000
          2.7749
         13.0355
         12.6521
          0.0000
          0.0000
          0.0000
          0.0000
        -15.9115
         -4.2089
          0.0000
          0.0000
          0.0000
          0.0000
          8.4059
          4.4216
          0.0000
          0.0000
          0.1173
          0.0000
          3.9473
         16.9106
         89.7075
        156.7863
          0.0000
          0.0000
          0.0000
          0.0000
         17.9564
         31.7114
          9.6972
          0.0000
          0.0000
          1.0367
         14.9704
         38.1714
         17.8079
         55.8548
         30.6546
          0.0000
          0.0000
          0.0000
          0.0000
         10.0512
          0.0000
          0.0000
          0.0000
          0.0000
          0.0000
          0.0000
         16.1994
         15.8119
          7.4074
         21.9873
         32.8908
         24.8943
        189.9843
          6.6320
         65.3971
          0.0000
         -1.1478
          2.1342
         10.9802
         12.8608
         40.0160
          0.0000
          0.0000
         14.0783
         22.2545
         16.0430
          1.8796
          0.0000
          0.0000
          0.0000
          0.0000
          7.8741
          2.7137
         10.7723
          0.0000
          0.0000
         -0.1359
          0.0000
          0.0000
          0.0000
          0.0000
          4.9671
          4.2542
          0.0000
          0.0000
          0.0000
          0.0000
         22.8655
         22.6186
         20.0130
         16.3928
          0.0000
          0.0000
          0.0000
          3.6069
         12.7534
         74.4907
         75.1208
         49.9446
         49.7279
         40.7286
          0.0000
          0.0000
         14.6447
          0.0000
         78.0781
         74.4592
          5.6138
          0.0000
          0.0000
          0.0000
          0.0000
          0.0000
          0.0000
          2.3644
         12.7552
         85.5136
         13.1973
          0.0000
          0.0000
          0.0000
          0.0000
          9.4848
          0.0000
          0.0000
          0.9674
          2.2259
         25.4745
         19.6309
         72.8145
        110.7390
        174.0829
        112.7876
         23.0628
          0.0000
          0.0000
          0.0000
          0.0000
          0.2685
          0.0000
         -1.9215
          0.0000
          2.3250
         22.1793
         12.6659
          2.2815
         13.6774
          0.0000
          0.0000
          0.0000
          0.0000
         30.3730
          9.7880
          0.1950
          6.9327
          0.0000
          0.0000
          0.0000
          0.0000
         23.1663
          8.3133
        176.6646
        160.2107
         24.7317
          0.0000
          0.0000
          0.0000
          8.7069
          9.0777
        116.2693
         83.8469
          0.0000
          0.0000
          0.0000
          0.0000
         14.1361
         10.8492
         13.1968
         21.1581
         30.3222
          9.7036
          9.7036
