          0.0000
          0.0000
          0.0000
          0.0000
          0.0000
          0.0000
         -8.6169
          0.0000
          0.0000
          0.0000
          0.0000
          0.0000
          0.0000
          0.0000
         -6.2697
          0.0000
          0.0000
          0.0000
          2.4576
         13.3068
         13.7208
          0.0000
          0.0000
          0.0000
          0.0000
          0.0000
          0.0000
          0.0000
         15.0245
          1.6144
         -2.1251
          0.0000
          0.9181
          5.2323
          3.2892
         23.3398
         22.5668
         22.8788
         79.5070
          0.0000
          0.0000
          0.0000
          1.4236
         21.5606
          1.2658
         -1.7928
          5.1264
          0.0000
          0.0000
          0.0000
          4.6727
         18.1659
         39.7887
        100.9841
        137.2391
         29.3896
          0.0000
          0.0000
          0.0000
          0.0000
         16.8953
         16.5848
         77.5185
         85.3136
         35.1326
         11.8712
         10.8608
          0.0000
          0.0000
          0.0000
          0.0000
         30.6038
          1.2939
         -9.6598
          8.9468
         63.4819
         35.5505
          0.7791
         43.2952
        110.1228
        114.4915
        120.6449
         85.2104
         27.5480
          0.0000
          0.0000
          0.0000
          0.0000
          0.0000
          0.0000
          0.0000
          0.0000
          0.0000
          0.3573
         67.0066
         95.3685
         37.5677
         82.3852
        125.2809
        115.1265
         56.5929
         -0.2314
         -0.4303
          0.0000
          0.0000
          0.0000
          0.0000
          0.0000
          0.0000
          0.0000
         28.3775
         30.0333
         49.4052
          2.0868
         -1.6613
         -5.2817
          3.2900
          4.6109
         25.4270
         32.5954
          0.8724
          0.0000
          0.0000
          0.0000
          8.0772
          0.0000
          0.0000
          0.0000
          0.0000
          0.0295
          7.1512
          0.3636
          7.8827
         66.9718
         26.6393
          0.0000
          0.0000
          0.0000
          3.8154
         17.1867
         10.9938
        154.7433
          0.0000
          0.0000
          0.0000
         26.8765
         20.8497
         21.9768
         37.6624
        105.5248
          1.4390
         -0.3908
         12.4416
         51.3058
         49.6194
          0.1697
          0.0000
          0.0000
          0.0000
          0.0000
          6.4425
         25.0865
          0.3419
          0.0000
          0.0000
          0.0000
         -1.8281
          0.0000
          0.0000
          0.0000
          0.0000
          0.1416
          8.8429
          4.5140
         -1.0705
          0.0000
          0.0000
          0.0000
          0.0000
         11.9288
         11.7966
          0.0000
          0.0000
          0.0000
          0.0000
          0.0000
          4.5954
         17.8809
          6.6661
         -0.1489
          0.0000
          0.0000
         18.7585
         13.9238
         25.6068
         11.2614
         13.3696
         11.6372
         67.4373
         60.0162
         85.4558
         98.5399
         70.1089
         76.3744
        -12.3584
          0.0000
          0.5906
         75.6845
         30.9561
          7.3902
          8.2866
         -5.1095
         -3.4442
         -6.4598
        114.1125
        128.7565
         22.6883
         13.1545
         31.6554
         35.3860
         26.2577
          0.0000
         58.3978
         91.2296
         12.2021
         22.8603
          0.0668
         -0.0940
         -0.0964
          0.0000
         -1.3986
          0.0000
          0.0000
          0.0000
          0.0000
          0.0000
          0.0000
          0.0000
          0.0000
          0.0000
          0.0000
          0.0000
          3.0108
          2.5328
         11.1292
         24.7287
        101.6429
         36.2505
          0.0000
          0.0000
          6.3172
          6.9084
          6.9528
          1.1254
         48.7767
          0.0000
          0.0000
          0.0000
          0.0000
          3.9155
         41.5361
         -1.4104
          0.0000
          0.0000
          0.0000
          0.0000
          1.3489
          2.6399
          8.2924
          3.8541
          0.0840
         58.8957
        128.1119
         91.5146
         38.4886
          3.1925
          0.0000
          0.0000
         -8.5866
        111.1285
         27.1850
         -1.3692
         -8.5153
         -1.2869
        -15.7975
          0.0000
          0.0000
        182.5973
          1.1114
         27.4529
         11.4513
          0.0000
          1.3320
          0.0000
         49.2228
         23.7967
          5.9505
         -2.1029
         10.3807
          7.3295
         -0.8293
        203.2427
        222.3042
        108.3731
          0.0000
          0.0000
          2.4120
          5.7831
         10.8140
         13.0636
          3.5059
         -0.7674
          0.0000
          0.0000
          5.1987
          0.4443
          4.6569
          1.2749
         -1.1388
          0.1594
         17.2026
         23.0549
         25.3008
         40.0873
         42.2073
         25.8922
         97.1303
         73.9953
         44.4430
         14.1315
         19.3396
        137.8576
        172.8436
         47.2276
         -2.2925
          0.0000
          0.0000
          0.1885
         19.7317
         89.5941
         81.0755
          0.8522
         -2.7972
          8.8236
         30.6047
          9.8925
         -4.7804
         -4.2728
        -22.8965
        -24.5067
          3.6703
         35.3157
          5.3350
         29.1926
        104.5458
         97.3008
         32.1013
         33.0906
         -2.4054
         26.9748
         40.4805
         28.2341
         15.0478
         16.5556
         16.8951
         28.1994
        132.9751
         73.3517
         -5.2628
         -2.8320
          0.2006
          0.0000
          3.1254
          0.4694
         61.2330
         85.8619
         43.7611
         -4.0097
          9.6399
          5.6711
         -1.2918
        -10.4764
        128.0334
        174.6345
         22.7973
          0.0000
          0.0000
          4.6529
         35.2756
          4.1755
         49.9521
         39.9837
          0.0000
          0.0000
          0.0000
          0.0000
          0.0000
          0.0000
          2.5082
          1.1711
          5.5271
          0.0000
          2.4959
         21.3448
         27.3084
          9.1788
          0.0000
          0.0000
         10.0424
         33.9168
         89.8355
        162.2631
         82.1985
          0.0000
          0.0000
          0.0000
          0.0000
          0.0000
          0.0000
         20.1397
         19.9445
         79.3045
         32.7634
          0.0000
          0.0000
          0.0000
         10.8779
         21.3754
         28.6286
        106.3404
          0.0000
          0.0000
          0.0000
          2.4041
         14.1098
         12.5405
         21.0353
         84.2742
          0.0000
          0.0000
          0.0000
          1.9470
         -5.5380
         13.4659
         13.5592
          6.0693
        146.0524
          0.0000
          0.0000
          1.3648
         52.4929
         48.2282
         86.8237
        192.8910
        101.9220
         21.6900
          0.0000
          0.0000
          0.0000
          0.0000
          0.0000
          0.0000
         12.1689
          2.8705
          0.0000
          0.0000
          0.0000
          0.0000
         11.0900
          0.0000
         30.5214
         40.0054
          0.0000
          0.0000
         17.7464
         45.2339
         27.5081
         22.5844
         48.5568
         70.0163
        211.5563
        215.2658
        170.5893
        101.1146
         59.2653
          0.0000
          0.0000
          0.0000
          0.0000
          0.0000
          0.0000
          0.0000
          0.0000
          0.0000
         16.5778
         14.0023
         14.7760
         19.2718
         14.6951
         10.7840
         51.2335
         61.9195
         20.0859
         44.5651
          0.0000
          9.4290
         39.4070
         74.7008
          1.1851
          0.0000
         74.3734
         41.7146
          0.0000
          0.0000
          0.0000
          0.0000
          8.2908
          1.4943
         -1.2742
          0.0000
          0.0000
          0.0000
          0.0000
          0.0000
          6.1145
          8.9510
         74.0189
        156.1626
        181.6990
        172.3518
        144.7271
        170.9780
        186.3612
         12.2829
          0.0000
          0.0000
          0.0000
          0.0000
          0.0000
          0.0000
          0.0000
          0.0000
         -1.6993
         -3.8095
         -0.1280
          0.0000
          0.0000
          0.0000
          0.0000
          0.0000
          0.0000
         70.8518
          9.0393
        -17.6743
          5.1774
         20.3560
          9.5486
        111.7888
        210.1019
        135.7207
        146.2034
        148.9174
        164.8353
        148.8844
        106.2512
         39.4647
          0.0000
          0.0000
          0.0000
          0.0000
          0.0000
          0.0000
          0.0000
          5.4814
         68.9109
         28.6946
        -24.7109
          0.0000
          0.0000
          0.0343
         25.3594
         93.6445
         56.7029
          3.5578
          1.4833
          0.0000
          0.0000
          0.0000
          0.0000
          0.0000
          0.0000
          0.0000
          0.0000
          0.0000
          0.0000
          0.0000
          0.0000
          0.0000
         -0.7298
          0.0000
          0.0000
          0.0000
          0.0000
          0.0000
          2.3550
          0.0000
          0.0000
          0.0000
          0.0000
         27.7448
         11.5543
         20.1362
          0.0000
          0.0000
          0.0000
          0.0000
          0.0000
         26.5633
         55.8365
        120.5083
        129.1772
        123.8144
          0.0000
          0.0000
          4.6042
          6.9903
         20.1574
        127.5429
        123.1907
          1.8259
          0.0000
          0.0000
          0.0000
         13.9085
         21.9453
        125.1754
        117.1826
          0.0000
          0.0000
          0.0000
         11.1839
         33.4810
         22.7593
         31.2640
        -10.4468
         56.3907
         23.5870
         30.2008
         31.3189
         15.8187
         22.9371
         74.0034
         30.4232
          0.0000
          5.3534
         90.8590
         40.7227
         11.3511
          8.9077
         41.4361
         99.9630
         58.9337
         19.3586
          0.0000
          0.0000
          0.0000
          0.0000
          0.0000
          0.0000
          0.0000
          0.0000
          0.0000
          0.0000
          0.0000
          0.0000
          0.0000
          9.0626
          4.9013
         30.8518
         46.3099
         27.8530
         37.3810
         29.4623
         42.8832
        109.8790
        102.1812
          0.0000
         94.4533
         99.5076
        153.0842
         45.0885
          0.0000
          0.0000
          0.0000
          0.0000
          0.0000
          0.0000
          0.0000
          0.0000
          0.0000
          0.0000
          0.0000
         25.1714
         16.3356
        -15.1544
        -12.8452
          0.0000
          1.2036
          7.1793
         -3.3053
         -2.3001
         -5.4680
          0.6257
         50.6013
         89.0606
          0.0000
          0.0000
          2.4401
         25.7628
         -2.4397
         19.4036
         15.7835
         26.4258
         64.9496
        118.7069
        237.2010
         64.2718
          0.0000
          0.0000
          0.0000
          0.0000
          0.0000
          0.0000
          0.0000
        101.3004
         83.6303
          0.0000
          0.0000
          0.0000
          0.0000
          0.0000
          0.0000
         -0.8106
          0.0000
          0.0000
          0.0000
          0.1675
          0.6379
         10.3929
         -4.5621
         42.4222
          9.2889
         -4.3563
         -6.1335
          0.0000
          0.0000
          8.9498
          2.9299
         46.7233
         88.5068
         62.8733
        -30.5992
        -14.0942
          0.0000
          4.3553
          0.0000
          4.5889
          0.0000
          3.1934
          1.0639
          1.6215
         14.2282
          5.6878
          0.0000
          0.0000
          0.0000
         10.2938
         52.7201
          3.0484
         -5.2301
         15.1252
          3.2597
          1.7533
          4.4611
          9.6344
          1.0847
         -0.5834
         27.7525
         29.7426
         68.9426
         13.0997
          6.3765
         25.6982
         79.5882
         27.7349
          0.0000
          1.3050
          5.6687
         31.1358
          0.1743
          1.5829
          0.0000
          0.0000
          0.0000
          0.0000
          0.0000
         -2.0881
         -0.6146
          7.5934
          8.4509
          4.7940
         -0.3404
          0.2066
          0.0000
          4.0171
         12.7998
         22.2420
        121.8932
        155.1474
         51.3389
          0.0000
          0.0000
          0.0000
          0.0000
          8.6935
         -6.2025
        135.9746
        115.2270
         37.2148
         96.0971
        211.8904
        135.6547
          0.0000
          0.0000
          0.0000
          0.0000
          0.0000
          0.0000
         -4.0837
         -2.2281
          7.1624
         14.6170
          7.9857
          4.2072
          0.2418
          0.0000
          0.0000
          0.0000
          0.0000
         12.5026
         19.7425
          6.4953
         46.6647
        162.8961
        120.7747
          0.0000
          0.0000
          0.0000
          0.0000
          0.0000
          0.0000
          0.0000
          0.0000
          0.0000
          0.0000
          0.0000
          8.8285
         11.7786
         41.0183
         -0.4992
         27.6414
         30.1146
         -1.5945
         -8.5390
          5.5846
          0.8746
          3.2648
         43.8660
          0.0000
          0.0000
          0.0000
         70.6224
         96.5376
         84.4752
         13.3132
          0.0000
         40.2408
          0.0000
          0.0000
          0.0000
          0.0000
          0.0000
          6.5183
         20.7856
         64.3772
         15.2474
         31.2749
         60.5090
         21.5099
          0.0000
         13.5442
         55.0193
        152.3057
         31.3705
          0.0000
          0.0000
          0.0000
          0.0000
         14.5469
          0.3266
         21.9506
          7.4844
          2.8009
         33.0867
         56.6593
         19.9472
         16.6533
         24.6854
        153.2510
        148.4624
          6.9893
         21.4465
          8.2882
          5.6529
          1.5203
          1.4043
         46.2753
         41.1876
         -2.0472
         -3.9791
          7.9479
          6.8719
        -10.3899
         60.8692
        116.9966
          0.0000
          0.0000
          0.0000
          0.0000
          0.0000
          3.0529
          0.0000
          2.1645
          0.0000
          0.0000
          0.0000
          0.0000
          0.0000
          1.3955
          0.0000
          0.0000
          0.0000
          0.0000
          0.0000
         12.2299
         33.7422
         23.8494
          8.1573
         17.0963
         81.1942
         79.9621
         42.2484
         47.4510
         74.4408
         66.2202
         32.4436
         -4.8691
         -1.3776
          1.4668
          9.4549
          6.5713
          0.0000
          1.4806
          0.0000
         -0.3282
          0.0000
          3.7814
         11.6656
         14.0429
          9.2880
          0.8126
          0.0000
          0.0000
         29.3785
         11.5911
         34.6453
        145.0947
        154.3567
        131.1449
        144.8269
         72.1054
          7.8385
         -7.8626
          0.0000
          0.0000
          0.0000
          0.0000
          0.0000
          6.5845
         27.4581
         70.4825
         49.9149
          0.0000
          0.0000
          0.0000
          0.0000
          0.0000
          0.0000
          0.0000
          0.0000
          0.0000
          0.0000
          0.0000
          0.0000
         -2.5711
         -0.6709
         12.1167
          3.2133
         -0.5199
         -1.9068
         -3.2903
          0.0000
          3.9570
          0.0000
         13.9420
         28.8538
         49.7150
         88.2027
        147.4217
        210.4146
        151.7810
         80.8967
          0.0000
          0.0000
          0.0000
          0.0000
          2.9350
          1.4643
         -4.5335
         26.2659
         26.7429
         27.4255
         41.7983
         65.2192
         62.0722
         61.2899
        127.9673
         78.4395
          0.0000
          0.0000
          0.0000
          0.0000
          0.0000
          0.0000
          0.0000
          0.0000
         11.5636
          0.0000
          0.0000
          5.1694
         12.4362
         20.2714
         49.8765
         58.6379
         28.5919
        -18.3604
         -0.0915
          0.0000
          2.6744
          0.0000
          0.0000
          0.0000
          0.0000
          0.0000
          0.0000
          4.1280
          9.2652
          0.0000
          0.0000
          0.0000
         11.1653
         22.2876
         25.0168
         20.7128
         -4.6457
        146.0285
        108.7472
          0.0000
          0.0000
          0.0000
          1.4479
          0.0000
          0.6157
          0.0000
         11.0936
          6.9126
          0.0000
          0.0000
          0.0000
          0.0000
          0.0000
          0.0000
         -1.0944
          0.0000
          0.0000
          0.0000
          6.2121
         10.0975
         33.5312
         48.0289
         15.6534
          4.0717
          3.2029
          0.0000
          0.0000
          0.0000
          0.0000
          0.0000
          0.0000
          0.0000
          0.0000
          1.7520
         11.3199
          3.6329
          5.9324
          0.6480
         98.9823
         84.9811
         -2.1749
        -16.0028
         -0.6973
          0.2596
          8.7850
          2.7721
         43.4320
         17.3642
         10.3478
        -10.6308
         -9.4818
          0.0000
          0.0000
          0.0000
          0.0000
          0.0000
          0.0000
          0.0000
          0.0000
         83.3858
         69.0441
         62.2700
        108.9498
         20.3272
         -4.6370
          0.0000
          1.8209
          0.0000
          2.4315
          0.0000
          0.0000
          0.5189
          6.4096
          4.6368
         22.6039
         29.6976
         16.5152
         22.0600
         22.5736
        106.1566
         29.9543
         19.8223
         26.5897
         15.7425
          0.4720
          0.0000
          0.0000
          0.0000
          0.0000
          0.0000
          0.0000
          0.0000
          3.2827
          1.5072
          0.0000
          0.0000
         11.4248
         20.4244
         22.1656
         17.1671
         28.7278
         33.8842
         87.2276
         19.2809
         13.7155
         12.2099
          1.6426
          4.6007
         53.5427
        104.4605
         -0.1945
          0.0000
          0.0000
          0.0000
          0.0000
          0.0000
          4.2188
          0.3717
          2.8815
         23.8970
          0.0000
          0.0000
          0.0000
          0.0000
          0.0000
          0.0000
          0.0000
          0.0000
          0.0000
          5.8110
          9.4963
          0.0000
          1.6563
          0.0000
          0.0000
          0.0000
          0.1194
          1.1229
          0.5394
          0.0000
          0.0000
          0.0000
          0.0000
          0.0000
         13.9346
         45.6527
         41.0791
         14.5760
          9.5147
          0.0000
          0.0000
          0.0000
          0.0000
          4.8619
         14.3501
         20.5343
          3.2946
          0.0000
          0.0000
          0.0000
          0.0000
          0.0000
          0.0000
         15.4687
          5.2437
         26.4721
         84.7604
         43.3338
          0.0000
          0.0000
          0.0000
          0.0000
          6.5054
          0.0000
          0.0000
          0.0000
          0.0000
          0.0000
          0.0000
          0.0000
          0.0000
          0.0000
          0.0000
          0.0000
          0.0000
          0.0000
          0.0000
          0.0000
          0.0000
          0.0000
          0.0000
          0.0000
          7.2943
          4.1217
          0.0000
          0.0000
          0.0000
          0.0000
          0.0000
          0.0000
          0.0000
         34.9736
         24.1790
          8.2873
         65.4585
         69.1659
        150.2657
        180.1215
          0.0000
          0.0000
          0.0000
          0.0000
          0.0000
          0.0000
          0.0000
          0.0000
          0.0000
          0.0000
          0.0000
          0.0000
          0.0000
          0.0000
          0.0000
          0.0000
          0.0000
          0.0000
          0.0000
          0.0000
          0.0000
          0.0000
          0.0000
          0.0000
          0.0000
          0.0000
          0.0000
          0.0000
          0.0000
          0.1416
        -11.1419
         -6.3560
         -0.0016
         15.0071
         10.0526
         -0.6539
          0.0000
         24.2517
         13.3473
          0.0000
          0.0000
          0.0000
          0.0000
          3.0175
          9.0434
          4.4923
         -1.5564
         26.9778
         15.8400
          5.7026
         27.2145
          2.6349
          0.0000
         -2.1856
        145.5805
         48.4516
         -0.8658
          0.0000
          0.0000
         11.1730
        100.3134
        166.0436
         31.1094
          0.0000
          0.0000
          0.0000
          4.7223
          7.4302
          8.7236
          7.4358
         15.0718
         50.8931
        140.4513
         69.7894
          5.8618
          0.0000
          0.0000
          0.0000
         -0.0321
         21.1552
         21.5509
          5.6951
          7.8753
          0.0000
          0.0000
          0.0000
          0.0000
          0.2251
          0.0000
          0.0000
         19.2511
          0.0000
          0.0000
          0.0000
          0.0000
          0.0000
          0.0000
          0.0000
          0.7420
          0.0000
          0.0000
          5.9693
         12.7898
          0.3107
          0.0000
         20.9327
          6.4218
          6.4028
         13.3325
         10.9999
          0.0000
          0.0000
          6.3300
          8.8450
          5.4445
         12.1089
         66.4480
         57.6945
         57.2115
          0.0000
          0.0000
          2.1270
          0.0000
          0.0000
          4.2801
          1.0574
          3.1020
         10.7339
         23.0236
         36.2849
         15.5085
         13.2028
          5.7191
        -18.4863
          5.0628
        100.3084
          8.8780
         48.9986
         26.1558
         58.3045
         71.2863
         42.7496
         -5.5305
         -0.7882
          3.4002
          0.0000
         22.0909
         65.4499
          9.9228
          2.0288
          6.2855
          0.0695
          2.6317
          0.6763
          1.5848
          0.7334
          6.8522
          8.4343
         -2.4377
          0.0000
          0.0000
          0.0000
          0.0000
          0.0000
          4.3910
          0.0000
          0.0000
          0.0000
         12.6014
         17.2374
         43.3945
        126.3828
         89.2729
         -0.0585
          0.0000
          0.0000
          0.0000
         24.2863
         19.5544
          7.9903
          3.4850
          3.2850
          0.7453
          0.0000
          0.0000
          0.0000
          0.0000
          0.0000
          0.0000
          0.0000
          0.0000
          0.0000
          0.0000
          0.0000
          0.0000
          0.8053
          2.8486
          0.0000
          0.0000
          0.0000
          0.0000
          3.3799
          3.3660
          0.0000
          3.7235
          0.0000
          0.0000
          0.0000
          4.1533
          4.4590
          2.9432
          6.8667
          5.1494
         -1.6681
         -0.7916
          0.0000
          0.0000
          0.7714
          1.0926
         10.6133
         31.5194
         50.8017
         45.3258
          0.0000
          0.0000
          1.1057
         11.3502
         33.9712
         44.1227
         28.3062
          0.0000
          0.0000
          0.0000
         17.2413
         17.0402
         -1.6650
          1.9735
         57.1367
         60.5494
          0.0000
         16.2052
         25.9630
         28.0876
         32.9127
         11.1887
          5.5111
         69.3726
          0.0000
          0.0000
          2.6208
          0.0000
          0.0000
          9.1715
          0.0000
          0.0000
         47.3992
          0.0000
          0.0000
          0.9413
          0.0000
          0.0000
         -0.0511
         -2.8087
          7.1157
         13.3116
         28.6093
         17.0376
          2.2660
         23.7343
          0.0000
          0.0000
          0.0000
          0.0000
         18.0304
         10.4861
          0.6729
          4.7072
          0.0000
          0.0000
          0.0000
          0.0000
         11.6706
          8.9036
          5.8260
          4.9048
          0.0000
          0.0000
          0.0000
          1.2557
         19.0609
          8.6681
         -2.8960
         -0.3404
          0.0000
          0.0000
          0.0000
          0.0000
          0.0000
          6.2893
          0.0000
          0.0000
          0.0000
          0.0000
          0.0000
          0.0000
          3.4482
         10.6706
          7.3736
          6.6287
          0.0000
          0.0000
          0.0000
          3.4538
         15.2318
         19.0425
         26.3521
         19.4261
         -0.1495
          0.0000
          0.0000
          2.8816
         65.4825
         18.5588
          2.5136
          4.5101
          0.0000
          0.0000
          0.0000
          0.0000
          0.0000
          0.0000
          0.0000
          0.0000
          0.0000
          0.0000
          0.0000
          0.0000
          0.0000
          0.0000
          0.0000
          3.0592
          0.0000
          0.0000
          0.0000
         12.0665
         28.4565
         15.6790
         18.9674
         10.0622
          0.0000
          0.0000
          0.0000
          0.0000
          0.0000
          0.0000
          0.9180
         11.9543
          0.0000
          0.0000
          0.0000
          0.0000
          0.0000
          2.3526
          0.0000
          1.3823
         15.1290
         14.3122
          0.0000
          0.0000
          0.0000
          0.0000
          0.0000
          0.0000
         33.2092
          2.8376
          0.0000
          0.0000
          0.0000
          0.0000
          0.0000
          9.2158
          0.0000
         27.4844
          0.0000
          0.0000
          0.0000
          0.0000
          0.0000
          0.0000
          0.0000
         -2.2106
          0.0000
          3.4185
          8.7668
         12.5439
         -0.3645
          6.0890
         26.8661
         56.5125
          9.3479
          0.0000
          0.0000
          0.0000
          0.0000
          0.0000
          0.0000
          0.0000
          0.0000
          0.0000
          0.0000
          0.0000
          0.0000
          0.0000
          0.0000
          0.0000
          0.0000
          0.0000
          0.0000
          0.0000
          0.0000
          0.0000
          0.0000
          0.0000
          0.0000
          1.2886
         10.0031
          5.1647
          1.2452
         14.1854
          0.3775
         30.1582
         21.4266
          0.0000
         10.6414
         14.6940
         -0.3465
        -16.9533
          0.0000
          0.0000
         23.0390
         29.8189
         33.8006
         30.9150
         38.3909
         45.1188
         -0.9002
          0.0000
          0.0000
          5.7032
          7.1772
          9.0810
         13.6122
         -0.3232
         52.5219
         25.1629
          0.0000
          0.0000
          0.0000
          1.0910
          8.6331
         -5.7860
          0.0000
          0.0000
          6.4184
          0.0000
          0.0000
          0.0000
          0.0000
          6.9630
         10.8158
         24.2220
         13.7728
          8.9001
          5.6996
          7.1103
          0.0000
         20.3445
         52.6686
        107.4104
         28.9371
          0.0000
          5.2902
         15.6932
          2.4257
         -7.9217
          0.0000
          2.3498
          0.0000
          0.0000
          0.0000
          0.0000
          0.0000
          0.0000
          0.0000
          0.0000
          0.0000
          0.0000
          0.0000
          0.0000
          3.6791
          7.7606
          0.0000
          0.0000
          0.0000
          0.0000
         13.4585
          7.9222
          0.7941
         -9.8119
         -4.0679
          0.0000
          0.0000
          0.0000
          0.0000
          0.0000
          0.0000
         10.0509
          3.6567
         35.6349
          0.0000
         18.3214
         47.6013
          6.1794
          5.1484
        159.7791
        127.9492
         -2.3340
          0.0000
          0.0000
          0.0000
          0.0000
          0.0000
          0.0000
          0.0000
         -9.0873
          0.0000
          0.0000
          0.0000
          0.0000
          0.0000
          0.0000
          0.0000
        -12.4066
          0.0000
          0.0000
          0.0000
          0.0000
          0.0000
          0.0000
          0.0000
          0.0000
          0.0000
          0.0000
          0.0000
          0.0000
          0.0000
          0.0000
          0.0000
          0.0000
          0.0000
          0.0000
          0.0000
          0.0000
          0.0000
          0.0000
          0.0000
          0.0000
          0.0000
          0.0000
          0.0000
          0.0000
          0.0000
          0.0000
          0.0000
          0.0000
         13.1866
         23.9186
         23.9081
          7.1162
          0.0000
          0.0000
          0.0000
          0.0000
          0.0000
          0.0000
          0.0000
          0.0000
          0.0000
          0.0000
          0.0000
          0.0000
          0.0000
          0.0000
          0.0000
          0.0000
          0.0000
          0.0000
          0.0000
          0.0000
          0.0000
          0.0000
          0.0000
          0.0000
          0.0000
          9.2765
          0.0000
          0.0000
          0.0000
          0.0000
          0.0000
          0.0000
          0.0000
          0.0000
          0.0000
          0.0000
         47.7502
         14.1034
         23.7477
         11.3010
          9.7169
          8.3822
         -4.6692
          0.0000
          0.0000
          0.0000
          4.1862
          0.3779
          1.1004
          2.4740
          3.7742
          0.0000
          0.0000
          0.0000
          0.0000
          0.0000
          8.5803
          7.1276
          0.0000
          0.0000
          0.0000
          0.0000
          0.0000
          0.0000
         15.0820
         89.0165
          0.0000
          0.0000
          0.0000
          0.0000
          0.0000
          0.0000
          0.0000
          0.0000
          0.0000
          0.0000
         41.0074
          0.0000
          0.0000
          0.0000
          0.0000
          0.0000
          0.0000
          0.0000
          0.0000
          0.0000
          0.0000
          0.0000
          0.0000
          0.0000
          0.0000
          0.0000
          0.0000
          0.0000
          0.0000
          0.0000
          0.0000
          0.0000
          0.0000
          0.0000
          0.0000
          0.0000
          0.0000
          0.0000
          0.0000
          0.0000
          0.0000
          0.0000
          0.0000
          0.0000
          0.0000
          0.0000
          0.0000
          0.0000
          0.0000
         13.6635
          3.3062
         29.2417
         43.3830
          0.4182
         -3.7038
         15.9308
          0.0000
         97.8992
         34.8668
          1.2740
          0.0000
          0.6094
          8.7829
          4.5746
          0.0000
        185.5487
        111.2790
          0.0000
          0.0000
          6.3493
          5.2434
          4.5185
          0.0000
          0.0000
          0.0000
          0.0000
         14.7844
         13.0827
          0.0000
          0.0000
          0.0000
          0.0000
          0.0000
          0.0000
          0.0000
          0.0000
          0.0000
          0.0000
          0.0000
          0.0000
          0.0000
          0.0000
          0.0000
         10.2172
          9.5023
         -4.2741
         35.9261
         23.6948
          0.0000
          0.0000
          0.0000
          2.0154
          2.9377
          9.6860
          0.0000
          0.0000
          0.0000
          0.0000
          0.0000
          1.6777
          0.4763
          0.0000
          0.0000
          0.0000
          0.0000
          0.0000
          0.0000
          0.0000
          0.0000
          0.0000
          0.0000
          0.0000
          0.0000
          0.0000
          0.0000
          0.0000
          0.0000
          0.8922
          0.0000
          0.0000
          0.0000
          0.0000
          0.0000
          5.2291
          2.5593
          1.3632
         25.0038
         61.9224
          0.0000
          0.0000
          0.0000
         21.4123
         61.8011
          2.3421
          0.0000
          0.0000
          0.0000
          0.0000
          0.0000
          0.0000
          0.0000
         13.6141
          7.9176
         -2.5565
          0.0000
          0.0000
          0.0000
          0.0000
          0.0000
          0.5955
          0.0000
          0.0000
          0.0000
          0.0000
          0.0000
          0.0000
          0.0000
          0.0000
          0.0000
          0.0000
          0.0000
          0.0000
          0.0000
          1.1359
          0.0224
          0.2048
          0.0000
          0.0000
          0.0000
          0.0000
          2.4374
          5.0199
          7.7756
          4.8191
          0.0000
          0.0000
          0.0000
          0.0000
          0.0000
          3.2763
         13.5709
         19.4792
          0.0000
          0.0000
          0.0000
          0.0000
          0.0000
          0.0000
          0.0000
          3.1429
          0.0000
         10.4292
         13.3084
          9.0428
          0.0000
          0.0000
          0.0000
          0.0000
          0.0000
          0.0000
          0.0000
          0.0000
          0.0000
          1.0141
          0.0000
          0.0000
          0.0000
          0.0000
          0.0000
          0.0000
          0.0000
         -0.5565
          0.0000
          0.0000
          0.0000
          0.0000
          0.0000
          0.0000
          0.0000
          0.0000
          0.0000
          0.0000
          0.0000
          0.0000
          0.0000
          0.0000
          0.0000
          0.0000
          0.0000
          0.0000
          0.0000
          0.0000
          0.0000
          0.0000
         18.4246
          4.2736
          0.0000
          0.0000
          0.0000
          0.0000
          0.0000
         12.4093
         32.3235
         14.5362
         44.1367
         41.5348
          0.0000
          0.0000
          0.0000
          0.0000
          0.0000
          0.0000
          0.0000
          4.6194
          0.0000
          3.3230
         30.0012
          0.0000
         23.4043
         75.1206
         39.8272
         62.9149
         68.7192
          0.0000
          0.0000
          0.0000
          0.0000
          0.0000
          0.0000
          0.0000
          0.0000
          0.0000
          0.0000
          0.0000
          0.0000
          0.0000
          0.6063
         12.8572
         10.8708
         96.5579
          0.0000
          0.0000
          6.4085
         29.3314
         11.8395
         -1.9695
          0.0000
         -7.5668
         -0.6285
          0.0000
          0.0000
          0.0000
          0.0000
          0.0000
          0.0000
          0.0000
          0.0000
          0.0000
         10.1637
          4.6218
          0.0000
          6.1540
          0.0000
          0.0000
          0.0000
          0.0000
          0.0000
          0.0000
          0.0000
        181.0694
          0.0000
          0.0000
          0.0000
          0.0000
          4.0276
          8.1770
          0.0000
          0.0000
          0.0000
          0.0000
          0.0000
          0.0000
         78.9311
        165.2629
         85.8529
         13.8414
          0.0000
         -0.6610
          0.0000
          0.0000
          0.0000
          5.0910
        165.7298
        168.0267
        190.2695
          0.0000
          0.0000
          0.0000
          0.0000
          0.0000
          0.0000
          0.0000
          0.0000
         53.8174
          0.0000
          0.0000
         10.2030
          0.0000
        157.2553
          0.0000
          0.0000
          0.0000
          0.0000
          0.0000
          0.0000
          9.8460
          1.8211
         -1.0855
         44.6917
          0.0000
          0.0000
          0.0000
          0.0000
          0.0000
          0.0000
          0.0000
          0.0000
          1.5326
          0.0000
          0.0000
         25.2266
         21.6729
          7.3522
         30.7587
         71.0076
          0.0000
          0.0000
          0.0000
          5.1688
          0.0000
          0.0000
          0.0000
          0.0000
          0.0000
          0.0000
          0.0000
          0.0000
          0.0000
          7.1756
         20.1146
          0.0000
          0.0000
          0.0000
          0.0000
         29.0248
         30.1646
          8.5975
         20.0997
         26.6364
        205.3407
         45.8971
          0.0000
          0.0000
         -5.9207
          1.0454
         11.9043
          0.0000
         36.2726
          0.0000
          0.0000
          5.2904
          7.1088
          4.4437
         11.0689
         33.1161
         18.5244
          0.0000
          0.0000
          0.0000
          0.0000
          0.0000
          0.0000
          0.0000
         70.2714
         38.8430
          0.0000
          0.0000
          0.0000
          4.7543
         15.3494
         16.9078
        115.2909
         43.0292
          0.0000
          0.0000
          0.0000
          0.0000
          0.0000
          0.0000
         -2.5837
          0.0000
          0.0000
          0.0000
          0.0000
          0.0000
          0.0000
          0.0000
          0.0000
          0.0000
          0.0000
          0.0000
          0.0000
          0.0000
          2.2125
         17.9718
         12.8136
        -14.2738
          0.0000
          0.0000
          0.0000
          0.0000
          0.0000
          4.0517
         -0.6877
         -0.6453
          7.9554
         10.1216
         11.7908
          3.4711
          9.8224
         -7.9050
         -0.3952
          0.0000
          0.0000
          0.0000
          0.0000
          0.0000
          0.0000
          0.0000
          0.0000
          0.0000
          0.0000
          0.0000
          0.0000
          0.0000
          0.0000
          0.0000
          0.0000
          0.0000
          2.6301
          0.0000
          0.0000
          0.0000
          0.0000
          0.0000
          0.0000
          0.0000
          0.0000
          0.0000
          0.0000
          0.0000
          0.0000
          0.0000
          0.0000
          0.0000
          0.0000
         11.1509
         22.6644
         18.5024
          8.4111
         45.7324
        179.4179
         72.4885
         12.7596
          0.0000
          0.0000
          7.7219
         12.2296
          8.5841
        108.1070
          0.0000
          0.0000
          6.7306
          5.5425
          5.7356
         13.0041
         -1.8955
         -2.5918
          7.7977
          9.6006
          0.0000
          0.0000
          0.0000
          0.0000
          5.4654
         -2.0878
          0.0000
          0.0000
          0.0000
          0.0000
          0.0000
          0.0000
          0.0000
        -10.1289
         -3.0860
          0.0000
         24.1126
         10.7098
         -8.3360
        217.8188
        244.7199
        262.8359
          0.0000
          0.0000
          0.0000
          0.0000
          0.0000
          0.0000
         15.5632
          1.8086
         -7.7065
          0.0000
          0.0000
          0.0000
          0.0000
          1.9682
          3.3695
          0.0000
          0.0000
          0.0000
          0.0000
          0.0000
          0.0000
         13.8614
         54.1564
        148.7057
         11.3159
        -19.1383
         50.6245
         80.7042
         27.9142
        133.7519
        200.9149
        153.5428
          0.0000
          0.0000
          0.0000
          0.0000
          0.0000
          0.0000
         -1.1954
        -16.2907
         -8.2213
          0.0000
         15.7917
          2.0433
         26.2271
         93.6366
        165.0456
        128.7425
          0.0000
          0.0000
          0.0000
          0.0000
          0.0000
          0.0000
          0.0000
          0.0000
          0.0000
          0.0000
          0.0000
          0.0000
          0.0000
         -2.5133
          0.0000
          0.0000
        104.3114
         55.3624
          0.8301
          0.0000
          0.0000
          0.0000
          0.0000
          7.5819
          0.0000
          0.0000
          0.0000
          0.0000
          0.0000
         10.5441
         53.2110
        147.3087
        148.8193
         45.5740
         11.5330
         11.5413
        109.0455
        134.9806
        124.8429
         71.8502
          0.0000
          0.0000
          0.0000
          0.0000
          0.0000
          0.0000
         15.2834
         17.1234
         15.4825
         22.1001
        116.8238
        151.8771
         73.3580
         18.0218
         33.8022
          0.0000
          0.0000
          0.0000
          0.0000
          0.0000
          0.0000
          0.0000
          0.0000
         -1.8157
          0.0000
          0.0000
         10.1501
          9.5162
          5.6903
         12.9156
          7.5874
          0.0000
          0.0000
          0.0000
          0.0000
          0.0000
          0.0000
          0.0000
          0.4908
          0.0000
          0.0000
          0.0000
          0.0000
          0.0000
          0.0000
          0.0000
          0.0000
         -5.4909
         -0.9805
          0.0000
          0.0000
          6.6959
         34.0050
         75.1463
        141.3975
        114.0706
         32.7405
          0.0000
          0.0000
          0.0000
          0.0000
          0.0000
          0.0000
          0.0000
          0.0000
          0.0000
          0.0000
          0.0000
          0.0000
          0.0000
          0.0000
         -8.6979
         -1.2773
          0.0000
          0.0000
          0.0000
          0.0000
          0.0000
          0.0000
         -8.6412
         -0.5145
          0.0000
          1.6559
          3.6066
          3.8182
         12.2846
         16.1658
        -16.8161
          0.0000
          0.0000
         19.8943
         10.3620
          0.9927
         16.4977
         56.3962
         47.7065
          0.0000
          0.0000
          0.0000
          0.0000
          0.0000
         18.0066
         30.7331
          7.7146
         -2.3728
          8.7610
          0.9342
          0.0000
          0.0000
          0.0000
         21.5960
          3.0026
         -3.5924
         15.8142
          0.8946
          1.5528
         17.4416
         23.2039
         28.0451
        103.3698
          9.5643
         10.8591
         12.2885
          0.2688
          0.3014
         31.5289
         67.2575
         46.9504
         31.7319
         10.8507
         -5.6968
          3.4938
          4.4911
         -6.5745
        112.7849
        128.4645
         -4.9360
          0.0000
          4.7735
          0.0000
         28.8742
          4.0151
          0.0000
          0.0000
          0.0000
          3.4635
          1.7278
          0.0000
          0.0000
          0.0000
          0.0000
         -6.4929
         -1.4259
          0.0000
         28.1603
          7.3089
        -16.6175
         56.0191
        233.3483
         30.1443
          0.0000
          0.0000
         47.8150
         31.3687
         86.3448
        104.1406
        123.2214
         15.2268
          0.0000
          0.0000
          0.0000
          0.0000
          0.0000
          0.0000
          0.0000
         18.5685
         24.7809
          0.0000
         -8.0190
        -15.3869
         -0.8042
          4.6103
          0.0000
          0.0000
          0.0000
          7.2526
         23.6005
         13.8568
         -6.8116
          4.9540
        188.0843
        198.5444
          0.0000
          0.0000
          0.0000
          0.0000
          0.0000
          6.5782
         -1.0098
          6.5880
          1.0046
         34.0495
         84.8839
         36.8493
          0.0000
          0.0000
          0.0000
          0.0000
          0.0000
          0.0000
          0.0000
          0.0000
          0.0000
          0.0000
          0.0000
         30.3202
          0.0000
          0.0000
         18.2055
         28.7881
         25.6203
         -1.0683
        128.6631
         67.0384
          0.0000
          0.0000
          0.0000
         17.6083
         17.7067
         21.1274
          2.0445
          6.5340
         27.4334
          7.4717
         23.3149
         75.1522
          0.0000
          0.0000
          0.0000
         -0.9724
          0.0000
          0.0000
          0.0000
          0.0000
          0.0000
          5.0008
          8.0637
          0.0000
          0.0000
          2.0025
         19.0337
          7.8509
         13.9727
         -5.6247
        -13.5445
          0.0000
          0.0000
          0.0000
          7.1746
         15.4556
         23.2637
         20.1255
         24.8295
         58.5096
          0.0000
         -0.3230
          3.0185
         12.9024
         19.4564
         35.9027
         84.6905
        128.2925
          0.0000
          0.0000
          0.0000
          2.4040
         27.9727
         17.9803
         91.5467
        127.8960
          0.0000
          0.0000
          8.9429
         -5.4079
         -3.3492
          0.0000
          3.8536
         -1.2347
          0.0000
          0.0000
          0.0000
          0.0000
          0.0000
          4.5312
          3.6130
         -0.2302
          0.0000
          0.0000
          0.0000
          0.0000
          6.4055
         20.3058
          0.0000
          0.0000
          0.0000
          0.0000
         40.8400
         12.7900
          4.7075
         54.4361
        149.9835
          2.7066
          0.0000
         11.3176
         23.0450
          7.3708
          0.0000
         10.1821
          0.0000
          0.0000
          0.0000
          0.0000
          0.0000
          7.0193
         13.4962
         17.8756
         37.5223
         34.4734
         34.4734
          1.9723
          1.9723
          7.8275
          8.8681
         20.3658
         18.2943
         20.5903
         20.0269
          0.0000
          0.0000
          0.0000
          0.0000
          9.0495
         38.8040
         60.1710
         -1.1876
         24.0061
         24.1025
          8.9481
          6.0913
          3.3171
          0.0000
          0.0000
          0.0000
          0.0000
         18.5327
         19.8558
          7.9823
         25.0778
         71.5127
         40.7756
          0.0000
          0.0000
         14.7100
         16.1702
         26.4409
         54.9936
         89.1309
          0.0000
          0.0000
          0.0000
          1.4744
         18.6477
          7.1234
         14.5162
         19.0716
         44.3655
          1.1714
          0.0000
          0.0000
          0.0000
          0.0000
          3.0641
          1.5668
         -2.5349
          0.9452
         23.5960
         21.8113
         16.6761
         19.8664
         23.7516
         15.0105
         -0.8936
          0.0000
         35.1353
         77.0867
         36.9271
         91.6003
         57.7034
         60.0385
          0.0000
          0.0000
          0.0000
          0.0000
          9.1090
         14.0184
         37.7429
         63.0143
          0.0000
          0.0000
          0.0000
          0.0000
          6.8867
         11.2371
         67.3917
        125.5374
         29.5876
          0.0000
          0.0000
          0.0000
          0.0000
          0.0000
          0.0000
          0.0000
          0.0000
          0.0000
          0.0000
          0.0000
          0.0000
          0.0000
          0.0000
          5.4912
         10.7748
          9.1498
          0.0000
          0.0000
          2.5011
          2.8131
          8.7375
         20.5127
         64.7773
          0.0000
          0.0000
          0.0000
          0.0000
          0.0000
          0.0000
          0.0000
         -2.0819
          0.0000
          0.0000
         13.3530
        -12.8226
        -15.2664
         -4.9213
          0.0000
         44.7136
         43.0344
          0.0000
          0.0000
          0.0000
          0.0000
          0.0000
          0.0000
          0.0000
         43.4118
          0.0000
          0.0000
          0.0000
          0.0000
          0.0000
          0.0000
          0.0000
         45.1864
         77.7455
         43.1037
          5.9438
          0.0000
         -0.0483
          0.0000
        102.6550
         94.2497
          0.0120
          0.0000
          0.0000
          0.0000
          0.0000
          0.0000
          0.0000
         52.6423
          0.0000
          4.7348
          2.5412
          0.0000
          0.0000
          0.0000
          0.0000
         12.8882
          0.0000
          0.0000
          0.5591
          0.0000
          7.6308
          2.2276
         13.6150
         94.3759
         98.3412
         67.7627
         18.8541
        -11.5278
         12.9715
        120.9858
         55.2156
          4.1427
          0.0000
          7.0353
         23.0073
          6.9728
         21.3294
         66.3424
         78.9732
          0.0000
          0.0000
          0.0000
          0.0000
          0.0000
         13.6024
          5.1174
        -10.2918
          0.0000
          0.0000
          0.0000
          0.0000
          1.2348
         18.4607
         16.6476
          2.1419
          0.0000
          0.0000
          0.0000
          0.0000
          0.0000
          0.0000
          0.0000
          0.6909
          0.0000
          0.0000
          0.0000
          0.0000
          1.9587
          9.8801
          9.0241
          4.2240
          6.1650
          3.0892
         10.8641
          0.0000
          0.0000
         14.9213
         20.7511
        124.7988
        130.4384
         30.6093
         10.0978
         13.8014
         17.7643
          8.6156
          0.0000
          0.0000
         60.8776
         14.0800
         20.5294
         36.0635
         42.8100
        -24.5480
         86.7668
         26.8035
          0.8045
          0.0000
          5.8337
          6.8340
         15.4822
         40.5558
        150.2802
         32.2263
          0.0000
          0.0000
          0.0000
          5.7135
         20.3686
          3.1371
         18.1014
         21.1557
          0.0000
          0.0000
          0.0000
          0.0000
          0.0000
          0.0000
          0.0000
          0.0000
          0.0000
          0.0000
          0.0000
          0.0000
          0.0000
         10.6460
         16.4529
         11.5830
         13.3216
          0.1730
          0.0000
          0.4475
          0.0000
          0.0000
          0.0000
         -0.7481
          0.0000
          0.0000
          0.0000
          0.0000
          0.0000
          0.0000
          0.0000
         -6.2488
         -0.5632
          0.0000
          0.0000
          0.0000
          0.0000
          0.0000
          0.0000
         -0.4206
          0.0000
          0.0000
          0.0000
          0.0000
          0.0000
          0.0000
          0.0000
         -4.1050
          0.0000
          0.0000
          0.0000
          0.0000
          0.0000
         23.7924
          0.3627
          0.0000
         54.8850
         84.2210
         71.7607
          0.0000
          0.0000
          0.0000
          0.0000
          0.0000
          0.0000
          0.0000
          0.0000
          0.1710
          0.0000
         10.8591
         18.7929
         28.1661
          0.0000
          0.0000
          3.2172
         12.5126
          4.9542
         16.4167
         12.3192
        110.3600
          8.6829
          0.0000
          0.0000
          0.0000
          0.0000
          0.0000
          3.1780
          1.4685
          0.2472
         10.6819
         16.6771
         13.1128
         18.4795
         22.6664
         23.5713
         16.0298
          0.0000
          0.0000
          0.0000
          0.0000
          9.4465
         23.5967
         42.3671
          2.4474
          0.0000
         12.9322
         33.3705
         18.9363
          2.7281
         -1.1998
          0.0000
          0.0000
          0.0000
          0.0000
         20.7798
         10.3778
         -5.6293
         35.8286
        123.0750
         63.7098
          0.0000
          0.0000
          0.0000
          1.6715
          1.1711
         16.6834
        113.6800
          0.0000
          0.0000
          0.0000
          0.0000
          0.0000
          0.0000
          0.0000
          0.0000
          0.1066
         -0.8083
          0.0000
          0.0000
          0.0000
          0.0000
          0.0000
          0.0000
         -4.6735
          0.0000
          0.0000
          0.0000
          0.0000
          0.0000
          0.7654
          6.4026
         98.6354
        111.6107
         22.7794
         14.2885
          1.9405
         -8.8281
        -27.9355
         22.6150
        131.4447
        164.6743
        111.4638
          0.0000
          0.0000
          0.0000
          0.0000
          0.0000
          0.0000
          0.0000
          0.0000
         -1.4604
         -3.2881
          7.6734
          1.9634
         51.5837
        109.5504
         72.9156
         -1.6035
        -19.1968
        -17.2543
        -15.9031
        -18.9421
         -7.4107
         19.8684
         18.3697
         10.0266
         35.3955
         22.9760
         -6.8271
          4.2395
          0.0000
         62.1379
         29.0212
          0.0000
          0.0000
          0.0000
         26.6712
         32.6906
          0.0000
         -1.1583
          0.0000
          1.7796
          2.6793
         10.1894
          9.7112
          4.1245
        -14.3815
        -30.3343
         -4.0814
         65.9051
        226.4077
         88.4972
         31.2283
         49.3862
         40.6296
        277.5231
        262.4648
        122.0733
          0.0000
          0.0000
          1.6969
         18.1116
          6.3960
         95.4587
        101.8944
         12.1064
        -16.1498
         -6.0370
         -5.6560
         10.0292
         10.8410
         69.0856
         67.6893
          0.0000
          0.0000
          0.0000
          0.9874
         13.0088
        127.4046
         -0.2453
         -1.0961
          0.0000
         18.1305
         33.1710
          0.0000
          0.0000
          0.0000
          3.9131
          0.0000
          0.0000
          4.9247
         10.3783
         -1.0784
          1.6931
         95.6522
         49.4657
          0.0000
          0.0000
          0.0000
          0.0000
          0.0000
          0.0000
          0.0000
         41.8527
         10.3332
         -8.3598
        -13.6253
         -7.5424
          3.9071
          1.9116
        -25.3638
         33.1565
         65.1300
         27.0371
         -8.9170
         19.5764
         26.3462
         -2.6667
          0.0000
         95.5194
          0.0000
          0.0000
          4.6286
         11.3529
          5.9549
          8.3461
         12.2012
         78.3019
          7.9081
         18.0043
         21.0428
         23.6817
         46.2958
         79.4589
          0.0000
          0.0000
          0.0000
          0.0000
          0.0000
          0.0000
          0.0000
          0.0000
          0.0000
         -1.0973
          3.0895
          5.8572
          2.6773
         21.1350
         38.3337
         25.6465
         20.1169
         54.2704
         37.1249
          0.8380
        -10.4136
          9.0274
         46.4298
          3.8744
         -2.4231
         20.7529
        115.1128
         20.4553
         12.8135
          9.5913
         10.0687
          9.9181
         35.4027
         76.1032
          2.0645
         20.1974
         10.8940
          5.8123
         22.3574
        -16.9107
         53.7594
         85.4228
        129.9150
          0.0000
         47.4698
          0.0000
          9.3689
         28.8500
          8.7724
        -15.4381
         24.9052
         32.8014
         23.9928
         -3.1983
          8.1600
         -0.9350
         -9.4506
          6.9287
         26.4925
          0.8318
         17.0118
         16.7979
        -24.1601
        -57.3418
          2.5734
          3.0231
          0.0000
          0.0000
          0.0000
          0.0000
          8.1342
         38.8632
         84.6474
         32.4458
          0.0000
          0.0000
          0.0000
          0.0000
          0.0000
          0.0000
          0.0000
          3.5840
         19.1908
          1.7681
         40.6894
          0.0000
          0.0000
          0.0000
          0.0000
         37.1486
         71.0267
        109.9497
         90.5283
         71.0818
         25.1156
         -6.1554
         -4.2003
        138.4937
        188.1131
        121.5126
        182.4055
        153.6058
        113.9132
         27.0535
          0.0000
         -6.9826
          0.0000
          0.0000
          0.0000
          0.0000
          0.0000
          0.0000
          0.0000
         -4.4404
          0.0000
          0.0000
          0.0000
          0.0000
          9.7372
          2.3074
          0.0000
          0.0000
          0.0000
          0.0000
          0.0000
          0.0000
          0.0000
          0.0000
          0.0000
         26.8816
         54.9878
         14.5596
         19.0203
         38.4496
        109.5227
        142.4580
        219.5102
        107.7947
          0.0000
          0.0000
          0.0000
          0.0000
          5.6368
         11.1434
        125.9011
          0.0000
          0.0000
          0.0000
          0.0000
          0.0000
          0.0000
         14.0781
         50.0946
         55.7914
         20.1838
          5.5640
         -6.1699
          0.0000
         41.6155
         96.9777
        103.8245
         72.6255
         63.9438
          0.0000
          0.0000
          0.0000
          0.0000
          0.0000
          0.0000
          0.0000
          0.0000
          0.0000
          0.0000
          0.0000
          0.0000
          0.0000
          0.0000
         -6.2289
         -1.0705
          6.4041
         -1.2448
          4.6668
          1.2397
          5.7228
          5.2077
         -0.2519
         -0.2719
         12.6617
          2.2929
          0.0000
          0.0000
          0.0000
          0.0000
          0.0000
          0.0000
          0.0000
          8.2959
          2.4472
          0.0000
          0.0000
          0.0000
          0.0000
          0.0000
          1.0728
         13.2813
         12.8093
          4.3468
         -1.7610
          0.0000
          0.0000
          0.0000
          0.0000
         27.9755
         17.6172
         -0.6586
          6.9636
          2.1412
          0.0000
         21.2814
          8.9071
          1.1603
          1.8025
          0.0000
         13.6344
          8.7865
          2.1928
         26.0394
         71.2582
        100.2999
          8.5730
         36.5179
         16.8068
         15.5389
         15.5180
          0.0000
          0.0000
          0.0000
          0.0000
          3.4106
         15.5083
         34.9558
          0.0000
          0.0000
          0.0000
          0.0000
          6.6681
          0.0000
          3.8122
          0.4501
          1.1962
         20.5005
         24.8174
         18.2180
          9.7547
        104.7530
        103.6202
         13.1946
          3.2107
          0.0000
          6.6675
         -0.6595
         -7.4218
         73.4596
        133.5831
         35.3784
          0.0000
          0.0000
          0.0000
          0.0000
          0.0000
          0.0000
          0.0000
          0.0000
          0.0000
         32.2816
          0.0000
          0.0000
          0.0000
          0.0000
          0.0000
          0.0000
          0.0000
          0.0000
          0.0000
         10.3783
         31.0498
         21.2990
         29.1901
        139.4508
          0.0000
          0.0000
          0.0000
          0.0000
         26.9097
          1.0799
          0.0000
         61.2723
         57.7822
          0.0000
          0.0000
          5.2741
         13.3848
          8.1114
         26.9470
         88.7087
         78.5441
          0.0000
          0.0000
          0.0000
          0.5810
         22.1724
         20.1010
         13.2829
         15.7868
        -11.3397
          0.0000
          0.0000
          0.0000
          0.0000
          7.3080
          1.3228
         34.4973
         30.9494
          0.0823
          0.0000
          0.0000
          0.0000
          3.2745
          0.3221
         68.0734
          0.0000
          0.0000
          0.0000
          0.0000
          0.0000
          8.0698
          8.9169
          0.0000
          0.0000
          2.2221
         11.6116
         16.0522
          9.4741
         28.7759
         55.7856
         34.3274
         -4.7759
          0.0000
         48.5701
         18.9000
          2.7026
         24.9144
         40.8696
          0.0000
          0.0000
          0.0000
         17.1135
         13.9864
          0.0000
         17.5295
        145.5558
          0.0000
          0.0000
          0.0000
          1.1209
          2.3791
          0.0000
          4.8080
          0.1125
         40.6911
          0.0000
          0.0000
          6.8620
          1.5670
          8.1342
         14.1898
          0.8628
          3.5818
          9.2039
         47.7069
         85.0738
         28.3081
        -10.8871
         18.3846
         69.8449
         29.9381
         87.0295
         10.4423
          0.0000
          6.1118
         41.7059
         79.6349
         33.4898
         -1.3646
          2.5088
          0.0000
          0.0000
          1.2993
         37.4335
         18.8649
         16.3271
         16.6688
         50.7040
         48.0938
         65.2139
         41.6252
         69.1875
         92.2223
         45.5333
         -0.9874
          0.0000
          2.1774
          3.8192
          1.9768
          0.0000
          4.9082
         17.3135
        103.1129
        164.6755
        109.0156
          0.0000
          0.0000
          0.0000
          1.7882
          0.0000
          0.0000
          0.0000
          0.0000
          0.0000
          0.0000
          0.0000
          2.1127
          0.0000
          6.6425
          0.0000
          0.0000
          6.5724
          0.0000
          0.9900
        -11.0777
         38.2597
          0.0000
          0.0000
          0.0000
         33.7874
         59.3424
         88.6188
        129.8543
        212.1900
          0.0000
          0.0000
          0.0000
          0.0000
          0.0000
          0.0000
          7.8598
          6.3919
          0.0000
          0.0000
          0.0000
          0.0000
          0.0000
          0.3600
         18.8569
         42.5771
         73.3511
         -4.3585
          0.0000
         24.7445
         18.6374
         30.8461
         11.2980
         -2.0111
         -3.6358
          0.0000
          0.0000
          1.2955
         12.8814
         42.2660
         48.2125
        126.9043
         31.7258
          0.0000
          0.0000
          0.0000
          0.0000
          0.0000
         12.6563
         81.5562
         59.3459
          0.0000
          0.0000
          0.0000
          0.0000
          0.0000
          0.0000
          0.0000
         -2.8099
          0.0000
          0.0000
          6.1680
         14.0839
         12.7380
         11.9561
          0.4899
         -1.8202
          3.1377
         17.7307
         34.6405
         30.3143
         19.6805
         19.9903
         14.9676
          0.0000
          0.0000
          0.0000
          0.0000
          0.0000
          0.0000
          1.2644
          4.5536
         -1.3053
          0.0000
          0.0000
          0.0000
          0.0000
          4.5627
         61.5891
         29.5383
          0.0000
         10.0386
         53.2318
          6.2159
          5.0589
          0.0000
          0.0000
          1.9517
          1.6176
         42.6935
         29.2060
         18.1858
         18.3393
         24.4096
         12.7264
         -2.0185
          9.2567
         12.9282
         38.4655
        131.7578
        170.6499
        176.5981
        156.7141
        172.0086
          0.0000
          0.0000
          0.0000
          0.0000
          0.0000
          0.0000
          0.0000
          0.0000
         -1.1944
          0.0000
          3.8551
          0.0000
          0.0000
          0.0000
         17.6534
         42.6176
         91.9491
         71.8726
         12.7997
          0.0000
          0.0000
          0.0000
          0.0000
         55.4432
        103.8617
          0.0000
          0.0000
          0.0000
          0.0000
          0.0000
          6.7783
          8.2982
         62.3382
          0.0000
          0.0000
          1.1429
         10.7695
          5.4719
         22.1495
         39.2013
         24.9235
         15.9097
         36.5552
         40.1542
         -0.9970
         -5.0220
          7.8276
         17.0354
         22.0033
          8.6199
         20.9389
         59.2408
        110.8262
         27.2438
         17.4396
         33.3860
         74.0120
          0.0000
          0.0000
          2.4957
          8.7853
          1.9382
         10.9042
          5.0160
          6.3727
         68.6093
         22.8454
         36.5826
          6.6101
          7.2671
          1.2014
          0.0000
         -2.3871
          0.0000
          0.0000
          2.4960
         14.0681
          6.4800
         10.0698
          7.5210
         31.4389
          0.0000
          0.0000
          0.0000
          0.0000
         11.3452
          7.1234
          8.0517
          7.3211
         -0.7873
          0.0000
          0.0000
          0.0000
          0.0000
         15.9236
         21.9829
         15.5971
         -0.9488
          0.0000
          7.9484
         10.8194
          0.5433
          5.7707
         22.3461
          4.8180
         14.6870
         10.4667
          7.2935
          4.2474
          0.0628
          7.4692
         18.0908
        151.3159
          0.0000
          0.0000
          6.3639
          1.5922
          0.7695
         -3.7042
          0.0000
          0.0000
          0.0000
          0.0000
          7.0510
          5.5311
          0.0000
          0.0000
          0.0000
         -1.5351
          0.0000
          0.0000
          0.0000
          1.5602
          0.0000
          0.9797
          0.0000
          0.0000
          0.0000
         10.1922
         12.4227
         19.9019
         31.4819
         29.9273
         12.8142
          0.0000
          0.0000
          0.0000
         10.0020
         23.7860
          6.7737
         -4.8156
         26.2838
         25.1909
          0.0000
          0.0000
          0.0000
          0.0000
          0.0000
          0.0000
          0.0000
         -2.9906
          0.0000
          0.0000
          0.0000
          0.0000
         14.1084
         18.9615
         21.4989
         22.6911
          0.0000
          0.0000
         12.4150
         23.6075
         -3.7343
        -15.4635
         -1.9688
         27.8033
          0.0000
          0.0000
         20.4588
         32.6720
         20.1791
          0.0000
          0.0000
          0.0000
          0.0000
          0.0000
          0.0000
          0.0000
          0.0000
          0.0000
          0.0000
          0.0000
          0.0000
          0.0000
         14.4570
          5.2429
         16.7764
         38.0130
         12.3798
          0.0000
          0.0000
          0.0000
          0.0000
          0.0000
          7.8250
         19.2585
         24.9246
         62.0206
          0.0000
          0.0000
         11.2816
          1.9753
          0.0000
          0.0000
          0.0000
          1.5199
          0.0000
          4.8353
          0.0000
          0.0000
          0.0000
          0.0000
          0.0000
         -2.0381
          4.0496
          4.0606
          0.0000
          0.0000
          0.0000
          0.0000
          7.2534
          8.6025
          7.5223
         12.3721
         12.5391
         12.1709
          3.9342
         29.1437
        107.6845
        145.3680
          7.2452
         11.5040
         16.8504
          0.0000
          1.8497
          6.7355
         -5.1081
         -3.7478
          3.2108
         17.6594
         30.6727
         21.1130
         15.7425
         33.7694
         21.3213
         -6.1852
          0.0000
          0.0000
         36.2026
         39.2979
         25.3791
        107.9405
        156.5410
          0.0000
          0.0000
          0.0000
          0.0000
          0.0000
          0.0000
          5.7048
         -0.7667
         -0.0832
         14.4242
          9.8620
          7.4428
         15.8244
         27.2729
         67.0178
        120.6677
         63.3814
          0.0000
          0.0000
          0.0000
          0.0000
          0.0000
          0.0000
          1.3807
         -1.6074
         -2.5992
          0.0000
          5.5776
          3.0175
         -0.4257
         -0.0444
         -1.9414
         -8.6834
          0.0000
          0.0000
          0.0000
          0.0000
          0.0000
          0.0000
         20.4535
         15.6359
         -1.1781
          7.7407
         32.3908
         40.0031
         38.8261
         85.2533
        164.2736
         -3.6038
          0.0000
          0.0000
          0.0000
          0.0000
          0.0000
          0.3863
          6.7684
         11.5966
          0.0000
          0.0000
          0.0000
          0.0000
          0.0000
         12.9742
         12.0667
          6.2317
          1.9894
          1.4657
          3.7547
          0.0000
          0.0000
          4.2890
         -0.5166
         -2.8010
         -0.1412
          0.0000
          0.0000
          0.0000
          0.0000
          0.0000
          0.0000
        -10.2599
          0.0000
          0.0000
          0.0000
          0.0000
          0.0000
          0.0000
          7.4980
          1.7799
         -0.9336
          7.3062
         19.5178
          2.4311
          0.0000
          6.7575
         10.8434
         17.8054
         29.8840
          0.3657
         13.9551
         13.5355
          2.7355
          0.0000
          0.0000
         -1.9345
          6.5694
         20.4378
         33.8463
          5.6972
         -3.5567
         13.9766
         13.7962
          4.9662
          7.2803
         17.6352
         13.6052
         28.2759
          4.2848
          3.9854
          4.8691
         11.7178
        107.1459
         15.7225
         11.8944
         15.0953
         18.4941
          5.0453
         -0.8176
         -3.7467
          0.0000
          0.0000
          0.0000
          0.0000
          0.0000
          0.0000
          0.0000
          9.6437
         12.7454
         29.0100
         14.5275
          0.0000
          0.0000
          0.0000
          0.0000
          0.0000
          0.0000
          0.0000
          4.0277
          9.6127
          0.0000
          0.0000
          2.1972
          0.3975
         -4.7900
          0.0000
          1.0703
          6.5386
          0.0000
          0.0000
          0.5180
         -7.4611
         -0.8343
          0.0000
          0.0000
          0.0000
          0.0000
          0.0000
          0.0000
         -5.5191
          0.3165
         -3.4776
          0.0000
          0.0000
          0.0000
          4.0775
          5.4833
          3.0535
          6.3208
          1.7597
         -3.3047
         -3.1174
          0.0000
          1.5757
         10.0457
          5.7956
         46.6608
          0.0000
          0.0000
          0.0000
          0.0000
          0.0000
          0.0000
         -3.2673
         -0.6910
          7.3158
         10.1322
         33.2459
         74.8558
         89.8424
         17.3678
          0.0000
          0.0000
          0.0000
          0.0000
          0.0000
          0.0000
          0.0000
          4.2775
         -0.0051
         -1.1102
          0.0000
          0.8910
          3.6210
          7.9934
          3.2798
         -4.4848
         -3.1991
          7.5401
         13.3448
          0.0000
          0.0000
          0.0000
          0.0000
          0.0000
         31.7344
         85.7239
         -3.2657
          0.0000
          0.0000
          0.0000
          0.0000
         37.4811
         75.4494
         65.3374
         -1.9675
          0.0000
          0.0000
         61.5932
          9.3137
         -2.4824
         -1.7752
          7.0620
         19.3058
         21.4580
         19.2032
         93.4135
         80.5992
         80.4612
        142.2861
         43.9397
         18.2324
          3.0442
         34.1896
         58.7857
         13.9387
          0.0000
         10.4955
          0.1537
          6.8204
         39.9731
        109.8841
         72.0100
          5.2498
          8.2202
         -1.7002
          0.0000
          0.0000
          0.0000
          0.0000
          0.0000
          0.0000
        134.1713
        155.7053
          0.0000
          0.0000
          0.0000
          0.0000
          0.0000
          0.0376
          1.1269
         93.4367
        115.0991
          0.0000
          0.0000
          0.0000
          0.0000
          5.7726
         11.7945
         26.9861
         22.3913
         22.3194
         21.3272
         11.5408
        -10.0189
          0.0484
          0.0000
          0.0000
          0.0000
          0.0000
          0.0000
          0.0000
          0.0000
          0.0000
          0.0000
          0.0000
          0.0000
          0.0000
          0.0000
          0.0000
          0.0000
          0.0000
          0.0000
        125.5005
         37.1635
          0.0000
          0.0000
          0.0000
          0.0000
          0.0000
          0.0000
         21.3141
          0.0000
          0.0000
          0.0000
          0.0000
          0.0000
          0.0000
          0.0000
          0.0000
          0.0000
          0.0000
          7.7159
          0.0000
          0.0000
          0.0000
          0.0000
         20.0588
         21.7986
          1.9765
          0.0000
          0.0000
          0.0000
          0.4396
          0.0000
          0.0000
          0.0000
          0.0000
          0.0000
          0.0000
          0.0000
          0.0000
          0.0000
          0.0000
          0.0000
          0.0000
          0.0000
          0.0000
          0.0000
          0.0000
          0.0000
         32.0246
         28.0017
         19.4990
         23.1810
         -0.5141
          0.0000
          0.0000
          0.0000
          0.0000
          0.0000
          0.0000
          0.0000
          0.0000
          0.0000
          0.0000
          0.0000
          0.0000
          0.0000
          0.0000
          0.0000
          0.0000
          0.0000
          0.0000
          0.0000
          0.0000
          0.0000
          0.0000
          0.0000
          0.0000
          0.0000
          0.0000
          0.0000
          0.0000
          0.0000
          0.0000
          0.0000
          0.0000
          0.0000
          0.0000
          0.0000
          0.0000
          0.0000
          0.0000
          0.0000
          0.0000
          0.0000
          0.0000
          0.0000
         -1.5322
          0.0000
          0.0000
          0.0000
          0.0000
          0.0000
          0.0000
         10.3756
         59.6019
         33.7124
          0.0000
          1.0364
          5.2913
          0.0000
          6.1446
          8.8157
         50.9960
         14.8319
          1.5547
          0.0000
          0.0000
          0.0000
          0.0000
          0.0000
         -1.5792
         -5.2158
          0.0000
          0.0000
          0.0000
          0.0000
          0.0000
          0.0000
          0.0000
          0.0000
          0.0000
          1.4649
          3.2480
          0.0000
          3.8609
         -1.2520
         -6.6740
          0.0000
          0.0000
          0.0000
          0.0000
          0.0000
         21.4166
         17.0247
         17.5250
          0.0000
          0.0000
          0.0000
          0.0000
          1.7103
         29.0957
         52.9130
        148.2949
          0.3038
          0.0000
          0.0000
          1.5728
          0.0000
          0.0000
          0.0000
         -6.2786
          2.4515
         -0.9259
          0.0000
          0.0000
          0.0000
          0.0000
         22.2714
         26.6389
          0.0000
          0.0000
          0.0000
          0.0000
          0.0000
          0.0000
          0.3912
         14.8483
          2.2149
          0.0000
          0.0000
          0.0000
          0.0000
          0.0000
          0.0000
          0.0000
          0.0000
          0.0000
          0.0000
          0.0000
          0.0000
          0.0000
          0.0000
          0.0000
          0.0000
          0.0000
          0.0000
          0.0000
          0.0000
          0.0000
          0.0000
          1.7994
          0.0000
          0.0000
          3.3757
         67.7552
          9.6398
          8.2173
          1.0672
         91.5988
          4.6347
         68.8546
         61.8916
         15.9567
         -0.5558
          6.7209
         26.8037
          3.3287
         19.8857
         -2.7608
          0.0000
          0.0000
          0.0000
          0.0000
          0.0000
         -5.3402
          0.0000
          0.0000
          0.0000
          0.0000
          0.0000
          0.0000
          0.0000
          0.0000
          0.0000
          0.0000
          2.9499
         22.9946
         81.8528
         77.9302
         12.7115
        -13.9808
          4.4685
          0.0000
          7.6556
         14.5609
         33.1372
         35.8055
        163.6017
         49.2093
          0.0000
          0.0000
          0.0000
          4.9349
          0.0000
          8.0152
         10.3688
         -1.9345
          0.0000
          7.6693
          3.5833
          0.0000
          0.0000
          0.0000
          0.0000
          0.0000
          0.0000
          0.0000
          0.0000
          0.0000
          0.0000
          0.0000
          0.0000
         22.7036
          3.6307
          0.0000
          0.0000
          0.0000
          0.0000
         19.4281
         27.3015
         64.5969
          0.0000
          0.0000
         26.9615
         18.9676
         -4.1936
         -2.3165
          0.0000
         20.3162
          0.0000
          0.0000
          0.0000
          0.0000
          0.0000
          0.0000
          0.0000
          0.0000
          0.0000
          0.0000
          0.0000
          0.0000
          5.6241
          9.7424
         -1.1822
         -0.5188
          0.0000
          4.1656
          0.0000
          0.0000
          0.0000
          0.0000
          0.0000
          2.6244
         -0.5574
          0.1770
          0.0000
          0.0000
          0.0000
          0.0000
          2.8198
         -1.5067
          0.0000
          0.0000
          0.0000
          0.0000
          0.0000
          0.0000
          0.0000
          0.0000
          0.0000
          0.0000
          0.0000
          0.0000
          0.0000
          0.0000
          0.0000
          0.0000
          0.0000
          0.0000
          0.0000
          0.0000
          0.0000
          0.0000
          0.0000
          0.0000
          0.0000
          0.0000
          0.0000
          0.0000
          0.0000
          0.0000
          0.0000
          0.0000
          0.0000
          0.0000
          0.0000
          0.0000
          0.0000
          0.0000
          0.0000
          0.0000
          0.0000
          0.0000
         15.6349
         24.5892
          9.1972
          0.0000
          0.0000
         -4.3110
          0.0000
          2.4537
          3.2759
          0.0000
          0.0000
         11.0908
         56.0131
          9.6769
          0.0000
          0.0000
          0.0000
          0.0000
          0.0000
          2.1468
          0.0000
          0.0000
          0.0000
         24.3032
          0.0000
          0.0000
          0.0000
          0.0000
          0.0000
          0.0000
          0.0000
          0.0000
          0.0000
          0.0000
          0.0000
          0.0000
          0.0000
         -2.5286
          0.0000
          0.0000
          0.0000
          0.0000
          0.0000
          0.0000
          0.0000
          0.0000
          0.0000
          0.0000
          0.0000
          0.0000
          0.0000
          0.0000
         24.7453
          6.2297
          0.0000
          0.0000
          0.0000
          0.0000
          0.0000
          0.0000
          0.0000
          0.0000
          0.0000
          0.0000
          0.0000
          0.0000
          0.0000
          0.0000
          0.0000
          2.3077
          0.0000
         -0.7345
          0.0000
          0.0000
          0.0000
          0.0000
          0.0000
          0.0000
          0.0000
          4.2125
          0.0000
          0.0000
          0.0000
          0.0000
          5.8665
         15.7999
          0.0000
          0.0000
          0.0000
          0.0000
          0.0000
          0.0000
          0.0000
          0.0000
          0.0000
          0.0000
          0.0000
          0.0000
          0.0000
          0.0000
          0.0000
          0.0000
          0.0000
          0.0000
          0.0000
          0.0000
          0.0000
          0.0000
          0.0000
          0.0000
          0.0000
          0.0000
          4.8346
          7.3210
          0.0000
          0.0000
          0.0000
          0.0000
          0.0000
          9.7500
          8.5642
          0.0000
          0.0000
          0.0000
          0.0000
          0.0000
          0.0000
          0.0000
          0.0000
          0.0000
          0.0000
          0.0000
          0.0000
         -4.5176
          0.0000
          0.0000
          0.0000
          0.0000
          0.0000
          6.3990
          0.0000
         16.0317
          0.0000
          0.0000
          0.0000
          0.0000
          0.0000
          1.0776
          0.0000
          0.0000
          0.0000
          0.0000
          0.0000
          0.0000
          0.0000
          0.0000
          0.0000
          0.0000
          0.0000
          0.0000
          0.0000
          0.0000
          0.0000
          0.0000
          0.0000
          0.0000
          0.0000
          0.0000
          0.0000
          0.0000
          0.0000
          0.0000
          0.0000
         -2.1858
          0.0000
          0.0000
          8.2602
          8.8390
         12.3630
        132.3151
         43.4534
          0.0000
          0.0000
          0.0000
         30.5823
         24.8794
         31.7655
         21.0275
          0.0000
          0.0000
          0.0000
          0.0000
          0.0000
          0.0000
          0.0000
          0.0000
          0.0000
          0.0000
          0.0000
          0.0000
          0.0000
          0.0000
          0.0000
          0.0000
          6.5615
        -11.9165
          0.0000
          0.0000
          0.0000
          3.5592
          1.0895
        -10.2487
          0.0000
          0.0000
          0.0000
          0.0000
         18.4887
         14.5095
          4.1664
          7.2271
          0.0000
          0.0000
          0.0000
          0.0000
          0.0000
          0.0000
          1.7195
         24.0519
        145.5634
        104.3786
          0.0000
          0.0000
          0.0000
         26.2510
         30.9496
         13.5945
          7.8075
         60.3745
          0.0000
          0.0000
          0.0000
          0.0000
          0.0000
          0.0000
          0.0000
         -7.4628
          0.0000
          0.0000
          0.0000
          0.0000
          0.0000
          0.0000
          2.1401
         14.4566
         14.8621
          7.7568
          0.0000
          0.0000
          0.0000
          0.0000
          4.9288
          9.6078
          8.6793
         12.0690
         10.5395
          1.2028
          0.0000
          0.0000
          0.0000
          7.3528
          2.4406
          9.0880
         24.8325
          1.7964
          0.0000
          0.0000
          0.0000
          3.8784
          0.4959
          0.2964
          0.3238
          0.0000
        122.3224
        109.4380
         75.0293
          0.0000
          0.0000
          0.0000
          0.0000
          0.0000
          0.0000
          0.0000
         17.4530
          1.3987
          0.0000
          0.0000
          0.0000
          0.0000
          0.0000
          1.0925
         25.1417
         91.1777
          0.0000
          0.0000
          0.0000
          0.0000
          0.0000
          0.0000
          4.9224
          2.5938
          0.0000
          0.0000
          0.0000
          0.0000
          0.0000
          0.0000
          7.6135
         23.1924
         -1.8221
          0.0000
          6.9476
         13.3756
        149.9961
          3.3009
         21.1846
          3.1871
        -17.0154
         14.4787
         23.0730
         11.1027
         84.5070
        219.6773
        -11.2863
          0.0000
          5.3427
          0.0000
          0.0000
          0.0000
          0.0000
          0.0000
          0.0000
          0.0000
          0.0000
          0.0000
          0.0000
          0.0000
          0.0000
          0.0000
          0.0000
          0.0000
          0.0000
          0.0000
         11.6467
         20.0543
          5.8077
         18.2928
        149.5638
        221.5019
        123.8551
          0.0000
          0.0000
         14.2980
         70.5382
        147.2603
        114.3736
          0.0000
          0.0000
          0.0000
          0.0000
          0.0000
          0.0000
          0.0000
          0.0000
          0.0000
          0.0000
          0.0000
          0.0000
          0.0000
          0.0000
          0.0000
         11.8187
         56.4098
        156.2504
         21.7283
          0.0000
          0.0000
          0.0000
          0.0000
          0.0000
         28.8327
          0.0000
          0.0000
          0.0000
         16.4903
          1.7557
         15.4853
         93.4676
        166.7683
         45.2681
         68.5662
        113.6949
         24.2930
          7.4104
         21.1497
        100.1777
        266.8610
         27.2213
          0.0000
          0.0000
          2.4635
          7.6288
         -9.9068
         75.4797
        413.5415
        315.0073
          0.0000
          0.0000
          0.0000
          0.0000
         11.7944
          0.0000
        112.9632
        221.5444
         80.4261
         44.7010
         52.3086
        192.3096
        319.1449
        360.1088
          0.0000
          0.0000
          0.0000
          0.0000
          0.0000
          0.0000
          0.0000
          0.0000
          0.0000
          0.0000
          0.0000
          0.0000
          0.0000
          0.0000
          0.0000
         17.7262
          6.8241
          3.7103
         59.2461
         24.4990
          3.2474
          7.2761
          2.9651
          0.0000
          0.0000
          0.0000
          0.0000
          7.0498
         14.2983
          0.0000
         11.3153
          4.3207
          0.0000
         16.1454
         24.2283
         11.4530
          7.8451
         18.2742
         27.6076
        128.9887
        243.9992
         10.5457
          0.0000
          0.0000
          0.0000
          0.0000
          0.0000
          0.0000
          0.0000
          0.0000
          0.0000
          0.0000
          0.0000
          0.0000
          0.0000
          4.8368
         88.4937
        111.9681
          0.0000
          0.0000
          0.0000
          0.0000
         26.5645
         45.1080
          5.4713
          0.0000
          0.0000
          0.0000
          0.0000
          0.0000
          0.8025
          0.0000
          0.0000
          0.0000
          0.0000
          0.0000
          0.0000
          0.0000
          0.0000
          0.0000
          0.0000
          0.0000
          0.0000
          0.0000
          0.0000
          0.0000
          0.0000
          0.5211
          0.0000
          0.0000
          0.0000
          0.0000
          0.0000
          0.0000
          2.5271
         11.9015
          7.3326
          3.5612
         19.5535
         40.1041
         34.3283
         -4.1443
          9.7684
         14.0926
         54.1994
        316.0486
        344.1009
        363.0161
        247.3298
         68.0693
          0.0000
          0.0000
         31.0141
         52.3045
          0.0000
         33.2394
         40.7715
          2.3202
          9.7366
         -2.4992
         61.0171
         17.8171
         30.6286
          0.0000
          0.0000
          0.0000
          5.3500
          7.2231
          0.0000
          0.0000
          0.0000
          0.0000
         -1.6238
          0.0000
          0.0000
          0.0000
          0.0000
          0.0000
          0.0000
         49.6345
         60.7453
          0.0000
          0.0000
          0.0000
          0.0000
          0.0000
          0.0000
          0.0000
          0.0000
          3.7408
         10.9028
         71.5149
        167.6929
          0.0000
          0.0000
         45.6043
        204.2998
        298.9080
        346.4082
        112.8891
          0.0000
          0.0000
         78.0829
        192.6828
          0.0000
          0.0000
         38.6066
         19.2736
          0.0000
          4.0690
          4.5733
         14.0798
          5.3065
         10.5635
         22.8500
         17.7401
          0.0000
          0.0000
          0.0000
          0.0000
          0.0000
          0.0000
          0.0000
          0.0000
          0.3635
          0.0000
          0.0000
          0.0000
          0.0000
          0.0000
          0.0000
          0.0000
        -13.9120
         -2.5621
          6.3635
          0.0000
          0.0000
          0.0000
          0.0000
          0.0000
          0.0000
          0.0000
          0.0000
          0.0000
          0.0000
          1.9740
          7.6758
          0.0000
          0.0000
          0.0000
          0.0000
          0.0000
          0.0000
          6.8331
         25.7846
        202.2495
          1.7006
          0.0000
          0.0000
          0.0000
          0.0000
         23.2629
         92.9413
          0.0000
          0.0000
          0.0000
          0.0000
         91.0707
        114.7526
          0.0000
          0.0000
          0.0000
          0.0000
          0.0000
          0.0000
         29.9491
         15.0705
          9.4923
         29.2792
        185.7102
          0.0000
          0.0000
          0.0000
          0.0000
          0.0000
          0.0000
          0.0000
          0.0000
          0.0000
          0.0000
          0.0000
          0.0000
          7.6441
          0.0000
          0.0000
          0.0000
          0.0000
          3.0614
         12.6883
         12.3062
          0.0000
          0.0000
          0.0000
          0.0000
        -16.4347
         -4.2339
          0.0000
          0.0000
          0.0000
          0.0000
          9.6244
          5.2183
          0.0000
          0.0000
          0.7339
          0.0000
          4.5297
         17.2852
         93.9643
        161.2107
          0.0000
          0.0000
          0.0000
          0.0000
         19.3180
         31.8701
          9.2529
          0.0000
          0.0000
          2.3752
         15.7103
         38.7784
         17.9528
         57.9808
         32.7269
          0.0000
          0.0000
          0.0000
          0.0000
         10.7875
          0.0000
          0.0000
          0.0000
          0.0000
          0.0000
          0.0000
         15.8497
         16.0165
          7.0959
         22.0024
         32.8107
         25.3485
        194.4795
         10.8259
         69.7754
          0.0000
         -2.8064
          1.9044
         10.4821
         14.4802
         44.0964
          0.0000
          0.0000
         16.0074
         22.6980
         15.8194
          1.2636
          0.0000
          0.0000
          0.0000
          0.0000
          7.6235
          2.9341
         11.6826
          0.0000
          0.0000
         -0.2297
          0.0000
          0.0000
          0.0000
          0.0000
          4.7180
          4.6005
          0.0000
          0.0000
          0.0000
          0.0000
         23.5631
         23.0644
         20.1578
         16.3377
          0.2107
          0.0000
          0.0000
          4.7716
         14.2335
         77.0218
         76.1253
         51.0093
         51.3077
         42.5992
          0.0000
          0.0000
         14.9424
          0.0000
         80.4915
         77.4966
          7.6783
          0.0000
          0.0000
          0.0000
          0.0000
          0.0000
          0.0000
          3.1911
         13.5592
         89.8057
         14.7589
          0.0000
          0.0000
          0.0000
          0.0000
         10.9987
          0.0000
          0.0000
          2.5881
          3.3651
         26.9414
         21.4157
         74.7197
        113.9409
        177.4294
        116.9132
         26.4997
          0.0000
          0.0000
          0.0000
          0.0000
          0.9766
          0.0000
         -2.3385
          0.0000
          2.8346
         22.5127
         12.5155
          2.5014
         14.3711
          0.0000
          0.0000
          0.0000
          0.0000
         31.4029
         10.0043
          0.1086
          6.6847
          0.0000
          0.0000
          0.0000
          0.0000
         23.8504
          8.5317
        178.7326
        164.3459
         27.9176
          0.0000
          0.0000
          0.0000
          8.6931
          9.0968
        119.1367
         86.1212
          0.0000
          0.0000
          0.0000
          0.0000
         14.1256
         10.7761
         13.3664
         21.3585
         30.5219
         13.1649
         13.1649
