          0.0000
          0.0000
          0.0000
          0.0000
          0.0000
          0.0000
         -8.1257
          0.0000
          0.0000
          0.0000
          0.0000
          0.0000
          0.0000
          0.0000
         -5.3667
          0.0000
          0.0000
          0.0000
          2.1367
         12.2117
         12.4367
          0.0000
          0.0000
          0.0000
          0.0000
          0.0000
          0.0000
          0.0000
         13.5041
          1.7047
         -1.7536
          0.0000
          0.0000
          2.0673
          1.9005
         21.3644
         22.7098
         21.9196
         68.9466
          0.0000
          0.0000
          0.0000
          0.0000
         22.1170
          4.6901
         -1.6545
         -1.3406
          0.0000
          0.0000
          0.0000
          1.4651
         18.6222
         39.4205
         96.1266
        135.6984
         23.9637
          0.0000
          0.0000
          0.0000
          0.0000
         10.5174
          9.0407
         70.3720
         78.2989
         29.4661
          6.7594
          7.6542
          0.0000
          0.0000
          0.0000
          0.0000
         21.0743
          7.2344
         -4.8209
          9.9230
         63.1357
         36.1698
          1.8517
         38.1279
        107.8091
        110.1504
        118.4233
         82.2462
         24.7464
          0.0000
          0.0000
          0.0000
          0.0000
          0.0000
          0.0000
          0.0000
          0.0000
          0.0000
          0.0000
         56.8806
         87.0524
         37.0952
         74.8587
        123.8713
        103.8981
         53.5354
         -0.2166
         -1.7437
          0.0000
          0.0000
          0.0000
          0.0000
          0.0000
          0.0000
          0.0000
         22.1727
         25.1073
         48.0351
          1.9135
         -1.3833
         -0.3399
          4.2373
          4.6036
         19.7116
         25.7544
          0.0000
          0.0000
          0.0000
          0.0000
          6.5069
          0.0000
          0.0000
          0.0000
          0.0000
          0.0000
          5.7796
          0.0000
          6.7281
         56.0642
         14.1710
          0.0000
          0.0000
          0.0000
          2.7077
         14.3939
         14.4210
        143.3946
          0.0000
          0.0000
          0.0000
         25.5509
         24.0421
         24.1301
         35.4469
         97.4575
          1.5752
         -0.1359
         11.0366
         46.9227
         45.0561
          0.0000
          0.0000
          0.0000
          0.0000
          0.0000
          4.8634
         22.1346
          0.0000
          0.0000
          0.0000
          0.0000
         -1.8250
          0.0000
          0.0000
          0.0000
          0.0000
          0.0000
          7.5750
          3.7929
         -0.1171
          0.0000
          0.0000
          0.0000
          0.0000
         10.4121
         11.8042
          0.0000
          0.0000
          0.0000
          0.0000
          0.0000
          3.0042
         15.8054
          7.0655
          0.0000
          0.0000
          0.0000
         17.4971
         13.0153
         24.4279
          9.3711
         10.7753
         16.0214
         67.3446
         59.8939
         83.6544
         95.1102
         67.3306
         75.2533
         -8.2559
          0.0000
          0.0000
         67.9763
         30.5210
          8.1165
          8.5841
         -4.8248
         -2.6644
         -3.2024
        105.9927
        124.2124
         21.9790
          8.5774
         31.2253
         35.4857
         26.8201
          0.0000
         47.9311
         80.6436
          5.9810
         16.1333
          0.0658
         -0.0938
         -0.0978
          0.0000
          0.0000
          0.0000
          0.0000
          0.0000
          0.0000
          0.0000
          0.0000
          0.0000
          0.0000
          0.0000
          0.0000
          0.0000
          1.2868
          1.3608
         10.6809
         21.3910
         99.5380
         24.6728
          0.0000
          0.0000
          6.1188
          6.1362
          7.4363
          0.0000
         39.9602
          0.0000
          0.0000
          0.0000
          0.0000
          2.9569
         37.7678
         -0.6346
          0.0000
          0.0000
          0.0000
          0.0000
          0.2521
          1.0559
          8.1932
          3.1374
          0.0000
         54.7195
        123.6850
         83.7602
         34.2083
          0.0104
          0.0000
          0.0000
         -6.8573
        101.0794
         30.3222
          1.3523
         -5.6922
          0.0640
        -13.5405
          0.0000
          0.0000
        174.1942
          0.0000
         20.4545
          6.0834
          0.0000
          1.3133
          0.0000
         39.8643
         19.9735
          5.4125
         -1.9536
          9.0785
          7.3288
         -0.9107
        196.3954
        209.7550
        102.0922
          0.0000
          0.0000
          2.3269
          5.3522
          9.8761
         13.1731
          3.5808
          0.0000
          0.0000
          0.0000
          4.1193
          0.0000
          3.6306
          0.3348
         -1.2174
         -0.0823
         16.2553
         21.3029
         22.7229
         36.2935
         41.7894
         19.5478
         84.3485
         61.7657
         34.8534
          7.0251
         17.4577
        135.9655
        169.0393
         37.5230
         -4.1255
          0.0000
          0.0000
          0.0000
         19.0899
         85.9574
         76.5662
          0.0000
         -2.6760
          0.0000
         21.7321
         13.0350
         -0.2994
         -3.6628
        -19.7494
        -31.1811
         13.4733
         33.7802
          2.3620
         30.7949
        102.7107
         94.8878
         32.3477
         26.1040
         -2.3060
         20.1758
         37.3626
         25.8462
         13.2037
         16.7885
         17.1419
         27.9908
        127.6381
         69.0882
         -3.1899
          0.0000
          0.0000
          0.0000
          4.0096
          0.0000
         54.7901
         95.9262
         43.6382
         -1.4321
          9.8983
          5.8659
         -0.7836
         -8.0178
        126.5681
        171.2105
         21.7906
          0.0000
          0.0000
          2.6734
         35.3584
          3.1792
         41.1125
         31.6467
          0.0000
          0.0000
          0.0000
          0.0000
          0.0000
          0.0000
          2.1440
          0.4698
          3.9471
          0.0000
          3.0102
         20.2378
         27.0144
          9.0098
          0.0000
          0.0000
          6.5364
         31.6491
         86.6417
        153.6041
         76.0394
          0.0000
          0.0000
          0.0000
          0.0000
          0.0000
          0.0000
         18.1290
         19.8548
         77.4697
         28.0309
          0.0000
          0.0000
          0.0000
         10.9732
         20.4508
         25.2730
         99.5035
          0.0000
          0.0000
          0.0000
          2.1872
         14.0075
         12.1301
         17.9787
         75.9855
          0.0000
          0.0000
          0.0000
          1.1795
          5.4284
         12.2952
         12.5902
          5.2139
        132.1326
          0.0000
          0.0000
          0.0000
         48.2759
         44.9033
         82.2095
        183.6670
         92.5229
         12.5666
          0.0000
          0.0000
          0.0000
          0.0000
          0.0000
          0.0000
          4.6087
          0.0000
          0.0000
          0.0000
          0.0000
          0.0000
          8.9343
          0.0000
         23.3900
         31.4565
          0.0000
          0.0000
         17.2180
         41.5484
         29.0989
         21.3436
         46.5070
         62.5507
        199.7472
        207.6659
        163.8859
         98.5767
         52.5880
          0.0000
          0.0000
          0.0000
          0.0000
          0.0000
          0.0000
          0.0000
          0.0000
          0.0000
         11.5101
          7.9079
         12.3738
         19.1718
         15.2085
         11.3565
         50.2189
         59.2938
         12.7178
         37.3781
          0.0000
          6.5891
         36.4334
         69.9251
          0.1646
          0.0000
         67.1263
         34.2639
          0.0000
          0.0000
          0.0000
          0.0000
          7.4199
          1.4408
         -1.5634
          0.0000
          0.0000
          0.0000
          0.0000
          0.0000
          4.4064
          9.1525
         82.6692
        163.7263
        169.5096
        165.5402
        137.0492
        162.9607
        179.5368
          6.8567
          0.0000
          0.0000
          0.0000
          0.0000
          0.0000
          0.0000
          0.0000
          0.0000
         -1.2981
         -3.6936
         -0.4033
          0.0000
          0.0000
          0.0000
          0.0000
          0.0000
          0.0000
         63.3010
          9.4762
        -22.4855
          3.5159
         14.7633
         11.3562
        107.4293
        200.5232
        133.8765
        144.5647
        144.4569
        161.8657
        140.7312
         98.1663
         30.3784
          0.0000
          0.0000
          0.0000
          0.0000
          0.0000
          0.0000
          0.0000
          3.2767
         56.7276
         26.5340
        -21.4948
          0.0000
          0.0000
          0.0000
         21.4563
         90.0660
         45.8029
          2.3449
          2.3975
          0.0000
          0.0000
          0.0000
          0.0000
          0.0000
          0.0000
          0.0000
          0.0000
          0.0000
          0.0000
          0.0000
          0.0000
          0.0000
         -0.4188
          0.0000
          0.0000
          0.0000
          0.0000
          0.0000
          2.3184
          0.0000
          0.0000
          0.0000
          0.0000
         25.0203
         12.8070
         20.2143
          0.0000
          0.0000
          0.0000
          0.0000
          0.0000
         21.1632
         51.6839
        119.2747
        124.0228
        118.1069
          0.0000
          0.0000
          3.9082
          5.4167
         14.7518
        121.5350
        117.5464
          1.3278
          0.0000
          0.0000
          0.0000
         12.7421
         20.1949
        120.9091
        113.8522
          0.0000
          0.0000
          0.0000
          9.4450
         33.6980
         22.8411
         30.3948
        -10.0685
         53.8997
         18.2026
         24.8710
         31.0941
         14.3703
         20.4568
         70.6797
         29.4804
          0.0000
          2.2873
         83.6424
         38.7380
         10.6272
          8.6710
         39.5879
         96.1633
         56.8814
         12.2321
          0.0000
          0.0000
          0.0000
          0.0000
          0.0000
          0.0000
          0.0000
          0.0000
          0.0000
          0.0000
          0.0000
          0.0000
          0.0000
          7.8088
          4.1046
         22.9763
         36.9889
         24.9164
         37.8393
         30.2354
         41.0391
        106.2660
         98.9791
          0.0000
         87.1996
         99.9917
        149.5345
         40.9690
          0.0000
          0.0000
          0.0000
          0.0000
          0.0000
          0.0000
          0.0000
          0.0000
          0.0000
          0.0000
          0.0000
         20.8971
         15.5432
        -15.1255
         -3.6390
          0.0000
          0.0000
          5.8259
          0.0000
         -8.6293
         -4.1092
          2.2409
         39.9444
         80.3252
          0.0000
          0.0000
          0.0000
         16.0241
         -1.8196
         18.1722
         15.4368
         27.0547
         64.1241
        116.0688
        228.9751
         57.6597
          0.0000
          0.0000
          0.0000
          0.0000
          0.0000
          0.0000
          0.0000
         92.2410
         76.2068
          0.0000
          0.0000
          0.0000
          0.0000
          0.0000
          0.0000
         -0.7368
          0.0000
          0.0000
          0.0000
          0.0000
          0.0000
          9.9219
         -3.9789
         35.2945
          7.1618
         -2.2148
         -1.2028
          0.0000
          0.0000
          7.4443
          4.6836
         39.0753
         84.5429
         56.1677
        -24.0338
         -7.1035
          0.0000
          2.6009
          0.0000
          0.5483
          0.0000
          3.9773
          0.0000
          0.5552
         11.4721
          4.8845
          0.0000
          0.0000
          0.0000
          4.7015
         54.9330
          4.4748
         -3.6445
         15.7402
          2.5371
          1.2692
          3.3451
          8.9412
          0.7383
         -0.4907
         27.6381
         28.7467
         65.4427
         10.7009
          5.5325
         24.6991
         72.2346
         22.8839
          0.0000
          0.0142
          4.2619
         23.8945
          0.1181
          1.4932
          0.0000
          0.0000
          0.0000
          0.0000
          0.0000
         -1.7628
         -0.4060
          6.5717
          7.8344
          4.6619
          0.0000
          0.0000
          0.0000
          0.0000
          5.0863
         17.0649
        113.6529
        148.1594
         46.0934
          0.0000
          0.0000
          0.0000
          0.0000
          8.2920
         -6.0864
        133.2267
        113.3184
         36.7250
         94.0794
        201.0636
        125.9155
          0.0000
          0.0000
          0.0000
          0.0000
          0.0000
          0.0000
         -3.5650
         -2.3583
          5.9705
         12.7948
          6.2173
          3.4593
          0.0000
          0.0000
          0.0000
          0.0000
          0.0000
         10.8429
         19.7178
          6.7668
         45.6505
        155.1869
        114.6449
          0.0000
          0.0000
          0.0000
          0.0000
          0.0000
          0.0000
          0.0000
          0.0000
          0.0000
          0.0000
          0.0000
          7.3734
          9.1734
         36.0659
         -0.3807
         17.6733
         22.7863
         -2.2663
         -8.1587
          5.2817
          1.3471
          4.3978
         38.5528
          0.0000
          0.0000
          0.0000
         67.3308
         89.8097
         77.6687
         11.4513
          0.0000
         34.3953
          0.0000
          0.0000
          0.0000
          0.0000
          0.0000
          4.8788
         15.9337
         62.1295
          7.0793
         29.1909
         56.3020
         17.7045
          0.0000
         14.3203
         54.6820
        146.6627
         24.6553
          0.0000
          0.0000
          0.0000
          0.0000
         12.4093
          0.0000
         21.9881
          0.0000
          1.5971
         27.6888
         52.9648
         17.3956
         15.9145
         22.5477
        145.2851
        141.6101
          3.8207
         19.9404
          8.1390
          5.6306
          1.1404
          0.0000
         33.7211
         27.2511
          0.0000
          0.0000
         10.2416
          9.5841
         -7.4338
         55.4432
        106.6541
          0.0000
          0.0000
          0.0000
          0.0000
          0.0000
          2.6389
          0.0000
          0.0000
          0.0000
          0.0000
          0.0000
          0.0000
          0.0000
          1.3705
          0.0000
          0.0000
          0.0000
          0.0000
          0.0000
          9.6554
         33.8387
         26.3228
          6.4913
         13.8964
         73.0231
         75.4764
         42.2438
         45.8654
         71.2342
         63.7477
         27.8525
         -4.4311
          0.0000
          1.0559
          5.3426
          6.4316
          0.0000
          0.0000
          0.0000
          0.0000
          0.0000
          2.2768
         10.0079
         13.0635
          8.8158
          1.1176
          0.0000
          0.0000
         22.3617
          9.3597
         30.7419
        142.5783
        150.9097
        126.7601
        143.6708
         66.4386
          5.0271
         -4.8219
          0.0000
          0.0000
          0.0000
          0.0000
          0.0000
         -2.5281
         19.0359
         68.5540
         42.6721
          0.0000
          0.0000
          0.0000
          0.0000
          0.0000
          0.0000
          0.0000
          0.0000
          0.0000
          0.0000
          0.0000
          0.0000
         -2.3037
         -0.4173
          6.6238
          0.0000
          0.0000
          0.0000
          0.0000
          0.0000
          0.0000
          0.0000
          9.3281
         26.4536
         49.5867
         85.4673
        142.4052
        202.9989
        142.3643
         72.8824
          0.0000
          0.0000
          0.0000
          0.0000
          2.3720
          0.6085
          0.9415
         22.0778
         26.5780
         27.1272
         41.7099
         63.4558
         60.6629
         59.0098
        121.2030
         72.0452
          0.0000
          0.0000
          0.0000
          0.0000
          0.0000
          0.0000
          0.0000
          0.0000
          6.1622
          0.0000
          0.0000
          7.0523
         15.2528
         16.6778
         39.7340
         61.6037
         32.7126
        -11.7087
          0.0000
          0.0000
          1.3463
          0.0000
          0.0000
          0.0000
          0.0000
          0.0000
          0.0000
          3.2468
          9.2436
          0.0000
          0.0000
          0.0000
          5.5833
         17.6548
         20.7801
         19.0434
         -3.5220
        134.8836
         96.0358
          0.0000
          0.0000
          0.0000
          0.3444
          0.0000
          0.3322
          0.0000
          7.4584
          3.0847
          0.0000
          0.0000
          0.0000
          0.0000
          0.0000
          0.0000
         -0.7392
          0.0000
          0.0000
          0.0000
          5.5916
          8.8645
         31.8129
         46.7056
         11.3324
         -0.0306
          0.0000
          0.0000
          0.0000
          0.0000
          0.0000
          0.0000
          0.0000
          0.0000
          0.0000
          0.0000
         10.8022
          3.9087
          6.4875
          1.0134
         91.3281
         82.9775
         -0.2890
        -11.5451
          0.0000
          0.0000
          8.6473
          2.0209
         37.1390
         12.0428
         10.0346
         -4.8975
         -3.5829
          0.0000
          0.0000
          0.0000
          0.0000
          0.0000
          0.0000
          0.0000
          0.0000
         78.1409
         64.7177
         56.3668
        100.6681
         13.8078
         -3.8517
          0.0000
          1.3938
          0.0000
          2.4232
          0.0000
          0.0000
          0.1986
          5.8085
          3.7893
         21.4243
         28.6424
         16.3576
         21.7567
         18.8691
         96.4766
         23.9498
         16.7047
         23.8859
         13.8599
          0.6303
          0.0000
          0.0000
          0.0000
          0.0000
          0.0000
          0.0000
          0.0000
          1.4301
          0.0000
          0.0000
          0.0000
          7.0001
         16.7149
         20.6008
         15.8723
         29.0108
         31.5743
         79.6391
         18.5058
         16.6081
         12.8159
          0.0000
          1.9378
         53.2376
         99.8864
          0.0000
          0.0000
          0.0000
          0.0000
          0.0000
          0.0000
          3.4411
          0.0000
         -3.1097
         16.7012
          0.0000
          0.0000
          0.0000
          0.0000
          0.0000
          0.0000
          0.0000
          0.0000
          0.0000
          3.8730
          8.5982
          0.0000
          0.0000
          0.0000
          0.0000
          0.0000
          0.2380
          0.9445
          0.2622
          0.0000
          0.0000
          0.0000
          0.0000
          0.0000
         11.4143
         41.9154
         39.1632
         14.4165
         10.1307
          0.0000
          0.0000
          0.0000
          0.0000
          2.7902
         10.0316
         18.4434
          3.9322
          0.0000
          0.0000
          0.0000
          0.0000
          0.0000
          0.0000
         12.2740
          6.4940
         25.7729
         75.0198
         35.1503
          0.0000
          0.0000
          0.0000
          0.0000
          4.9367
          0.0000
          0.0000
          0.0000
          0.0000
          0.0000
          0.0000
          0.0000
          0.0000
          0.0000
          0.0000
          0.0000
          0.0000
          0.0000
          0.0000
          0.0000
          0.0000
          0.0000
          0.0000
          0.0000
          5.9945
          2.7224
          0.0000
          0.0000
          0.0000
          0.0000
          0.0000
          0.0000
          0.0000
         30.1794
         24.6207
          8.3811
         63.1624
         66.4520
        140.1378
        166.9579
          0.0000
          0.0000
          0.0000
          0.0000
          0.0000
          0.0000
          0.0000
          0.0000
          0.0000
          0.0000
          0.0000
          0.0000
          0.0000
          0.0000
          0.0000
          0.0000
          0.0000
          0.0000
          0.0000
          0.0000
          0.0000
          0.0000
          0.0000
          0.0000
          0.0000
          0.0000
          0.5423
          0.0000
          0.0000
          0.1968
        -10.6148
         -6.4759
          0.0279
         14.0198
         10.0573
         -1.3318
          0.0000
         22.6360
         11.1038
          0.0000
          0.0000
          0.0000
          0.0000
          2.7618
          8.4806
          4.0155
         -0.4447
         22.1647
         16.6005
          5.4676
         25.2431
          1.2274
          0.0000
         -0.1827
        132.8914
         38.5044
          0.0000
          0.0000
          0.0000
          8.5044
         96.5830
        158.0575
         27.5121
          0.0000
          0.0000
          0.0000
          2.9458
          6.3983
          8.7285
          7.7613
         10.0870
         46.7676
        134.4552
         66.0482
          5.5375
          0.0000
          0.0000
          0.0000
          0.0000
         17.8601
         18.5803
          4.1103
          5.7158
          0.0000
          0.0000
          0.0000
          0.0000
          0.0000
          0.0000
          0.0000
         17.4184
          0.0000
          0.0000
          0.0000
          0.0000
          0.0000
          0.0000
          0.0000
          0.0000
          0.0000
          0.0000
          5.8023
         12.4124
          0.1287
          0.0000
         19.7912
          6.2587
          6.0637
         13.2399
          8.7945
          0.0000
          0.0000
          4.3979
          6.8915
          5.0935
         10.8727
         64.3107
         55.1023
         48.4552
          0.0000
          0.0000
          0.9830
          0.0000
          0.0000
          3.4427
          0.0000
          1.5778
          8.7342
         22.8707
         36.1723
         15.0855
         13.2216
          5.7981
        -17.9103
          4.4806
         95.1356
          6.2643
         46.3215
         23.1127
         56.8970
         69.8669
         41.0273
         -4.9699
         -0.7144
          3.1423
          0.0000
         20.3699
         62.8600
          9.9268
          1.9203
          5.9175
          0.0039
          2.4164
          0.5559
          1.0677
          0.5769
          6.5286
          7.9481
         -1.7042
          0.0000
          0.0000
          0.0000
          0.0000
          0.0000
          3.2311
          0.0000
          0.0000
          0.0000
          7.9129
         16.3904
         43.1618
        123.3871
         86.1161
          0.0000
          0.0000
          0.0000
          0.0000
         18.7188
         18.1829
          8.1742
          4.3898
          0.4557
          0.0891
          0.0000
          0.0000
          0.0000
          0.0000
          0.0000
          0.0000
          0.0000
          0.0000
          0.0000
          0.0000
          0.0000
          0.0000
          0.0000
          2.5320
          0.0000
          0.0000
          0.0000
          0.0000
          1.2884
          1.6196
          0.0000
          0.7431
          0.0000
          0.0000
          0.0000
          2.9229
          2.9551
          2.4388
          6.3512
          5.2408
         -0.1571
          0.0000
          0.0000
          0.0000
          0.0000
          0.2774
          8.7674
         30.0996
         46.1205
         38.7724
          0.0000
          0.0000
          0.0000
          7.4152
         32.5148
         44.1505
         22.3742
          0.0000
          0.0000
          0.0000
         14.4038
         18.0217
         -1.0181
          1.5733
         52.9697
         52.8566
          0.0000
         14.4193
         25.3615
         28.8165
         32.2881
         11.2764
          4.3608
         60.9265
          0.0000
          0.0000
          0.6148
          0.0000
          0.0000
          6.2925
          0.0000
          0.0000
         41.5124
          0.0000
          0.0000
          0.0000
          0.0000
          0.0000
          0.0000
         -0.0799
          6.1195
         13.8060
         27.1606
         15.8579
          2.1274
         23.0743
          0.0000
          0.0000
          0.0000
          0.0000
         13.9378
         11.0796
          1.7995
          5.1849
          0.0000
          0.0000
          0.0000
          0.0000
         10.5286
          8.1120
          4.2749
          4.6723
          0.0000
          0.0000
          0.0000
          0.0000
         14.2773
          7.0626
         -3.2066
         -0.5848
          0.0000
          0.0000
          0.0000
          0.0000
          0.0000
          2.3791
          0.0000
          0.0000
          0.0000
          0.0000
          0.0000
          0.0000
          0.0000
          7.6194
          6.3950
          6.3384
          0.0000
          0.0000
          0.0000
          2.4193
         12.7484
         16.5680
         24.2339
         18.8389
          0.0000
          0.0000
          0.0000
          0.5012
         57.4506
         16.7542
          1.3851
          3.9807
          0.0000
          0.0000
          0.0000
          0.0000
          0.0000
          0.0000
          0.0000
          0.0000
          0.0000
          0.0000
          0.0000
          0.0000
          0.0000
          0.0000
          0.0000
          2.6945
          0.0000
          0.0000
          0.0000
          9.1304
         26.8586
         16.6042
         19.3018
          9.5076
          0.0000
          0.0000
          0.0000
          0.0000
          0.0000
          0.0000
          0.0000
         10.9383
          0.0000
          0.0000
          0.0000
          0.0000
          0.0000
          0.0411
          0.0000
          0.0000
         13.4243
         12.4284
          0.0000
          0.0000
          0.0000
          0.0000
          0.0000
          0.0000
         30.2907
          0.0000
          0.0000
          0.0000
          0.0000
          0.0000
          0.0000
          9.2822
          0.0000
         22.3349
          0.0000
          0.0000
          0.0000
          0.0000
          0.0000
          0.0000
          0.0000
          0.0000
          0.0000
          1.5612
          6.2983
         11.7026
          0.4596
          6.0187
         25.7103
         53.4304
          1.7589
          0.0000
          0.0000
          0.0000
          0.0000
          0.0000
          0.0000
          0.0000
          0.0000
          0.0000
          0.0000
          0.0000
          0.0000
          0.0000
          0.0000
          0.0000
          0.0000
          0.0000
          0.0000
          0.0000
          0.0000
          0.0000
          0.0000
          0.0000
          0.0000
          0.0000
          7.4805
          3.0336
          0.0000
         10.6703
          0.0000
         23.5302
         15.1783
          0.0000
          5.4631
         13.7721
         -2.1855
        -16.1643
          0.0000
          0.0000
         17.4335
         24.2356
         28.6709
         28.9966
         36.6951
         44.7453
          0.0000
          0.0000
          0.0000
          1.6867
          2.9159
          4.1866
         10.5993
          2.2318
         44.9981
         18.1187
          0.0000
          0.0000
          0.0000
          0.0000
          6.1313
         -6.1321
          0.0000
          0.0000
          2.2306
          0.0000
          0.0000
          0.0000
          0.0000
          5.1577
          6.2812
         15.3771
         12.9964
          9.7485
          6.2106
          2.4337
          0.0000
         16.4895
         48.6446
         97.7813
         18.1318
          0.0000
          0.7346
         10.6290
          3.1015
         -6.3162
          0.0000
          0.0000
          0.0000
          0.0000
          0.0000
          0.0000
          0.0000
          0.0000
          0.0000
          0.0000
          0.0000
          0.0000
          0.0000
          0.0000
          0.0000
          8.9025
          0.0000
          0.0000
          0.0000
          0.0000
         13.7120
          7.8757
          0.9905
         -9.3614
          0.0000
          0.0000
          0.0000
          0.0000
          0.0000
          0.0000
          0.0000
          8.3755
          1.3347
         28.0365
          0.0000
         14.6676
         41.8086
          1.4778
          3.6727
        152.8014
        118.3062
          0.0000
          0.0000
          0.0000
          0.0000
          0.0000
          0.0000
          0.0000
          0.0000
          0.0000
          0.0000
          0.0000
          0.0000
          0.0000
          0.0000
          0.0000
          0.0000
        -11.9506
          0.0000
          0.0000
          0.0000
          0.0000
          0.0000
          0.0000
          0.0000
          0.0000
          0.0000
          0.0000
          0.0000
          0.0000
          0.0000
          0.0000
          0.0000
          0.0000
          0.0000
          0.0000
          0.0000
          0.0000
          0.0000
          0.0000
          0.0000
          0.0000
          0.0000
          0.0000
          0.0000
          0.0000
          0.0000
          0.0000
          0.0000
          0.0000
          9.6895
         20.7525
         19.1122
          3.2203
          0.0000
          0.0000
          0.0000
          0.0000
          0.0000
          0.0000
          0.0000
          0.0000
          0.0000
          0.0000
          0.0000
          0.0000
          0.0000
          0.0000
          0.0000
          0.0000
          0.0000
          0.0000
          0.0000
          0.0000
          0.0000
          0.0000
          0.0000
          0.0000
          0.0000
          5.7275
          0.0000
          0.0000
          0.0000
          0.0000
          0.0000
          0.0000
          0.0000
          0.0000
          0.0000
          0.0000
         39.1203
         10.5813
         23.4870
         11.4507
         10.8714
          9.4157
         -1.1958
          0.0000
          0.0000
          0.0000
          3.4440
          0.7904
          0.5071
          1.0578
          2.9277
          0.0000
          0.0000
          0.0000
          0.0000
          0.0000
          7.9647
          7.2689
          0.0000
          0.0000
          0.0000
          0.0000
          0.0000
          0.0000
         11.9826
         84.7540
          0.0000
          0.0000
          0.0000
          0.0000
          0.0000
          0.0000
          0.0000
          0.0000
          0.0000
          0.0000
         30.2560
          0.0000
          0.0000
          0.0000
          0.0000
          0.0000
          0.0000
          0.0000
          0.0000
          0.0000
          0.0000
          0.0000
          0.0000
          0.0000
          0.0000
          0.0000
          0.0000
          0.0000
          0.0000
          0.0000
          0.0000
          0.0000
          0.0000
          0.0000
          0.0000
          0.0000
          0.0000
          0.0000
          0.0000
          0.0000
          0.0000
          0.0000
          0.0000
          0.0000
          0.0000
          0.0000
          0.0000
          0.0000
          0.0000
         11.1983
          0.2896
         27.5970
         40.6271
          0.4822
         -0.8669
         15.2527
          0.0000
         88.1240
         27.5480
          0.0000
          0.0000
          0.0000
          9.4154
          5.4653
          0.0000
        177.0092
        103.7721
          0.0000
          0.0000
          3.2041
          2.8061
          5.7312
          0.0000
          0.0000
          0.0000
          0.0000
         11.6069
         10.4632
          0.0000
          0.0000
          0.0000
          0.0000
          0.0000
          0.0000
          0.0000
          0.0000
          0.0000
          0.0000
          0.0000
          0.0000
          0.0000
          0.0000
          0.0000
          6.1674
          5.5770
         -0.5417
         33.4170
         18.6345
          0.0000
          0.0000
          0.0000
          1.8620
          2.0107
          7.6998
          0.0000
          0.0000
          0.0000
          0.0000
          0.0000
          1.6021
          0.4774
          0.0000
          0.0000
          0.0000
          0.0000
          0.0000
          0.0000
          0.0000
          0.0000
          0.0000
          0.0000
          0.0000
          0.0000
          0.0000
          0.0000
          0.0000
          0.0000
          0.0000
          0.0000
          0.0000
          0.0000
          0.0000
          0.0000
          4.9397
          2.2081
          0.4364
         20.0578
         55.4237
          0.0000
          0.0000
          0.0000
         19.2883
         57.3272
          2.7427
          0.0000
          0.0000
          0.0000
          0.0000
          0.0000
          0.0000
          0.0000
         11.9046
          6.0097
          0.0000
          0.0000
          0.0000
          0.0000
          0.0000
          0.0000
          0.5956
          0.0000
          0.0000
          0.0000
          0.0000
          0.0000
          0.0000
          0.0000
          0.0000
          0.0000
          0.0000
          0.0000
          0.0000
          0.0000
          1.3895
          0.2435
          0.0000
          0.0000
          0.0000
          0.0000
          0.0000
          1.6790
          4.3303
          6.7349
          4.6821
          0.0000
          0.0000
          0.0000
          0.0000
          0.0000
          0.8423
         13.3984
         19.5224
          0.0000
          0.0000
          0.0000
          0.0000
          0.0000
          0.0000
          0.0000
          2.3012
          0.0000
          4.7465
          9.6881
          8.9504
          0.0000
          0.0000
          0.0000
          0.0000
          0.0000
          0.0000
          0.0000
          0.0000
          0.0000
          1.2064
          0.0000
          0.0000
          0.0000
          0.0000
          0.0000
          0.0000
          0.0000
         -0.2967
          0.0000
          0.0000
          0.0000
          0.0000
          0.0000
          0.0000
          0.0000
          0.0000
          0.0000
          0.0000
          0.0000
          0.0000
          0.0000
          0.0000
          0.0000
          0.0000
          0.0000
          0.0000
          0.0000
          0.0000
          0.0000
          0.0000
         18.1724
          2.7613
          0.0000
          0.0000
          0.0000
          0.0000
          0.0000
         10.2564
         31.7823
         13.7837
         44.9669
         41.4040
          0.0000
          0.0000
          0.0000
          0.0000
          0.0000
          0.0000
          0.0000
          5.2752
          0.0000
          0.0000
         23.3917
          0.0000
         20.8711
         73.9496
         39.4141
         58.7041
         66.0407
          0.0000
          0.0000
          0.0000
          0.0000
          0.0000
          0.0000
          0.0000
          0.0000
          0.0000
          0.0000
          0.0000
          0.0000
          0.0000
          0.0000
         10.2845
          7.7124
         86.2542
          0.0000
          0.0000
          1.7955
         23.8481
          9.6161
          1.8659
          0.0000
         -6.3032
         -2.2817
          0.0000
          0.0000
          0.0000
          0.0000
          0.0000
          0.0000
          0.0000
          0.0000
          0.0000
          8.3349
          3.6921
          0.0000
          2.5602
          0.0000
          0.0000
          0.0000
          0.0000
          0.0000
          0.0000
          0.0000
        173.3456
          0.0000
          0.0000
          0.0000
          0.0000
          2.8043
          6.9302
          0.0000
          0.0000
          0.0000
          0.0000
          0.0000
          0.0000
         74.8924
        151.0495
         83.0529
         13.7802
          0.0000
          0.0000
          0.0000
          0.0000
          0.0000
          1.1919
        166.6348
        159.0958
        179.3058
          0.0000
          0.0000
          0.0000
          0.0000
          0.0000
          0.0000
          0.0000
          0.0000
         41.3496
          0.0000
          0.0000
          7.4753
          0.0000
        151.6040
          0.0000
          0.0000
          0.0000
          0.0000
          0.0000
          0.0000
          8.2389
          0.8126
          0.0000
         35.2085
          0.0000
          0.0000
          0.0000
          0.0000
          0.0000
          0.0000
          0.0000
          0.0000
          0.0000
          0.0000
          0.0000
         22.0281
         21.2288
          7.5433
         29.5129
         61.2053
          0.0000
          0.0000
          0.0000
          3.2836
          0.0000
          0.0000
          0.0000
          0.0000
          0.0000
          0.0000
          0.0000
          0.0000
          0.0000
          5.9682
         19.1235
          0.0000
          0.0000
          0.0000
          0.0000
         24.5403
         25.2807
          9.6997
         21.5129
         27.2292
        198.6625
         37.2327
          0.0000
          0.0000
         -0.2778
          3.0854
         12.8427
          0.0000
         26.5358
          0.0000
          0.0000
          2.3741
          7.4896
          4.1077
          8.7358
         25.8173
          9.2550
          0.0000
          0.0000
          0.0000
          0.0000
          0.0000
          0.0000
          0.0000
         63.1241
         31.3295
          0.0000
          0.0000
          0.0000
          0.3900
         17.5739
         12.8743
        107.4082
         34.6486
          0.0000
          0.0000
          0.0000
          0.0000
          0.0000
          0.0000
         -1.3844
          0.0000
          0.0000
          0.0000
          0.0000
          0.0000
          0.0000
          0.0000
          0.0000
          0.0000
          0.0000
          0.0000
          0.0000
          0.0000
          0.9260
         10.5735
          3.0978
         -6.1065
          0.0000
          0.0000
          0.0000
          0.0000
          0.0000
          2.7770
         -0.5971
         -0.6364
          7.6801
          7.7774
         11.5909
          5.8773
         10.9219
         -1.2633
          0.0000
          0.0000
          0.0000
          0.0000
          0.0000
          0.0000
          0.0000
          0.0000
          0.0000
          0.0000
          0.0000
          0.0000
          0.0000
          0.0000
          0.0000
          0.0000
          0.0000
          0.0000
          3.0962
          0.0000
          0.0000
          0.0000
          0.0000
          0.0000
          0.0000
          0.0000
          0.0000
          0.0000
          0.0000
          0.0000
          0.0000
          0.0000
          0.0000
          0.0000
          0.0000
          7.8685
         19.3849
         18.1834
         11.1840
         42.4844
        168.4896
         62.0539
          4.9365
          0.0000
          0.0000
          3.8584
         13.8752
          8.8849
        100.0566
          0.0000
          0.0000
          2.5207
          9.0130
          7.1133
         13.7197
         -0.9178
          0.0000
          4.3605
          9.2706
          0.0000
          0.0000
          0.0000
          0.0000
          3.8762
         -1.8944
          0.0000
          0.0000
          0.0000
          0.0000
          0.0000
          0.0000
          0.0000
         -9.5247
          0.0000
          0.0000
         21.5820
          9.6720
         -7.8584
        206.9429
        229.6675
        248.2229
          0.0000
          0.0000
          0.0000
          0.0000
          0.0000
          0.0000
         10.0663
         -2.3845
         -2.5190
          0.0000
          0.0000
          0.0000
          0.0000
          0.0000
          0.5184
          0.0000
          0.0000
          0.0000
          0.0000
          0.0000
          0.0000
         14.3782
         54.6086
        147.2446
          8.8042
        -18.0054
         45.9361
         72.9905
         28.1122
        125.0037
        193.7852
        148.8187
          0.0000
          0.0000
          0.0000
          0.0000
          0.0000
          0.0000
          0.0000
        -14.6971
          0.0000
          0.0000
         15.7051
          3.8352
         25.8497
         90.0927
        156.2021
        117.2336
          0.0000
          0.0000
          0.0000
          0.0000
          0.0000
          0.0000
          0.0000
          0.0000
          0.0000
          0.0000
          0.0000
          0.0000
          0.0000
          0.0572
          0.0000
          0.0000
         95.6031
         50.2029
          0.0000
          0.0000
          0.0000
          0.0000
          0.0000
          0.0000
          0.0000
          0.0000
          0.0000
          0.0000
          0.0000
          7.1422
         48.0821
        141.0166
        143.6416
         51.0734
         12.6415
         12.1203
        108.7257
        133.8939
        117.8773
         61.9326
          0.0000
          0.0000
          0.0000
          0.0000
          0.0000
          0.0000
          7.6271
         21.8215
         12.8071
         23.7244
        112.8756
        147.4441
         71.0659
         13.9938
         26.7793
          0.0000
          0.0000
          0.0000
          0.0000
          0.0000
          0.0000
          0.0000
          0.0000
         -0.7452
          0.0000
          0.0000
          7.6011
          7.1024
          6.7246
         13.6285
          5.9325
          0.0000
          0.0000
          0.0000
          0.0000
          0.0000
          0.0000
          0.0000
          0.0000
          0.0000
          0.0000
          0.0000
          0.0000
          0.0000
          0.0000
          0.0000
          0.0000
         -4.7768
         -0.4781
          0.0000
          0.0000
          4.2959
         32.1146
         71.3084
        136.3349
        107.0485
         27.5332
          0.0000
          0.0000
          0.0000
          0.0000
          0.0000
          0.0000
          0.0000
          0.0000
          0.0000
          0.0000
          0.0000
          0.0000
          0.0000
          0.0000
         -8.1895
         -1.6034
          0.0000
          0.0000
          0.0000
          0.0000
          0.0000
          0.0000
         -8.0232
         -0.7179
          0.0000
          1.4964
          4.1752
          2.4638
         10.9053
         14.9443
        -13.5061
          0.0000
          0.0000
         17.5129
         10.6780
          0.0000
         13.0642
         52.3111
         39.3214
          0.0000
          0.0000
          0.0000
          0.0000
          0.0000
         14.7993
         28.7276
          7.5394
          0.0000
          3.8305
          0.0000
          0.0000
          0.0000
          0.0000
         18.4825
          3.0330
         -3.3432
         15.5152
          0.0000
          1.4660
         16.0056
         23.5467
         27.4207
         93.8096
          7.5720
          9.6242
          7.7298
          0.0000
          0.0000
         31.0479
         66.3431
         35.6089
         25.8224
         10.9363
         -5.6789
          3.6447
          6.5425
         -0.6672
        112.4520
        120.4533
          0.0000
          0.0000
          2.0434
          0.0000
         25.1387
          0.0000
          0.0000
          0.0000
          0.0000
          3.8073
          1.9400
          0.0000
          0.0000
          0.0000
          0.0000
         -5.8502
         -1.1730
          0.0000
         21.5803
          8.9712
         -9.8600
         52.0886
        220.8627
         22.2493
          0.0000
          0.0000
         45.1412
         31.6501
         82.0665
         96.0961
        118.2832
          8.7437
          0.0000
          0.0000
          0.0000
          0.0000
          0.0000
          0.0000
          0.0000
          9.7388
         24.4385
          0.0000
          0.0000
         -7.6731
          0.0000
          1.7164
          0.0000
          0.0000
          0.0000
          1.6023
         21.1739
         15.3958
         -4.3305
          6.3784
        183.6445
        193.7957
          0.0000
          0.0000
          0.0000
          0.0000
          0.0000
          5.0943
          0.0000
          1.7750
          0.0625
         34.3181
         82.0334
         33.4734
          0.0000
          0.0000
          0.0000
          0.0000
          0.0000
          0.0000
          0.0000
          0.0000
          0.0000
          0.0000
          0.0000
         27.3451
          0.0000
          0.0000
         23.2078
         25.7469
         27.6755
         -0.3804
        124.6394
         59.3823
          0.0000
          0.0000
          0.0000
         13.9953
         14.9903
         19.2500
          0.0000
          0.0000
         18.9201
          4.0188
         20.0158
         69.9914
          0.0000
          0.0000
          0.0000
         -0.8662
          0.0000
          0.0000
          0.0000
          0.0000
          0.0000
          4.2190
          7.1812
          0.0000
          0.0000
          0.8112
         15.2585
         13.7405
         15.0597
         -4.2813
         -7.2042
          0.0000
          0.0000
          0.0000
          5.1811
         14.8196
         22.9440
         21.1226
         24.7600
         46.3800
          0.0000
          1.2166
          2.7707
         12.4853
         18.7260
         35.0366
         83.3561
        120.2090
          0.0000
          0.0000
          0.0000
          1.2329
         28.8183
         18.9280
         86.0786
        118.4646
          0.0000
          0.0000
          8.7489
         -5.1489
          0.0000
          0.0000
          1.8021
          0.0000
          0.0000
          0.0000
          0.0000
          0.0000
          0.0000
          1.1271
          1.6817
          0.1974
          0.0000
          0.0000
          0.0000
          0.0000
          4.6796
         19.8626
          0.0000
          0.0000
          0.0000
          0.0000
         38.7828
         13.2247
          6.2691
         51.0454
        145.9162
          0.0000
          0.0000
          7.7176
         19.9546
          7.4041
          0.0000
          7.4096
          0.0000
          0.0000
          0.0000
          0.0000
          0.0000
          5.7796
         12.0245
         17.2358
         32.2775
         29.1808
         29.1808
          0.0000
          0.0000
          5.8021
          6.7652
         19.0143
         17.7325
         16.6406
         13.7314
          0.0000
          0.0000
          0.0000
          0.0000
          7.3003
         36.4085
         54.5455
          0.0000
         19.5510
         23.9362
          9.0907
          3.9918
          2.2563
          0.0000
          0.0000
          0.0000
          0.0000
         14.8710
         15.9048
          9.2511
         26.2553
         68.8396
         32.2271
          0.0000
          0.0000
         12.0429
         16.6690
         26.6111
         54.9122
         84.7658
          0.0000
          0.0000
          0.0000
          0.0000
         16.9681
          7.7213
         14.4221
         19.1868
         40.8277
         -1.7475
          0.0000
          0.0000
          0.0000
          0.0000
          0.7424
          0.0000
         -2.2523
          0.0000
         21.9559
         21.5436
         16.5352
         19.8009
         23.4062
         13.1717
          0.0000
          0.0000
         34.9380
         76.8259
         37.6513
         89.1036
         57.1642
         57.0361
          0.0000
          0.0000
          0.0000
          0.0000
          8.2653
         13.6903
         37.1476
         55.2011
          0.0000
          0.0000
          0.0000
          0.0000
          5.4245
         11.4284
         62.9074
        117.8912
         26.6402
          0.0000
          0.0000
          0.0000
          0.0000
          0.0000
          0.0000
          0.0000
          0.0000
          0.0000
          0.0000
          0.0000
          0.0000
          0.0000
          0.0000
          2.7798
          4.6548
          0.0000
          0.0000
          0.0000
          2.6412
          2.5238
          8.4669
         12.8351
         55.2700
          0.0000
          0.0000
          0.0000
          0.0000
          0.0000
          0.0000
          0.0000
         -1.8274
          0.0000
          0.0000
         14.5988
        -10.8843
        -12.4937
         -3.9594
          0.0000
         36.0261
         34.4362
          0.0000
          0.0000
          0.0000
          0.0000
          0.0000
          0.0000
          0.0000
         37.7495
          0.0000
          0.0000
          0.0000
          0.0000
          0.0000
          0.0000
          0.0000
         36.9508
         70.3264
         38.8553
          2.9905
          0.0000
          0.0000
          0.0000
         93.5636
         85.6552
          0.0000
          0.0000
          0.0000
          0.0000
          0.0000
          0.0000
          0.0000
         43.6328
          0.0000
          1.1404
          0.0960
          0.0000
          0.0000
          0.0000
          0.0000
          4.3773
          0.0000
          0.0000
          0.0000
          0.0000
          6.2289
          0.9369
          2.9654
         92.3782
         97.7420
         66.5102
         19.1507
        -10.6852
         13.3985
        112.1939
         49.6264
          1.6706
          0.0000
          6.3600
         23.2677
          6.8906
         19.8085
         62.0612
         74.3445
          0.0000
          0.0000
          0.0000
          0.0000
          0.0000
         11.9875
          4.2640
         -3.3885
          0.0000
          0.0000
          0.0000
          0.0000
          0.4687
         17.5015
         14.8885
          1.7696
          0.0000
          0.0000
          0.0000
          0.0000
          0.0000
          0.0000
          0.0000
          0.7763
          0.0000
          0.0000
          0.0000
          0.0000
          0.8062
          8.3313
          8.0554
          3.3978
          0.0397
          0.0000
          7.6699
          0.0000
          0.0000
         12.9191
         17.7224
        115.1564
        123.3331
         30.7003
         10.0298
         13.9245
         18.2323
          8.2424
          0.0000
          0.0000
         48.5908
         12.4447
         17.5516
         36.5692
         43.4706
        -20.3228
         82.2967
         21.9089
          0.0000
          0.0000
          3.6149
          7.8983
         15.9940
         38.3670
        142.9503
         28.0825
          0.0000
          0.0000
          0.0000
          5.4182
         19.7375
          3.2846
         16.9520
         20.8821
          0.0000
          0.0000
          0.0000
          0.0000
          0.0000
          0.0000
          0.0000
          0.0000
          0.0000
          0.0000
          0.0000
          0.0000
          0.0000
         10.1474
         14.3381
          9.7632
         10.2958
          0.0000
          0.0000
          0.0000
          0.0000
          0.0000
          0.0000
         -0.5702
          0.0000
          0.0000
          0.0000
          0.0000
          0.0000
          0.0000
          0.0000
         -5.8937
         -0.5585
          0.0000
          0.0000
          0.0000
          0.0000
          0.0000
          0.0000
         -0.1685
          0.0000
          0.0000
          0.0000
          0.0000
          0.0000
          0.0000
          0.0000
         -4.5836
          0.0000
          0.0000
          0.0000
          0.0000
          0.0000
         20.0870
          0.0000
          0.0000
         47.3205
         82.0958
         66.0173
          0.0000
          0.0000
          0.0000
          0.0000
          0.0000
          0.0000
          0.0000
          0.0000
          0.0000
          0.0000
          9.6403
          8.0284
         17.3261
          0.0000
          0.0000
          0.8134
         10.0449
         10.4622
         16.9651
         17.8337
        120.3514
          0.0000
          0.0000
          0.0000
          0.0000
          0.0000
          0.0000
          2.9487
          1.5557
          0.2952
          9.8965
         15.4845
         12.8643
         18.3718
         22.9504
         23.1229
          7.0908
          0.0000
          0.0000
          0.0000
          0.0000
          7.5670
         23.6002
         39.1506
          0.9730
          0.0000
          9.1561
         28.8161
         18.9821
          3.8632
          0.0378
          0.0000
          0.0000
          0.0000
          0.0000
         17.1724
         12.6502
         -4.7683
         35.2123
        115.7341
         59.8631
          0.0000
          0.0000
          0.0000
          0.0000
          0.9565
         14.0685
        108.7217
          0.0000
          0.0000
          0.0000
          0.0000
          0.0000
          0.0000
          0.0000
          0.0000
          0.2332
         -0.4852
          0.0000
          0.0000
          0.0000
          0.0000
          0.0000
          0.0000
         -4.2661
          0.0000
          0.0000
          0.0000
          0.0000
          0.0000
          0.0000
          2.9964
         81.1897
         95.4081
         25.2857
         16.2545
          2.8017
         -7.9885
        -25.6133
         14.1365
        125.1690
        159.8485
        105.4208
          0.0000
          0.0000
          0.0000
          0.0000
          0.0000
          0.0000
          0.0000
          0.0000
         -0.0848
         -1.9825
          5.2380
          7.7230
         47.4698
         99.2356
         72.3907
         -0.6451
        -18.0419
        -11.1004
        -11.3763
        -14.5495
          0.0000
          5.7849
         11.5376
         14.3776
         36.5922
         22.8784
          0.0000
          1.4353
          0.0000
         49.5644
         18.5146
          0.0000
          0.0000
          0.0000
         22.3484
         28.3984
          0.0000
          0.0000
          0.0000
          1.9364
          2.0761
          8.8934
          7.9536
          5.4461
         -9.7742
        -22.8500
         -2.3574
         54.5887
        222.5886
         87.0086
         32.8578
         50.8233
         35.5141
        266.6500
        249.8465
        111.6480
          0.0000
          0.0000
          0.0000
         18.3937
          6.2855
         90.6135
        101.1389
         12.5292
         -8.6940
         -0.4434
         -2.8045
         14.2421
         13.0126
         62.5421
         57.0770
          0.0000
          0.0000
          0.0000
          0.0199
         14.2681
        119.5366
         -0.2267
          0.0000
          0.0000
         15.1867
         32.4466
          0.0000
          0.0000
          0.0000
          0.0000
          0.0000
          0.0000
          3.2780
         10.1960
          0.0000
          0.0000
         90.6206
         46.1181
          0.0000
          0.0000
          0.0000
          0.0000
          0.0000
          0.0000
          0.0000
         27.9221
          3.9908
         -3.0449
         -9.6783
         -0.7014
          8.5307
          6.4114
        -18.3157
         28.7110
         62.0578
         26.2660
         -8.7327
         19.2972
         26.8915
         -0.8283
          0.0000
         83.9246
          0.0000
          0.0000
          1.2044
         17.3835
          8.0927
          7.5576
          7.7187
         66.0497
          0.6052
         13.7157
         21.2508
         23.5377
         44.3752
         75.2472
          0.0000
          0.0000
          0.0000
          0.0000
          0.0000
          0.0000
          0.0000
          0.0000
          0.0000
         -3.9026
          2.7436
          5.8839
          2.4339
         20.3480
         37.1205
         24.6646
         20.1040
         49.4603
         35.5965
          1.9692
         -9.6602
          8.5271
         45.1910
          5.3409
          0.0000
         13.1870
        110.4676
         21.1457
         13.2884
          8.3171
         10.4436
          6.9778
         35.3317
         71.4922
          3.6592
         17.9709
          7.9439
          1.6328
         22.8197
        -15.4758
         51.5501
         84.8609
        124.2497
          0.0000
         42.8058
          0.0000
         10.6209
         30.4991
          9.8734
        -17.1648
         23.0662
         31.1170
         23.5502
         -3.1977
          8.0635
         -0.3250
         -1.5412
          0.0000
         26.7559
         11.6148
         18.1976
         17.7655
        -23.4928
        -56.3383
          3.3291
          0.0000
          0.0000
          0.0000
          0.0000
          0.0000
          7.0002
         38.5584
         80.7062
         29.7877
          0.0000
          0.0000
          0.0000
          0.0000
          0.0000
          0.0000
          0.0000
          0.0000
         12.1864
          0.0000
         33.8840
          0.0000
          0.0000
          0.0000
          0.0000
         23.8275
         58.4087
        100.0106
         86.0967
         70.8201
         25.1692
          0.0000
          0.0000
        129.6858
        186.4713
        115.1931
        176.0976
        145.9151
        108.0280
         23.3337
          0.0000
         -5.5600
          0.0000
          0.0000
          0.0000
          0.0000
          0.0000
          0.0000
          0.0000
         -4.0966
          0.0000
          0.0000
          0.0000
          0.0000
          5.8139
          3.3625
          0.0000
          0.0000
          0.0000
          0.0000
          0.0000
          0.0000
          0.0000
          0.0000
          0.0000
         14.6082
         41.2907
          7.9307
         25.3909
         40.5850
        108.6615
        140.1167
        210.9025
        101.1539
          0.0000
          0.0000
          0.0000
          0.0000
          3.1246
         12.1391
        120.4255
          0.0000
          0.0000
          0.0000
          0.0000
          0.0000
          0.0000
         11.9059
         46.2875
         47.4785
         16.6299
          5.4907
         -2.1356
          0.0000
         41.0496
         93.6169
         98.7036
         65.5751
         55.8509
          0.0000
          0.0000
          0.0000
          0.0000
          0.0000
          0.0000
          0.0000
          0.0000
          0.0000
          0.0000
          0.0000
          0.0000
          0.0000
          0.0000
         -6.0517
         -1.4956
          3.9373
         -0.8815
          4.1698
          1.5024
          4.6406
          5.2470
          0.1781
         -0.1925
          8.8919
          0.0000
          0.0000
          0.0000
          0.0000
          0.0000
          0.0000
          0.0000
          0.0000
          7.7954
          2.1121
          0.0000
          0.0000
          0.0000
          0.0000
          0.0000
          1.0427
         12.0556
         11.7064
          3.7953
         -1.6634
          0.0000
          0.0000
          0.0000
          0.0000
         23.7807
         16.9989
         -0.2816
          7.1167
          0.0000
          0.0000
         10.7731
          2.2811
          0.0000
          0.0000
          0.0000
         11.3866
          6.5852
          0.0000
         19.8718
         68.7351
         95.5385
          4.6575
         31.8299
         15.8447
         11.5048
          3.5038
          0.0000
          0.0000
          0.0000
          0.0000
          1.0585
         15.3572
         26.6069
          0.0000
          0.0000
          0.0000
          0.0000
          2.9267
          0.0000
          1.9869
          0.0000
         -0.2077
         14.2674
         20.4865
         19.4487
          9.9824
        103.2662
         98.4972
          9.2794
          0.0000
          0.0000
          3.6687
          2.6486
         -7.1659
         73.2043
        124.7859
         26.8247
          0.0000
          0.0000
          0.0000
          0.0000
          0.0000
          0.0000
          0.0000
          0.0000
          0.0000
         21.7575
          0.0000
          0.0000
          0.0000
          0.0000
          0.0000
          0.0000
          0.0000
          0.0000
          0.0000
          6.7372
         27.6756
         21.8792
         29.5472
        135.2057
          0.0000
          0.0000
          0.0000
          0.0000
         24.1838
          0.0000
          0.0000
         54.4506
         48.5308
          0.0000
          0.0000
          2.3412
         10.8207
          8.1209
         27.3498
         85.6062
         69.9594
          0.0000
          0.0000
          0.0000
          0.0000
         17.5891
         20.4013
         15.4428
         13.9464
         -4.3327
          0.0000
          0.0000
          0.0000
          0.0000
          4.8707
          0.0000
         23.5959
         20.7259
          0.0000
          0.0000
          0.0000
          0.0000
          1.7674
          0.0000
         57.0539
          0.0000
          0.0000
          0.0000
          0.0000
          0.0000
          5.8915
          7.2669
          0.0000
          0.0000
          1.3644
          9.3772
         16.3444
          7.5924
         26.4579
         54.3702
         31.3789
         -1.6394
          0.0000
         43.9242
         20.2906
          5.0242
         22.4080
         37.1822
          0.0000
          0.0000
          0.0000
         13.5121
         10.9235
          0.0000
         16.3151
        136.9461
          0.0000
          0.0000
          0.0000
          0.0000
          0.0000
          0.0000
          3.4303
          0.0000
         27.0694
          0.0000
          0.0000
          3.7391
          2.4869
          8.4939
         12.2106
          0.0175
          2.4738
          3.1332
         50.4581
         84.8778
         29.0887
        -10.6819
         18.5036
         65.4711
         23.2860
         80.3950
          9.1163
          0.0000
          2.2180
         39.5133
         77.4122
         31.9070
         -0.9688
          0.0000
          0.0000
          0.0000
          0.0000
         35.6380
         17.5457
         15.0113
         15.8911
         47.5224
         49.8933
         65.3203
         41.6746
         67.9437
         86.4503
         39.1087
         -0.7319
          0.0000
          1.6061
          3.2014
          1.4837
          0.0000
          1.9017
         16.0334
         97.5863
        160.1034
        106.5447
          0.0000
          0.0000
          0.0000
          1.8461
          0.0000
          0.0000
          0.0000
          0.0000
          0.0000
          0.0000
          0.0000
          2.0681
          0.0000
          3.4781
          0.0000
          0.0000
          3.3938
          0.0000
          0.0000
         -7.3290
         31.6892
          0.0000
          0.0000
          0.0000
         30.3353
         59.4145
         86.9789
        121.7116
        200.6521
          0.0000
          0.0000
          0.0000
          0.0000
          0.0000
          0.0000
          7.7300
          6.1138
          0.0000
          0.0000
          0.0000
          0.0000
          0.0000
          0.0000
         17.2791
         41.7882
         64.5611
          0.0000
          0.0000
         25.7703
         20.9986
         32.2327
         11.0728
         -1.8852
         -2.5961
          0.0000
          0.0000
          0.0000
         11.4791
         42.1145
         47.8476
        122.7123
         25.3915
          0.0000
          0.0000
          0.0000
          0.0000
          0.0000
         10.8171
         83.4738
         55.4490
          0.0000
          0.0000
          0.0000
          0.0000
          0.0000
          0.0000
          0.0000
         -1.8229
          0.0000
          0.0000
          4.5144
         13.2651
         12.3177
         12.2020
          0.7352
         -1.5833
          2.7440
         17.0238
         33.8480
         29.0257
         18.8369
         19.3408
         13.2155
          0.0000
          0.0000
          0.0000
          0.0000
          0.0000
          0.0000
          0.0000
          4.3984
         -1.7588
          0.0000
          0.0000
          0.0000
          0.0000
          2.7204
         56.7538
         25.5923
          0.0000
          6.0624
         51.5071
          3.0549
          3.3899
          0.0000
          0.0000
          0.0080
          1.6687
         33.7896
         30.7726
         17.1134
         17.6184
         23.0397
         12.2675
         -0.5338
          0.0000
          9.7300
         37.8402
        128.5843
        166.2706
        166.7047
        150.9457
        162.2935
          0.0000
          0.0000
          0.0000
          0.0000
          0.0000
          0.0000
          0.0000
          0.0000
          0.0000
          0.0000
          1.3101
          0.0000
          0.0000
          0.0000
         13.1404
         39.1977
         88.7835
         70.3904
         11.6558
          0.0000
          0.0000
          0.0000
          0.0000
         50.5365
         96.1897
          0.0000
          0.0000
          0.0000
          0.0000
          0.0000
          5.9762
          7.3195
         51.3730
          0.0000
          0.0000
          0.5077
         10.5658
          5.4002
         21.9853
         37.7650
         16.7162
          6.7580
         34.2217
         37.7735
         -0.3506
         -2.8632
          7.5095
         14.3251
         17.8636
          4.2140
         16.5461
         57.9280
        108.4854
         26.1851
         17.7047
         32.7308
         66.5273
          0.0000
          0.0000
          0.0000
          5.8085
          0.0057
         12.1131
          3.8731
          0.0000
         77.1318
         23.1133
         35.6486
         10.1561
          5.6348
          1.4185
          0.0000
         -1.6006
          0.0000
          0.0000
          2.0796
         12.9672
          5.9410
          9.4787
          5.6852
         24.4740
          0.0000
          0.0000
          0.0000
          0.0000
          9.3615
          7.2642
          6.3657
          0.3366
          0.0000
          0.0000
          0.0000
          0.0000
          0.0000
         13.0741
         20.8469
         10.2504
          0.0000
          0.0000
          6.0614
         10.5059
          0.0000
          4.3172
         19.1867
          2.4728
          9.8346
          7.1811
          5.7638
          4.1410
          0.3502
          6.2164
         15.8435
        144.8066
          0.0000
          0.0000
          4.1461
          0.0000
          0.0000
         -1.7647
          0.0000
          0.0000
          0.0000
          0.0000
          5.6449
          4.0599
          0.0000
          0.0000
          0.0000
         -0.2534
          0.0000
          0.0000
          0.0000
          0.4792
          0.0000
          0.0000
          0.0000
          0.0000
          0.0000
          6.2620
          8.5699
         16.3946
         28.3085
         28.5571
          7.3820
          0.0000
          0.0000
          0.0000
          5.8075
         19.3141
          5.4243
         -3.5234
         22.3028
         18.5636
          0.0000
          0.0000
          0.0000
          0.0000
          0.0000
          0.0000
          0.0000
         -2.8042
          0.0000
          0.0000
          0.0000
          0.0000
         11.7956
         17.6774
         14.5843
         11.1842
          0.0000
          0.0000
          7.2427
         25.0383
         -2.9242
        -14.5531
          0.0000
         16.8338
          0.0000
          0.0000
         17.0158
         29.0035
         16.6091
          0.0000
          0.0000
          0.0000
          0.0000
          0.0000
          0.0000
          0.0000
          0.0000
          0.0000
          0.0000
          0.0000
          0.0000
          0.0000
         12.4223
          5.3102
         15.3495
         35.5623
          9.9133
          0.0000
          0.0000
          0.0000
          0.0000
          0.0000
          5.9346
         19.3942
         21.9874
         53.3857
          0.0000
          0.0000
          6.8579
          0.0000
          0.0000
          0.0000
          0.0000
         -1.3501
          0.0000
          0.3519
          0.0000
          0.0000
          0.0000
          0.0000
          0.0000
         -1.9804
          3.9123
          3.7713
          0.0000
          0.0000
          0.0000
          0.0000
          6.2020
          7.5590
          6.8006
         11.6943
         12.4007
         12.3972
          3.6814
         28.0128
        104.4878
        138.2489
          5.9326
          4.8003
         11.8920
          0.0000
          0.0000
          6.8291
         -1.8221
         -3.2974
          3.2581
         16.8798
         29.2690
         20.5031
         14.5261
         31.9859
         19.2685
         -4.0852
          0.0000
          0.0000
         30.8117
         39.1020
         25.3216
        107.3770
        147.9167
          0.0000
          0.0000
          0.0000
          0.0000
          0.0000
          0.0000
          5.4268
          0.0000
          0.0000
          9.4202
         10.0275
          7.9824
         16.0192
         26.7461
         66.7784
        116.1855
         58.7577
          0.0000
          0.0000
          0.0000
          0.0000
          0.0000
          0.0000
          0.2834
         -1.1965
         -2.4115
          0.0000
          5.3898
          2.7118
         -0.4418
         -0.4356
         -1.5893
          0.0000
          0.0000
          0.0000
          0.0000
          0.0000
          0.0000
          0.0000
         19.9165
         14.2453
          0.0000
          3.8406
         32.5654
         40.4746
         38.9140
         78.8084
        158.0956
         -2.8500
          0.0000
          0.0000
          0.0000
          0.0000
          0.0000
          0.0000
          4.8373
         10.5736
          0.0000
          0.0000
          0.0000
          0.0000
          0.0000
          8.5172
          8.9412
          5.6848
          1.3953
          0.6842
          2.6498
          0.0000
          0.0000
          3.4533
         -0.2916
         -2.2212
          0.0000
          0.0000
          0.0000
          0.0000
          0.0000
          0.0000
          0.0000
         -9.5601
          0.0000
          0.0000
          0.0000
          0.0000
          0.0000
          0.0000
          5.7714
          1.3051
         -1.6812
          6.3225
         17.9108
          1.4679
          0.0000
          4.1649
         10.3826
         15.7200
         20.1304
          0.0000
          9.5518
         11.0467
          0.3190
          0.0000
          0.0000
         -0.3884
          5.6000
         19.4148
         33.0021
          6.1705
         -2.9327
         13.6574
         12.4237
          1.5089
          6.6021
         16.9400
         12.8643
         23.8227
          1.5247
          1.5364
          4.7344
         10.0722
         98.9824
          9.4651
          7.9824
         12.5317
         18.2091
          5.5753
         -0.5282
         -2.0170
          0.0000
          0.0000
          0.0000
          0.0000
          0.0000
          0.0000
          0.0000
          4.3347
          6.5752
         23.3218
          9.3299
          0.0000
          0.0000
          0.0000
          0.0000
          0.0000
          0.0000
          0.0000
          1.3736
          8.2298
          0.0000
          0.0000
          2.2302
          0.7635
         -4.2298
          0.0000
          0.9480
          6.2257
          0.0000
          0.0000
          0.0000
         -6.3325
         -1.0300
          0.0000
          0.0000
          0.0000
          0.0000
          0.0000
          0.0000
         -5.1894
         -0.3092
         -2.7900
          0.0000
          0.0000
          0.0000
          2.3694
          4.3301
          2.9060
          6.0308
          1.4443
         -1.9542
         -1.6139
          0.0000
          0.0000
          6.9828
          4.3620
         40.9673
          0.0000
          0.0000
          0.0000
          0.0000
          0.0000
          0.0000
         -2.2008
         -0.9323
          6.3046
          9.2578
         31.2931
         74.3401
         90.7030
         13.7281
          0.0000
          0.0000
          0.0000
          0.0000
          0.0000
          0.0000
          0.0000
          3.0636
         -0.2597
         -1.1046
          0.0000
          0.0534
          3.6686
          7.2415
          3.3090
         -4.1485
         -2.5747
          7.0810
         13.4327
          0.0000
          0.0000
          0.0000
          0.0000
          0.0000
         24.7404
         78.5561
         -0.0710
          0.0000
          0.0000
          0.0000
          0.0000
         32.2845
         68.3762
         61.0096
         -2.5387
          0.0000
          0.0000
         58.1228
          9.6977
         -1.6983
         -1.5753
          1.7381
         14.5805
         18.5301
         18.8517
         92.7821
         80.9137
         75.0347
        132.9418
         37.2140
         16.1453
          1.0093
         32.0256
         55.9524
         13.2036
          0.0000
          1.8621
          0.0000
          5.3538
         39.7443
        105.9978
         66.1170
          1.8812
          8.3810
         -0.3875
          0.0000
          0.0000
          0.0000
          0.0000
          0.0000
          0.0000
        126.7514
        146.7121
          0.0000
          0.0000
          0.0000
          0.0000
          0.0000
          0.0000
          0.0000
         87.6872
        107.3547
          0.0000
          0.0000
          0.0000
          0.0000
          3.8001
         10.0721
         22.9474
         21.0248
         21.9639
         21.4270
         11.4228
         -7.9966
          0.0000
          0.0000
          0.0000
          0.0000
          0.0000
          0.0000
          0.0000
          0.0000
          0.0000
          0.0000
          0.0000
          0.0000
          0.0000
          0.0000
          0.0000
          0.0000
          0.0000
          0.0000
        117.3050
         30.6594
          0.0000
          0.0000
          0.0000
          0.0000
          0.0000
          0.0000
         15.1773
          0.0000
          0.0000
          0.0000
          0.0000
          0.0000
          0.0000
          0.0000
          0.0000
          0.0000
          0.0000
          5.6623
          0.0000
          0.0000
          0.0000
          0.0000
         17.3078
         17.8921
          0.0000
          0.0000
          0.0000
          0.0000
          0.0000
          0.0000
          0.0000
          0.0000
          0.0000
          0.0000
          0.0000
          0.0000
          0.0000
          0.0000
          0.0000
          0.0000
          0.0000
          0.0000
          0.0000
          0.0000
          0.0000
          0.0000
         26.6194
         23.4193
         19.4382
         23.1450
          0.8160
          0.0000
          0.0000
          0.0000
          0.0000
          0.0000
          0.0000
          0.0000
          0.0000
          0.0000
          0.0000
          0.0000
          0.0000
          0.0000
          0.0000
          0.0000
          0.0000
          0.0000
          0.0000
          0.0000
          0.0000
          0.0000
          0.0000
          0.0000
          0.0000
          0.0000
          0.0000
          0.0000
          0.0000
          0.0000
          0.0000
          0.0000
          0.0000
          0.0000
          0.0000
          0.0000
          0.0000
          0.0000
          0.0000
          0.0000
          0.0000
          0.0000
          0.0000
          0.0000
          0.0000
          0.0000
          0.0000
          0.0000
          0.0000
          0.0000
          0.0000
          8.0852
         54.3019
         30.1281
          0.0000
          0.0000
          4.4797
          0.0000
          3.2696
          8.6420
         49.5686
         14.0849
          1.9490
          0.0000
          0.0000
          0.0000
          0.0000
          0.0000
         -1.0907
         -4.5657
          0.0000
          0.0000
          0.0000
          0.0000
          0.0000
          0.0000
          0.0000
          0.0000
          0.0000
          1.2584
          2.9996
          0.0000
          3.4371
         -0.9290
         -5.6999
          0.0000
          0.0000
          0.0000
          0.0000
          0.0000
         20.4898
         15.8129
         15.6653
          0.0000
          0.0000
          0.0000
          0.0000
          1.7136
         27.6988
         51.8111
        142.1567
          0.0000
          0.0000
          0.0000
          0.3089
          0.0000
          0.0000
          0.0000
         -5.1836
          2.6145
          0.0000
          0.0000
          0.0000
          0.0000
          0.0000
         19.7734
         25.9676
          0.0000
          0.0000
          0.0000
          0.0000
          0.0000
          0.0000
          0.0000
         12.5427
          1.2897
          0.0000
          0.0000
          0.0000
          0.0000
          0.0000
          0.0000
          0.0000
          0.0000
          0.0000
          0.0000
          0.0000
          0.0000
          0.0000
          0.0000
          0.0000
          0.0000
          0.0000
          0.0000
          0.0000
          0.0000
          0.0000
          0.0000
          0.0000
          0.0000
          0.0000
          0.0000
         61.5562
          7.0532
          8.9442
          1.7396
         82.7544
          3.4740
         67.4847
         61.9464
         16.6052
          0.0000
          3.5176
         25.9198
          1.4335
         17.7574
          0.0000
          0.0000
          0.0000
          0.0000
          0.0000
          0.0000
         -4.6626
          0.0000
          0.0000
          0.0000
          0.0000
          0.0000
          0.0000
          0.0000
          0.0000
          0.0000
          0.0000
          0.0000
         19.3598
         79.6659
         74.4171
         12.6698
         -8.5377
          0.0000
          0.0000
          2.7210
         11.9806
         32.4345
         35.1804
        155.4269
         36.6465
          0.0000
          0.0000
          0.0000
          3.1184
          0.0000
          6.1500
          7.0156
          0.0000
          0.0000
          3.9391
          0.6420
          0.0000
          0.0000
          0.0000
          0.0000
          0.0000
          0.0000
          0.0000
          0.0000
          0.0000
          0.0000
          0.0000
          0.0000
         22.1093
          0.0000
          0.0000
          0.0000
          0.0000
          0.0000
         18.9403
         27.6235
         60.5745
          0.0000
          0.0000
         21.8695
         18.1347
         -2.1073
          0.0000
          0.0000
         13.5766
          0.0000
          0.0000
          0.0000
          0.0000
          0.0000
          0.0000
          0.0000
          0.0000
          0.0000
          0.0000
          0.0000
          0.0000
          4.0634
          9.6633
          0.0000
         -0.0767
          0.0000
          1.8808
          0.0000
          0.0000
          0.0000
          0.0000
          0.0000
         -1.0776
         -0.5876
          0.2680
          0.0000
          0.0000
          0.0000
          0.0000
          2.3267
         -1.3852
          0.0000
          0.0000
          0.0000
          0.0000
          0.0000
          0.0000
          0.0000
          0.0000
          0.0000
          0.0000
          0.0000
          0.0000
          0.0000
          0.0000
          0.0000
          0.0000
          0.0000
          0.0000
          0.0000
          0.0000
          0.0000
          0.0000
          0.0000
          0.0000
          0.0000
          0.0000
          0.0000
          0.0000
          0.0000
          0.0000
          0.0000
          0.0000
          0.0000
          0.0000
          0.0000
          0.0000
          0.0000
          0.0000
          0.0000
          0.0000
          0.0000
          0.0000
         12.4628
         22.1339
          6.5142
          0.0000
          0.0000
         -1.2946
          0.0000
          0.0000
          0.0000
          0.0000
          0.0000
          9.6589
         53.3701
          4.7760
          0.0000
          0.0000
          0.0000
          0.0000
          0.0000
          0.3128
          0.0000
          0.0000
          0.0000
         19.9590
          0.0000
          0.0000
          0.0000
          0.0000
          0.0000
          0.0000
          0.0000
          0.0000
          0.0000
          0.0000
          0.0000
          0.0000
          0.0000
          0.0000
          0.0000
          0.0000
          0.0000
          0.0000
          0.0000
          0.0000
          0.0000
          0.0000
          0.0000
          0.0000
          0.0000
          0.0000
          0.0000
          0.0000
         22.3907
          5.2955
          0.0000
          0.0000
          0.0000
          0.0000
          0.0000
          0.0000
          0.0000
          0.0000
          0.0000
          0.0000
          0.0000
          0.0000
          0.0000
          0.0000
          0.0000
          0.0000
          0.0000
         -0.7635
          0.0000
          0.0000
          0.0000
          0.0000
          0.0000
          0.0000
          0.0000
          4.4234
          0.0000
          0.0000
          0.0000
          0.0000
          3.3379
         13.0192
          0.0000
          0.0000
          0.0000
          0.0000
          0.0000
          0.0000
          0.0000
          0.0000
          0.0000
          0.0000
          0.0000
          0.0000
          0.0000
          0.0000
          0.0000
          0.0000
          0.0000
          0.0000
          0.0000
          0.0000
          0.0000
          0.0000
          0.0000
          0.0000
          0.0000
          0.0000
          1.9553
          4.8536
          0.0000
          0.0000
          0.0000
          0.0000
          0.0000
          8.0498
          8.4176
          0.0000
          0.0000
          0.0000
          0.0000
          0.0000
          0.0000
          0.0000
          0.0000
          0.0000
          0.0000
          0.0000
          0.0000
         -3.8019
          0.0000
          0.0000
          0.0000
          0.0000
          0.0000
          3.9475
          0.0000
          8.9913
          0.0000
          0.0000
          0.0000
          0.0000
          0.0000
          0.0000
          0.0000
          0.0000
          0.0000
          0.0000
          0.0000
          0.0000
          0.0000
          0.0000
          0.0000
          0.0000
          0.0000
          0.0000
          0.0000
          0.0000
          0.0000
          0.0000
          0.0000
          0.0000
          0.0000
          0.0000
          0.0000
          0.0000
          0.0000
          0.0000
          0.0000
         -0.5467
          0.0000
          0.0000
          6.3669
          8.7505
         12.0251
        128.1318
         39.8894
          0.0000
          0.0000
          0.0000
         26.6475
         22.8110
         28.6739
         18.2812
          0.0000
          0.0000
          0.0000
          0.0000
          0.0000
          0.0000
          0.0000
          0.0000
          0.0000
          0.0000
          0.0000
          0.0000
          0.0000
          0.0000
          0.0000
          0.0000
          6.0779
         -9.6236
          0.0000
          0.0000
          0.0000
          2.8357
          0.9230
         -9.8053
          0.0000
          0.0000
          0.0000
          0.0000
         15.3851
         14.4321
          4.2018
          8.4627
          0.0000
          0.0000
          0.0000
          0.0000
          0.0000
          0.0000
          0.0000
         19.7167
        135.5097
        103.4095
          0.0000
          0.0000
          0.0000
         22.7091
         27.6741
         11.0785
          0.4612
         46.9306
          0.0000
          0.0000
          0.0000
          0.0000
          0.0000
          0.0000
          0.0000
         -6.5401
          0.0000
          0.0000
          0.0000
          0.0000
          0.0000
          0.0000
          0.9786
         12.2835
         13.9070
          7.9729
          0.0000
          0.0000
          0.0000
          0.0000
          2.9679
          8.9922
          8.7074
         12.5377
         10.3314
          1.2292
          0.0000
          0.0000
          0.0000
          7.2033
          2.4324
          9.7669
         23.4715
          0.0125
          0.0000
          0.0000
          0.0000
          3.7192
          0.0000
          1.2027
          0.8177
          0.0000
        113.0459
        100.9370
         64.0236
          0.0000
          0.0000
          0.0000
          0.0000
          0.0000
          0.0000
          0.0000
         14.4541
          0.0000
          0.0000
          0.0000
          0.0000
          0.0000
          0.0000
          0.0000
         20.9794
         81.7199
          0.0000
          0.0000
          0.0000
          0.0000
          0.0000
          0.0000
          1.8599
          0.0000
          0.0000
          0.0000
          0.0000
          0.0000
          0.0000
          0.0000
          2.1859
         22.0777
          0.0000
          0.0000
          2.2950
         12.4487
        139.7246
          0.0000
         20.3697
          4.5995
        -12.9476
         10.5975
         23.7785
         10.6104
         79.8475
        212.0232
         -6.7522
          0.0000
          0.0563
          0.0000
          0.0000
          0.0000
          0.0000
          0.0000
          0.0000
          0.0000
          0.0000
          0.0000
          0.0000
          0.0000
          0.0000
          0.0000
          0.0000
          0.0000
          0.0000
          0.0000
         10.3003
         18.1882
          5.6893
         18.6155
        140.5239
        208.8787
        116.2785
          0.0000
          0.0000
         12.6876
         67.7898
        148.0203
        104.6332
          0.0000
          0.0000
          0.0000
          0.0000
          0.0000
          0.0000
          0.0000
          0.0000
          0.0000
          0.0000
          0.0000
          0.0000
          0.0000
          0.0000
          0.0000
          9.6082
         49.6990
        146.4300
         19.0814
          0.0000
          0.0000
          0.0000
          0.0000
          0.0000
         15.5538
          0.0000
          0.0000
          0.0000
         14.1619
          2.7705
         16.5135
         87.5831
        161.9538
         37.9608
         62.9678
        105.2235
         19.1704
          7.9984
         22.0388
         99.4555
        264.3817
         18.2841
          0.0000
          0.0000
          0.0000
          8.6115
         -8.1407
         61.9830
        390.4653
        301.6089
          0.0000
          0.0000
          0.0000
          0.0000
          8.8561
          0.0000
        103.0074
        210.8255
         72.7108
         40.5791
         51.3401
        187.2377
        304.9393
        344.6532
          0.0000
          0.0000
          0.0000
          0.0000
          0.0000
          0.0000
          0.0000
          0.0000
          0.0000
          0.0000
          0.0000
          0.0000
          0.0000
          0.0000
          0.0000
         16.8274
          5.2432
          1.8813
         55.7931
         22.8899
          3.7087
          7.8608
          4.1983
          0.0000
          0.0000
          0.0000
          0.0000
          6.7290
         12.5502
          0.0000
          9.5790
          2.2724
          0.0000
         13.9885
         23.4404
         10.9928
          7.9618
         17.6628
         27.4144
        124.0817
        233.9328
          6.3493
          0.0000
          0.0000
          0.0000
          0.0000
          0.0000
          0.0000
          0.0000
          0.0000
          0.0000
          0.0000
          0.0000
          0.0000
          0.0000
          2.0018
         75.5117
         98.6626
          0.0000
          0.0000
          0.0000
          0.0000
         23.5251
         40.0643
          0.4923
          0.0000
          0.0000
          0.0000
          0.0000
          0.0000
          0.0000
          0.0000
          0.0000
          0.0000
          0.0000
          0.0000
          0.0000
          0.0000
          0.0000
          0.0000
          0.0000
          0.0000
          0.0000
          0.0000
          0.0000
          0.0000
          0.0000
          1.1432
          0.0000
          0.0000
          0.0000
          0.0000
          0.0000
          0.0000
          2.0479
         11.1173
          7.2755
          3.5456
         18.4067
         39.3011
         33.4666
         -3.5990
          8.2824
         10.7065
         43.1949
        310.0196
        333.0565
        346.0412
        234.4178
         61.3879
          0.0000
          0.0000
         19.3413
         42.0620
          0.0000
         26.7098
         40.6921
          3.1278
         10.1687
         -0.7222
         53.7972
         12.2589
         30.5714
          0.0000
          0.0000
          0.0000
          2.1866
          0.0000
          0.0000
          0.0000
          0.0000
          0.0000
          0.0000
          0.0000
          0.0000
          0.0000
          0.0000
          0.0000
          0.0000
         46.9342
         56.7240
          0.0000
          0.0000
          0.0000
          0.0000
          0.0000
          0.0000
          0.0000
          0.0000
          1.1936
         12.1558
         60.0856
        154.8863
          0.0000
          0.0000
         40.9048
        198.8606
        287.8278
        329.7635
        105.1442
          0.0000
          0.0000
         75.8821
        186.2827
          0.0000
          0.0000
         35.5845
         17.3874
          0.0000
          1.7592
          3.4061
         14.5307
          6.5563
         10.5872
         22.4129
         16.5721
          0.0000
          0.0000
          0.0000
          0.0000
          0.0000
          0.0000
          0.0000
          0.0000
          0.4396
          0.0000
          0.0000
          0.0000
          0.0000
          0.0000
          0.0000
          0.0000
        -13.3319
         -3.2850
          6.7863
          0.0000
          0.0000
          0.0000
          0.0000
          0.0000
          0.0000
          0.0000
          0.0000
          0.0000
          0.0000
          1.0855
          7.6853
          0.0000
          0.0000
          0.0000
          0.0000
          0.0000
          0.0000
          5.7206
         24.9197
        191.7232
          0.0000
          0.0000
          0.0000
          0.0000
          0.0000
         19.9696
         85.2762
          0.0000
          0.0000
          0.0000
          0.0000
         87.6761
        111.3305
          0.0000
          0.0000
          0.0000
          0.0000
          0.0000
          0.0000
         27.7945
         15.2999
          8.9178
         26.7244
        173.7860
          0.0000
          0.0000
          0.0000
          0.0000
          0.0000
          0.0000
          0.0000
          0.0000
          0.0000
          0.0000
          0.0000
          0.0000
          7.8004
          0.0000
          0.0000
          0.0000
          0.0000
          2.5980
         13.4944
         13.3037
          0.0000
          0.0000
          0.0000
          0.0000
        -15.3650
         -4.2353
          0.0000
          0.0000
          0.0000
          0.0000
          7.2121
          3.7461
          0.0000
          0.0000
          0.0000
          0.0000
          3.4804
         16.4479
         85.5303
        152.3229
          0.0000
          0.0000
          0.0000
          0.0000
         16.7077
         31.4590
         10.1752
          0.0000
          0.0000
          0.0000
         14.2802
         37.7197
         17.5748
         55.0780
         28.5701
          0.0000
          0.0000
          0.0000
          0.0000
          9.4033
          0.0000
          0.0000
          0.0000
          0.0000
          0.0000
          0.0000
         16.7028
         15.6035
          7.6046
         21.9309
         32.9880
         24.5805
        185.5711
          2.8998
         61.1664
          0.0000
          0.0000
          2.6018
         11.4603
         11.3628
         35.9932
          0.0000
          0.0000
         12.2241
         20.1741
         15.5806
          2.4830
          0.0000
          0.0000
          0.0000
          0.0000
          8.2561
          2.7396
          9.9154
          0.0000
          0.0000
          0.0000
          0.0000
          0.0000
          0.0000
          0.0000
          5.3140
          4.0607
          0.0000
          0.0000
          0.0000
          0.0000
         22.2613
         22.2602
         19.8580
         16.6374
          0.0000
          0.0000
          0.0000
          2.7416
         11.4585
         72.0484
         74.1293
         49.0546
         48.2950
         38.9981
          0.0000
          0.0000
         14.3742
          0.0000
         75.6737
         71.3985
          3.7212
          0.0000
          0.0000
          0.0000
          0.0000
          0.0000
          0.0000
          1.5550
         11.8265
         81.4419
         11.6495
          0.0000
          0.0000
          0.0000
          0.0000
          8.1689
          0.0000
          0.0000
          0.0000
          1.3736
         24.0757
         18.3496
         70.9359
        107.7716
        171.0160
        108.6650
         19.6704
          0.0000
          0.0000
          0.0000
          0.0000
          0.0000
          0.0000
         -1.4824
          0.0000
          2.1288
         21.9233
         12.9914
          2.1399
         13.0454
          0.0000
          0.0000
          0.0000
          0.0000
         29.3822
          9.5019
          0.2712
          7.1926
          0.0000
          0.0000
          0.0000
          0.0000
         22.6979
          8.0981
        173.2350
        156.0535
         21.5329
          0.0000
          0.0000
          0.0000
          8.7896
          9.1139
        113.4478
         81.5971
          0.0000
          0.0000
          0.0000
          0.0000
         14.2180
         10.8250
         13.0678
         20.9421
         30.0007
          7.3281
          7.3281
