          0.0000
          0.0000
          0.0000
          0.0000
          0.0000
          0.0000
         -9.0302
         -2.2182
          0.0000
          0.0000
          0.0000
          0.0000
          0.0000
          0.0000
         -6.9163
          0.0000
          0.0000
          0.0000
          2.8355
         14.1594
         13.7919
          0.0000
          0.0000
          0.0000
          0.0000
          0.0000
          0.0000
          0.0000
         14.7147
          1.5511
         -2.5944
          0.0000
          3.7179
          7.9167
          4.7658
         23.3520
         22.1727
         23.2749
         86.4033
          0.0000
          0.0000
          0.0000
          3.2004
         21.6004
         -1.5392
         -1.9555
         12.2213
          0.0000
          0.0000
          0.4278
          7.4281
         17.8027
         39.7608
        102.8719
        138.4267
         30.8180
          0.4022
          0.0000
          0.0000
          0.0000
         22.0109
         22.2886
         83.2362
         90.8869
         39.5521
         16.5442
         13.2191
          0.0000
          0.0000
          0.0000
          0.0000
         37.7372
         -3.0316
        -13.5164
          8.3854
         63.6250
         34.8970
         -0.2520
         47.2907
        111.3828
        117.6078
        122.3047
         87.5732
         29.5771
          0.0000
          0.0000
          0.0000
          0.0000
          0.0000
          0.0000
          0.0000
          0.0000
          0.0000
          2.6342
         74.9263
         96.7821
         37.6170
         88.1201
        131.2286
        123.3317
         58.9038
         -0.2417
         -0.4483
          0.0000
          0.0000
          0.0000
          0.0000
          0.0000
          0.0000
          0.0000
         33.2926
         34.3346
         50.2083
          2.6047
         -2.1930
         -6.5898
          0.2496
          4.6794
         33.3353
         38.0703
          4.4932
          0.0000
          0.0000
          0.0000
          9.2800
          0.0000
          0.0000
          0.0000
          0.0000
          1.1280
          8.3023
          1.4236
          8.8723
         75.1558
         36.6880
          0.0000
          0.0210
          0.0000
          4.8845
         13.7211
          8.7428
        163.3049
          0.0000
          0.0000
          0.0000
         27.9050
         18.2032
         20.2146
         38.4499
        111.6464
          1.6072
         -0.4572
         13.5592
         54.2110
         53.0582
          1.3964
          0.5492
          0.0000
          0.0000
          0.0000
          7.6972
         27.5121
          1.0472
          0.0000
          0.0000
          0.0000
         -1.8297
          0.0000
          0.0000
          0.0000
          0.0000
          0.6164
          9.3605
          4.6063
         -1.8066
          0.0000
          0.0000
          0.0000
          0.0000
         13.0322
         11.7037
          0.0000
          0.0000
          0.0000
          0.0000
          0.0000
          5.8382
         19.4164
          6.5579
         -1.0648
          0.0000
          0.0000
         18.2992
         14.8410
         26.5701
         11.6837
         13.7988
          7.8097
         67.5054
         60.1034
         87.2089
        101.0956
         81.1067
         77.4076
        -16.6750
         -2.7077
          8.0123
         81.8360
         30.3991
          6.7931
          8.0866
         -5.3296
         -4.0616
         -9.0245
        118.6068
        130.8326
         23.2175
         16.1338
         32.0728
         35.3378
         25.8342
         -0.2959
         66.7005
         99.2922
         18.6033
         27.8436
          0.2430
         -0.0941
          0.0533
          0.0000
         -1.7206
          0.0000
          0.0000
          0.0000
          0.0000
          0.0000
          0.0000
          0.0000
          0.0000
          0.0000
          0.0000
          0.0000
          4.3747
          3.5273
         11.4699
         26.4240
        114.5546
         38.1551
          0.0000
         -0.5817
          2.5037
          7.0155
          6.3908
          3.2791
         55.4189
          0.0000
          0.0000
          0.0000
          0.0000
          4.6764
         45.1464
         -2.0294
         -2.7666
          0.0000
          0.0000
          0.0730
          2.1859
          3.8031
          8.4307
          3.7685
          0.1334
         61.4527
        131.4132
         94.8399
         41.8142
          5.7508
          0.1253
          0.0000
         -9.8994
        116.9583
         25.0925
         -3.3562
        -10.2972
         -2.2742
        -17.7992
         -2.7701
          0.0000
        189.4898
          7.0653
         32.7374
         15.4594
          0.0000
          1.3415
          0.0000
         56.5262
         27.0418
          6.4578
         -2.4943
         10.3916
          7.5360
         -0.8738
        208.2423
        231.5841
        113.1403
          0.0000
          0.0000
          2.9043
          6.0905
         12.1412
         12.8785
          5.7761
          3.3982
          0.0000
          0.0000
          5.9963
          1.0829
          5.3922
          1.9368
         -1.3170
          0.2422
         17.8477
         24.1885
         27.4031
         41.9026
         42.3331
         28.5342
        106.6485
         83.2997
         51.9923
         17.5009
         17.0871
        138.5195
        175.3670
         54.2955
         -2.4271
          0.0000
          0.0000
          3.1066
         20.4130
         92.4420
         84.5261
          1.6789
         -0.4494
         16.9996
         37.0517
          8.9684
         -7.7647
         -4.8222
        -24.7899
        -29.0223
          4.5680
         25.4016
          2.7996
         28.0058
        105.9658
         98.5520
         30.3983
         38.2874
         -2.4631
         32.2287
         42.9783
         30.2592
         16.9046
         16.4214
         16.6383
         28.2359
        137.1371
         76.6671
         -6.8873
         -5.2380
          1.2714
          1.0992
          2.4843
          0.3205
         66.2207
         86.4721
         43.9802
         -6.1062
          9.2886
          5.4177
         -1.6884
        -13.4209
        114.8560
        175.8976
         24.3026
         -2.8096
          0.0000
          6.1904
         34.9111
          5.0450
         56.6506
         46.2945
          0.0000
          0.0000
          0.0000
          1.6561
          0.0000
          0.0000
          3.0388
          1.9645
          6.7963
         -0.8125
          2.1440
         21.8450
         27.5255
          9.3033
          0.0000
          0.0000
         13.0911
         34.0429
         92.0727
        168.6289
         86.9549
          0.0000
          0.0000
          0.0000
          0.0000
          0.0000
          0.0000
         21.6691
         19.8923
         80.7941
         36.2585
         -0.1913
          0.0000
          0.0000
         10.9396
         22.5861
         30.6365
        110.8303
          0.0000
          0.0000
          0.0000
          2.5932
         14.2245
         12.8624
         23.1106
         90.7482
          0.0000
          0.0000
          0.0000
         -1.2822
        -13.9026
         13.3353
         14.2199
          8.7051
        156.3503
          0.0000
          0.0000
          4.7333
         56.0828
         50.8733
         90.2692
        199.8361
        108.8571
         28.5945
          0.0000
          0.0000
          0.0000
          0.0000
          0.0000
          0.0000
         16.7672
          9.2768
          0.0000
          0.0000
          0.0000
          0.0000
         11.8790
          1.2195
         36.0386
         47.0350
          0.0000
          0.0000
         18.1525
         48.2195
         25.4868
         21.7779
         57.7714
         62.8063
        201.5494
        221.0924
        176.1071
        103.2199
         62.0614
          0.0000
          0.0000
          0.0000
          0.0000
          0.0000
          0.0000
          0.0000
          0.0000
          0.0000
         20.4097
         18.8696
         16.7016
         19.1163
         14.2119
         10.3571
         52.0099
         63.7822
         25.5056
         50.2927
          0.0000
         11.6275
         41.7326
         78.6207
          2.0090
          0.0000
         79.7836
         47.3940
          0.0000
          0.0000
          0.0000
          0.0000
          8.9106
          1.6081
         -1.1234
          0.0000
          0.0000
          0.0000
          0.0000
          0.0000
          7.4494
          9.0272
         77.9476
        158.9336
        184.0015
        177.2744
        150.2303
        177.4791
        191.5431
         16.4446
          0.0000
          0.0000
          0.0000
          0.0000
          0.0000
          0.0000
          0.0000
          0.0000
         -2.0734
         -3.9062
          0.0000
          0.0000
          0.0000
          0.0000
          0.0000
          0.0000
          0.0000
         60.3317
          8.8701
        -24.0292
         -0.6323
         16.1941
          8.3481
        114.9530
        214.9701
        137.6457
        147.4583
        150.6622
        167.6367
        155.6151
        112.3729
         46.6027
          0.0000
          0.0000
          0.0000
          0.0000
          0.0000
          0.0000
          0.0000
          7.1398
         78.2890
         39.6138
        -24.8189
         -1.1014
          0.0000
          1.9481
         28.1888
         95.1659
         66.1020
          4.1665
         -0.5258
          0.0000
          0.0000
          0.0000
          0.0000
          0.0000
          0.0000
          0.0000
          0.0000
          0.0000
          0.0000
          0.0000
          0.0000
          0.0000
         -1.0011
          0.0000
          0.0000
          0.0000
          0.0000
          0.0000
          2.3775
          0.0000
          0.0000
          0.0000
          0.0000
         29.7537
         10.3452
         20.1321
          0.0000
          0.0000
          0.0000
          0.0000
          0.0000
         30.6482
         55.7671
        125.8455
        132.8959
        128.2210
          0.0000
          0.0000
          5.1316
          7.1070
         24.2188
        132.1506
        127.1956
          2.2458
          0.0000
          0.0000
          0.0000
         15.1289
         22.4154
        128.4434
        119.7306
          0.0000
          0.0000
          0.0000
         12.4694
         33.3555
         22.8785
         26.9204
         -5.2516
         57.6442
         26.9183
         32.9610
         32.5928
         16.4578
         25.1533
         76.2467
         31.2382
          0.0000
         11.3269
         96.2794
         41.6789
         11.4417
          9.1606
         42.0407
        102.8053
         60.5164
         24.2382
          0.0000
          0.0000
          0.0000
          0.0000
          0.0000
          0.0000
          0.0000
          0.0000
          0.0000
          0.0000
          0.0000
          0.0000
          0.0000
          9.9583
          5.5550
         37.0424
         53.3932
         28.7717
         37.1925
         29.1034
         44.3697
        112.7740
        104.4885
          0.0000
         99.9005
         99.4804
        154.7533
         48.6479
          0.0000
          0.0000
          0.0000
          0.0000
          0.0000
          0.0000
          0.0000
          0.0000
          0.0000
          0.0000
          0.0000
         26.0254
         16.7624
        -15.2226
        -18.9171
         -1.3419
          2.6930
          8.1703
        -13.3763
         -2.4247
         -7.5343
         -2.6958
         57.6107
         96.3183
          0.0000
          0.0000
          7.7676
         33.1645
         -3.0233
         19.7206
         15.6870
         25.8993
         65.5510
        120.8359
        242.9136
         69.5509
          0.0000
          0.0000
          0.0000
          0.0000
          0.0000
          0.0000
          0.0000
        108.1200
         89.1765
          0.0000
          0.0000
          0.0000
          0.0000
          0.0000
          0.0000
         -0.8872
          0.0000
          0.0000
          0.0000
         -1.2153
         -3.1347
         10.3712
         -5.6008
         48.2638
         10.9765
         -6.3093
        -10.1851
          0.0000
          0.0000
          8.2424
         -0.4857
         44.1983
         86.9662
         56.6449
        -35.6704
        -19.2595
          0.0000
          5.8218
          0.0000
          8.1150
          3.0540
          2.6334
          1.9837
          2.3752
         16.4808
          6.2517
          0.0000
          0.0000
          0.0000
         14.6657
         53.1273
          1.7866
         -6.7528
         14.2428
          3.9719
          2.2826
          5.3515
         10.0589
          1.4205
         -0.6656
         27.6621
         30.5491
         71.5378
         13.7430
          7.0122
         26.2802
         83.7322
         31.5147
          0.0000
          2.3076
          5.7646
         36.9574
          0.2835
          1.5779
          0.0000
          0.0000
          0.0000
          0.0000
          0.0000
         -2.4845
         -0.5994
          8.1857
          9.0688
          5.0132
         -1.4325
          2.5457
          0.5140
         12.0725
         20.1858
         26.5850
        128.0310
        160.6014
         55.2526
          0.0000
          0.0000
          3.8520
          1.3943
          8.5927
         -6.2601
        137.8994
        116.8206
         37.5774
         97.5626
        219.7746
        142.0746
          0.0000
          0.0000
          0.0000
          0.0000
          0.0000
          0.0000
         -4.4179
         -2.5172
          8.2460
         16.0944
          9.4174
          4.6932
          0.4550
          0.0000
          0.0000
          0.0000
          0.0000
         13.7543
         19.4325
          6.2376
         47.4597
        168.6324
        125.4372
          0.0000
          0.0000
          0.0000
          0.0000
          0.0000
          0.0000
          0.0000
          0.0000
          0.0000
          0.0000
          0.0000
         10.3208
         14.0189
         44.2142
         -0.7237
         35.6029
         28.8920
         -3.7453
         -9.3669
          5.5504
          0.1163
          2.2606
         46.9603
          0.0000
          0.0000
          0.0000
         73.3880
        101.5808
         89.4327
         14.6838
          0.0000
         44.6405
          0.0000
          0.0000
          0.0000
          0.0000
          0.0000
          7.9434
         24.6269
         65.3954
         18.7538
         32.0208
         63.8070
         24.3122
          0.4093
         12.9975
         55.2780
        156.4911
         34.9060
          1.8823
          0.0000
          0.0000
          0.0000
         16.1285
          2.2150
         28.0852
         14.4550
          3.7364
         37.3983
         59.5054
         21.7507
         16.0390
         24.8538
        159.2498
        153.6690
         10.6543
         23.5703
          8.4460
          5.7948
          2.0312
          1.5795
         56.2444
         51.3299
        -14.1476
         -7.7294
          6.0295
          4.6485
        -12.8994
         65.4671
        124.8044
          0.0000
          0.0000
          0.0000
          0.0000
          0.0000
          3.3598
          0.0000
          8.8913
          0.0000
          0.0000
          0.0000
          0.0000
          0.0000
          1.4082
          0.0000
          0.0000
          0.0000
          0.0000
          0.9442
         14.3481
         31.7004
         23.1634
          8.8461
         19.5969
         87.3669
         83.4971
         41.9702
         48.5988
         76.8231
         68.0566
         35.8133
         -5.3302
         -1.4994
          2.2097
          8.8781
          5.9819
          0.0000
          1.4893
          0.0000
         -2.3271
          0.0000
          4.9973
         12.8958
         14.7052
          9.5535
          0.5199
          0.0000
          0.0000
         35.0925
         13.2941
         37.9040
        147.2180
        156.8663
        133.5401
        149.7493
         76.2841
         10.0918
        -10.2423
          0.0000
          0.0000
          0.0000
          0.0000
          0.0000
         13.4901
         31.4784
         71.9288
         52.4221
          0.0000
          0.0000
          0.0000
          0.0000
          0.0000
          0.0000
          0.0000
          0.0000
          0.0000
          0.0000
          0.0000
          0.0000
         -2.7103
         -0.9129
         15.7863
          5.0679
         -0.5208
         -6.8781
         -8.6263
          0.0000
         11.4274
          0.9397
         17.7206
         30.7285
         49.7897
         90.3673
        151.2403
        216.0587
        159.1170
         87.0345
          0.0000
          0.0000
          0.0000
          0.0000
          3.3576
          2.1442
          1.3893
         29.4704
         26.5711
         27.3598
         41.6457
         66.5262
         63.4875
         62.9766
        133.1586
         83.2767
          0.0000
          0.0000
          0.0000
          0.0000
          0.0000
          0.0000
          0.0000
          4.9668
         11.1448
          0.0000
          0.0000
          3.8911
         10.3402
         23.5706
         57.0124
         60.9169
         28.8100
        -21.9924
         -4.2613
          0.0000
          1.0456
          0.0000
          0.0000
          0.0000
          0.0000
          0.0000
          0.0000
          4.7940
          9.1951
          0.0000
          0.0000
          0.0000
         15.4189
         25.9719
         28.4577
         20.4480
         -5.1562
        153.0345
        117.9984
          0.0000
          0.0000
          0.0000
          2.3759
          0.0000
          0.9095
          0.0000
         13.7978
          9.8538
          0.0000
          0.0000
          0.0000
          0.0000
          0.0000
          0.0000
         -1.4254
          0.0000
          0.0000
          0.0000
          6.8093
         10.9926
         33.8332
         48.6217
         19.6183
          7.1730
          4.1586
         -0.1445
          2.0502
          0.0000
          0.0000
          0.0000
          0.3486
          0.0000
          0.0000
          3.6485
         11.6476
          3.5647
          5.4867
          0.2650
        105.2764
         86.8470
         -3.6446
        -19.5175
         -3.3522
          0.8071
          8.7042
          3.3008
         48.4934
         21.7843
         10.6169
        -12.9754
        -14.0308
         -0.9601
          0.0000
          0.0000
          0.0000
          0.0000
          0.0000
          0.0000
          0.0000
         87.3835
         68.5676
         66.7572
        115.2231
         21.3147
         -4.9672
          0.0000
          2.1459
          0.0000
          2.4358
          0.0000
          0.0000
          0.7767
          7.0887
          5.2958
         23.5922
         30.5901
         16.5577
         22.1699
         25.4804
        113.7863
         34.5250
         22.0992
         28.5867
         17.1454
          0.3398
          0.0000
          0.0000
          0.0000
          0.0000
          0.0000
          0.0000
          0.0000
          4.7280
          2.9330
          0.9509
          0.0000
         14.8993
         23.3868
         23.6025
         18.4995
         28.3904
         35.6048
         85.2839
         21.7217
         15.7149
         11.4847
          3.2471
          4.9715
         53.7894
        105.9115
         -1.0298
          0.0000
          0.0000
          0.0000
          0.0000
          0.0000
          5.7790
          0.7008
          7.3716
         29.7629
          0.0000
          0.0000
         -0.8838
          0.0000
          0.0000
          0.0000
          0.0000
          0.0000
          0.0000
          7.1974
          9.9076
          0.1532
          2.4178
          0.0000
          0.0000
          0.0000
          0.0617
          1.4750
          0.8243
          0.0000
          0.0000
          0.0000
          0.0000
          0.0000
         16.2159
         47.8594
         42.7798
         14.6882
          9.2219
          0.0000
          0.0000
          0.0000
          0.0000
          6.7507
         17.1238
         20.2933
          2.8848
          0.0000
          0.0000
          0.0000
          0.0000
          0.0000
          0.0000
         17.8751
          4.1411
         25.1536
         92.7167
         49.8786
          0.0000
          2.4402
          0.0000
          0.0000
          7.6015
          0.0000
          0.0000
          0.0000
          0.0000
          0.0000
          0.0000
          0.0000
          0.0000
          0.0000
          0.0000
          0.0000
          0.0000
          0.0000
          0.0000
          0.0000
          0.0000
          0.0000
          0.0000
          2.5891
          8.5771
          5.2290
          0.0000
          0.0000
          0.0000
          0.0000
          0.0000
          0.0000
          0.0000
         38.8783
         23.7129
          7.9822
         67.2850
         71.7259
        157.8479
        190.0353
          0.0000
          0.0000
          0.0000
          0.0000
          0.0000
          0.0000
          0.0000
          0.0000
          0.0000
          0.0000
          0.0000
          0.0000
          0.0000
          0.0000
          0.0000
          0.0000
          0.0000
          0.0000
          0.0000
          0.0000
          0.0000
          0.0000
          0.0000
          0.0000
          0.0000
          0.0000
          0.0000
          0.0000
          0.0000
          0.1087
        -11.4971
         -6.3045
         -0.0043
         15.5096
         10.2847
         -0.5508
          0.0000
         25.5465
         15.3192
          0.0000
          0.0000
          0.0000
          0.0000
          3.3756
          9.5055
          5.1875
         -1.0064
         30.7807
         15.4121
          5.7944
         30.2491
          3.9060
          0.0000
         -2.7841
        155.1445
         56.4257
          0.8742
          0.0000
          0.0000
         13.4345
        103.0814
        172.0453
         33.9972
          0.0000
          0.0000
          0.0000
          6.3014
          7.4046
          8.8933
          7.3469
         18.5450
         54.2257
        144.7136
         72.7816
          6.1600
          0.0000
          0.0000
          0.0000
         -0.3869
         24.2463
         23.5876
          6.0209
          8.3362
         -1.7875
         -0.4254
          0.0000
          0.0000
          1.8381
          0.0000
          0.0000
         20.8238
          0.0000
          0.0000
          0.0000
          0.0000
          0.0000
          0.0000
          0.0000
          1.6454
          0.0000
          0.0000
          6.3181
         12.9465
          0.3806
          0.0000
         21.8512
          6.7084
          6.4346
         13.4082
         12.6378
          0.0000
          0.0000
          8.0350
         10.3243
          5.7048
         13.5042
         67.9256
         59.7122
         63.6858
          0.0000
          0.0000
          3.0199
          0.0000
          0.4470
          5.0037
          2.1589
          4.3361
         12.5287
         23.0014
         36.3909
         15.7934
         13.1245
          5.5785
        -18.8327
          5.4644
        102.8576
          9.0088
         51.1640
         28.3769
         59.3189
         72.3671
         44.1681
         -5.9367
         -0.8261
          3.6945
          0.0000
         23.4128
         67.4517
          9.8456
          2.1039
          6.5233
          0.1035
          2.7932
          0.7531
          1.9602
          0.9059
          6.8775
          8.7833
         -2.6994
          0.0000
          0.0000
          0.0000
          0.0000
          0.0000
          5.2868
          0.0000
          0.0000
          0.6351
         16.2079
         17.0476
         43.6242
        129.5263
         88.3363
         -1.4100
          0.0000
          0.0000
          1.8343
         27.0659
         19.8751
          7.8490
          2.8187
          3.4655
          4.8303
          0.0000
          0.0000
          0.0000
          0.0000
          0.0000
          0.0000
          0.0000
          0.0000
          0.0000
          0.0000
          0.0000
          0.0000
          2.1480
          3.1828
          0.0000
          0.0000
          0.0000
          0.0000
          4.9261
          3.8330
          0.0000
          4.7533
          0.0000
          0.0000
          0.0000
          5.1445
          5.2205
          3.1336
          6.8111
          5.0510
         -2.7594
         -1.5980
          0.0000
          0.0000
          1.6344
          1.8688
         12.0041
         31.1526
         53.8992
         50.4646
          0.0000
          0.0000
          4.5101
         15.2123
         33.7720
         41.4730
         31.6634
          0.0000
          0.0000
          0.0000
         20.6303
         16.5686
         -1.8827
          1.7610
         60.2304
         66.3032
          0.0000
         17.6514
         26.5082
         28.3558
         33.3796
         11.1095
          6.3152
         75.6891
          0.0000
          0.0000
          4.4455
          0.0000
          0.0000
         10.3952
          0.0000
          0.0000
         49.5448
          0.4984
          0.0000
          2.3803
          0.0000
          0.0000
         -2.4121
         -5.5185
          7.5247
         12.6967
         29.2533
         17.5054
          2.3488
         24.3270
          0.0000
          0.0000
          0.0000
          0.0000
         21.4752
         11.7040
          0.9462
          3.0919
          0.0000
          0.0000
          0.0000
          0.0000
         12.6893
          9.5697
          7.0043
          5.0092
          0.0000
          0.0000
          0.0000
          3.1957
         21.9958
          9.9280
         -2.8218
         -0.1994
          0.0000
          0.0000
          0.0000
          0.0000
          0.0000
          9.4572
          0.0000
          0.0000
          0.0000
          0.0000
          0.0000
          0.0000
          6.9959
         12.5202
          7.9719
          6.9881
          0.0000
          0.0000
          0.0000
          4.6453
         16.8030
         20.7872
         27.7305
         19.4099
         -1.8876
          0.0000
          0.0000
          5.7708
         71.4915
         19.0519
          2.4871
          4.3984
          0.0000
          0.0000
          0.0000
          0.0000
          0.0000
          0.0000
          0.0000
          0.0000
          0.0000
          0.0000
          0.0000
          0.0000
          0.0000
          0.0000
          0.0000
          3.3858
          0.4037
          0.0000
          0.0000
         14.3902
         29.0064
         14.7571
         18.7049
         10.4348
          0.0000
          0.0000
          0.0000
          0.0000
          0.0000
          0.0000
          1.7149
         12.0884
          0.0000
          0.0000
          0.0000
          0.0000
          0.0000
          4.1762
          0.0000
          3.3683
         17.0150
         15.7739
          0.0000
          0.0000
          0.0000
          0.0000
          0.0000
          0.0000
         35.4368
          5.1028
          0.0000
          0.0000
          0.0000
          0.0000
          0.0000
          9.3165
          0.0000
         31.7737
          0.0000
          0.0000
          0.0000
          0.0000
          0.0000
          0.0000
          0.0000
         -3.8072
         -0.2525
          5.0992
         10.9349
         13.1246
         -1.2786
          5.5888
         24.5470
         58.8690
         10.4995
          0.2041
          0.0000
          0.0000
          0.0000
          0.0000
          0.0000
          0.0000
          0.0000
          0.0000
          0.0000
          0.0000
          0.0000
          0.0000
          0.0000
          0.0000
          0.0000
          0.0000
          0.0000
          0.0000
          0.0000
          0.0000
          0.0000
          0.4606
          0.0000
          3.0673
         12.2884
          7.0594
          3.6321
         16.0871
          2.6635
         35.4427
         24.1426
          0.0000
         14.6051
         15.5536
         -1.7977
        -17.5361
          0.0000
          0.0000
         27.5719
         34.0092
         35.2035
         32.2462
         39.6470
         45.7181
         -3.9168
          0.0000
          0.0000
          9.1372
         10.5652
         12.9618
         12.7471
         -2.1558
         58.2370
         30.8871
          0.0000
          0.0000
          0.0000
          5.2219
          7.9529
         -5.5548
          0.0000
          0.0000
          9.8547
          0.0000
          0.0000
          0.0000
          0.0000
          8.7579
         14.2571
         27.2286
         14.7485
          8.8102
          5.9989
         10.6749
         -0.7449
         20.5800
         55.6503
        114.6673
         37.0777
          0.0000
          8.6535
         15.9933
          1.8630
         -8.9062
          0.0000
          7.4953
          0.0000
          0.0000
          0.0000
          0.0000
          0.0000
          0.0000
          0.0000
          0.0000
          0.0000
          0.0000
          0.0000
          0.0000
          7.0683
          6.7149
         -1.0562
          0.0000
          0.0000
          0.0000
         13.6349
          8.0890
          1.1353
        -10.9752
         -8.1681
          0.0000
          0.0000
          0.0000
          0.0000
          0.0000
          0.5179
         10.0144
          5.8116
         42.8164
          0.0000
         21.6197
         53.3174
          7.1751
          7.5987
        165.0160
        128.3502
         -2.3783
          0.0000
          0.0000
          0.0000
          0.0000
          0.0000
          0.0000
          0.0000
        -10.9508
         -3.4401
          0.0000
          0.0000
          0.0000
          0.0000
          0.0000
          0.0000
        -12.7077
          0.0000
          0.0000
          0.0000
          0.0000
          0.0000
          0.0000
          0.0000
          0.0000
          0.0000
          0.0000
          0.0000
          0.0000
          0.0000
          0.0000
          0.0000
          0.0000
          0.0000
          0.0000
          0.0000
          0.0000
          0.0000
          0.0000
          0.0000
          0.0000
          0.0000
          0.0000
          0.0000
          0.0000
          0.0000
          0.0000
          0.0000
          0.0000
         15.9665
         25.8222
         27.5231
          8.9089
          0.0000
          0.0000
          0.0000
          0.0000
          0.0000
          0.0000
          0.0000
          0.0000
          0.0000
          0.0000
          0.0000
          0.0000
          0.0000
          0.0000
          0.0000
          0.0000
          0.0000
          0.0000
          0.0000
          0.0000
          0.0000
          0.0000
          0.0000
          0.0000
          0.0000
         11.9555
          0.8392
          0.0000
          0.0000
          0.0000
          0.6435
          0.0000
          0.0000
          0.0000
          0.0000
          0.0000
         55.1727
         17.0049
         23.5190
         10.9950
          8.5780
          6.9990
         -7.8270
          0.0000
          0.0000
          0.0000
          4.6107
          0.2564
          1.1743
          3.1071
          4.5401
          0.0000
          0.0000
          0.0000
          0.0000
          0.5241
          8.5120
          7.0843
          0.0000
          0.0000
          0.0000
          0.0000
          0.0000
          0.0000
         17.5667
         91.0154
          0.0000
          0.0000
          0.0000
          0.0000
          0.0000
          0.0000
          0.0000
          0.0000
          0.0000
          0.0000
         49.0153
          0.0000
          0.0000
          0.0000
          0.0000
          0.0000
          0.0000
          0.0000
          0.0000
          0.0000
          0.0000
          0.0000
          0.0000
          0.0000
          0.0000
          0.0000
          0.0000
          0.0000
          0.0000
         -1.9605
          0.0000
          0.0000
          0.0000
          0.0000
          0.0000
          0.0000
          0.0000
          0.0000
          0.0000
          0.0000
          0.0000
          0.0000
          0.0000
          0.0000
          0.0000
          0.0000
          0.0000
          0.0000
          0.0000
         16.0497
          5.8964
         30.1745
         45.5072
          0.4664
         -4.8894
         16.3645
          0.0000
        105.3295
         41.0188
          3.8774
          0.0000
          2.4941
          8.2455
          3.9205
          0.0000
        191.8798
        117.1646
          0.0000
          0.0000
          8.8347
          5.3669
          3.5372
          0.0000
          0.0000
          0.0000
          0.0000
         17.2630
         15.3049
          0.0000
          0.0000
          0.0000
          0.0000
          0.0000
          0.0000
          0.0000
          0.0000
          0.0000
          0.0000
          0.0000
          0.0000
          0.0000
          0.0000
          0.0000
         10.7864
          9.6431
         -5.4512
         39.5371
         27.5186
          0.0000
          0.0000
          0.0000
          2.1377
          3.9230
         10.5914
          0.0000
          0.0000
          0.0000
          0.0000
          0.0000
          1.7445
          0.4976
          0.0000
          0.0000
          0.0000
          0.0000
          0.0000
          0.0000
          0.0000
          0.0000
          0.0000
          0.0000
          0.0000
          0.0000
          0.0000
          0.0000
          0.0000
          0.0000
          2.2234
          0.0000
          0.0000
          0.0000
          0.0000
          0.0000
          5.7629
          2.9929
          1.8300
         28.7137
         67.3455
          0.0000
          0.0000
          0.0000
         24.3540
         65.4256
          2.2707
          0.0000
          2.5770
          0.0000
          0.0000
          0.0000
          0.0000
          0.0000
         15.2640
          9.5951
         -4.5844
          0.0000
          0.0000
          0.0000
          0.0000
          0.3938
          0.7116
          0.0000
          0.0000
          0.0000
          0.0000
          0.0000
          0.0000
          0.0000
          0.0000
          0.0000
          0.0000
          0.0000
          0.0000
          0.0000
          1.2906
         -0.2718
          1.7902
          0.0000
          0.0000
          0.0000
          0.0000
          2.6966
          5.5054
          8.3737
          4.5447
          0.0000
          0.0000
          0.0000
          0.0000
          0.0000
          5.2580
         13.9752
         19.3521
          0.0000
          0.0000
          0.0000
          0.0000
          0.0000
          0.0000
          0.0000
          4.0010
          0.0000
         19.6428
         16.1336
          8.9444
          0.0000
          0.0000
          0.0000
          0.0000
          0.0000
          0.0000
          0.0000
          0.0000
          0.0000
          0.9487
          0.0000
          0.0000
          0.0000
          0.0000
          0.0000
          0.0000
          0.0000
         -0.3437
         -0.1902
          0.0000
          0.0000
          0.0000
          0.0000
          0.0000
          0.0000
          0.0000
          0.0000
          0.0000
          0.0000
          0.0000
          0.0000
          0.0000
          0.0000
          0.0000
          0.0000
          0.0000
          0.0000
          0.0000
          0.0000
          0.0000
         18.7807
          3.0174
          0.0000
          0.0000
          0.0000
          0.0000
          0.0000
         14.1697
         33.9121
         15.4702
         46.2846
         41.4421
          3.3587
          0.0000
          0.0000
          0.0000
          0.0000
          0.0000
          0.3609
          4.2741
          0.0000
          6.5392
         35.6098
          0.0000
         25.3668
         76.0229
         40.1440
         65.7692
         71.0717
          0.0000
          0.0000
          0.0000
          0.0000
          0.0000
          0.0000
          0.0000
          0.0000
          0.0000
          0.0000
          0.0000
          0.0000
          0.0000
          2.0008
         13.5273
         13.5821
        104.8686
          0.0000
          0.0000
         10.1289
         33.3197
         11.6460
         -4.7849
          0.0000
         -8.4463
         -0.5211
          0.0000
          0.0000
          0.0000
          0.0000
          0.0000
          0.0000
          0.0000
          0.0000
          0.0000
         12.0274
          5.7862
         -0.6055
          6.4445
          0.0000
          0.0000
          0.0000
          0.0000
          0.0000
          0.0000
          0.0000
        186.9710
          0.0000
          0.0000
          0.0000
          0.0000
          5.1565
          9.0834
          0.0000
          0.0000
          0.0000
          0.0000
          0.0000
          0.0000
         83.5135
        175.8319
         93.4262
         13.6721
          0.0000
          5.8928
          0.0000
          0.0000
          0.0000
          2.6369
        171.0001
        174.3856
        199.0415
          0.0000
          0.0000
          0.0000
          0.0000
          0.0000
          0.0000
          0.0000
          0.0000
         55.9737
          0.0000
          0.0000
         12.5274
          0.0000
        161.8625
          0.0000
          0.0000
          0.0000
          0.0000
          0.0000
          0.0000
         10.0316
          2.6479
         -2.7651
         51.9299
          0.0000
          0.0000
          0.0000
          0.0000
          0.0000
          0.0000
          0.0000
          0.2252
          4.4149
          0.0000
          0.0000
         27.5431
         21.8729
          7.2883
         31.3842
         78.4288
          0.0000
          0.0000
          0.0000
          6.6962
          0.0000
          0.0000
          0.0000
          0.0000
          0.0000
          0.0000
          1.1953
          0.6647
          0.0000
          8.2109
         20.4572
          0.0000
          0.0000
          0.0000
          0.0000
         32.4736
         29.9923
          7.7377
         18.8790
         26.4194
        200.3686
         52.8290
          0.0000
          1.4956
         -6.7178
         -1.0577
         11.0615
         -0.4436
         43.8788
          0.0000
          0.0000
          6.4034
          6.8757
          4.4950
         11.7233
         38.7408
         25.6040
          0.0000
          0.0000
          0.0000
          0.0000
          0.0000
          1.1313
          0.0000
         75.8539
         44.5796
          0.0000
          0.0000
          0.0000
          8.0520
         13.9788
         18.8180
        121.2897
         49.5985
          0.0000
          0.0000
          0.0000
          0.0000
          0.0000
          0.0000
         -3.6541
          0.0000
          0.0000
          0.0000
          0.0000
          0.0000
          0.0000
          0.0000
          0.0000
          0.0000
          0.0000
          0.0000
          0.0000
          0.0000
          3.2645
         23.7069
         13.4504
        -21.6091
          0.0000
          0.0000
          0.0000
          0.0000
          0.0000
          5.1750
          1.7995
         -0.6669
          8.1057
         13.1480
         11.1692
          0.7980
          7.0492
        -13.7850
         -9.7037
          0.0000
          0.0000
          0.0000
          0.0000
          0.0000
          0.0000
          0.0000
          0.0000
          0.0000
          0.0000
          0.0000
          0.0000
          0.0000
          0.0000
          0.0000
          0.0000
          0.0000
          2.4745
          0.0000
          0.0000
          0.0000
          0.0000
          0.0000
          0.0000
          0.0000
          0.0000
          0.0000
          0.0000
          0.0000
          0.0000
          0.0000
          0.0000
          0.0000
          0.0000
         14.0204
         20.8453
         16.9753
          5.5705
         47.8790
        187.6986
         71.5915
         19.1280
          0.0000
          0.0000
         10.6491
         11.0533
          9.6358
        114.6414
          0.0000
          0.0000
          9.9864
          2.7712
          3.4707
         12.5040
         -1.7380
         -5.7534
         10.5703
          9.3894
          0.0000
          0.0000
          0.0000
          0.0000
          6.6328
         -2.3671
         -2.3491
          0.0000
          0.0000
          0.0000
          0.0000
          0.0000
          0.0000
        -10.5409
         -3.1626
          0.0000
         26.7160
         10.5966
         -8.4546
        225.8835
        256.1167
        273.7569
          0.0000
          0.0000
          0.0000
          0.0000
          0.0000
          0.0000
         19.7854
          3.6680
        -12.0163
          2.0135
          0.0000
          0.0000
          0.0000
          3.9271
          5.9090
          0.0000
          0.0000
          0.0000
          0.0000
          0.0000
          1.2930
          7.8850
         53.0433
        150.4487
         12.8567
        -20.1929
         59.2827
         87.1327
         27.5435
        140.4521
        206.9196
        157.1715
          0.0000
          0.0000
          0.0000
          0.0000
          0.0000
          0.0000
         -7.9991
        -17.8246
        -16.3027
          0.0000
         15.7453
          0.6925
         26.8286
         96.0188
        171.0781
        137.3587
          0.0000
          0.0000
          0.0000
          0.0000
          0.0000
          0.0000
          0.0000
          0.0000
          0.0000
          0.0000
          0.0000
          0.0000
          0.0000
         -4.6180
          0.0000
          0.0000
        111.0791
         58.4566
          6.0651
          0.0000
          0.0000
          0.0000
          0.0000
         14.7768
          0.0000
          0.0000
          0.0000
          0.0000
          0.0000
         13.7617
         54.2676
        151.8220
        152.2787
         45.2378
         10.4136
         11.0189
        109.2459
        135.7696
        129.3590
         79.3535
          0.0000
          0.0000
          0.0000
          0.0000
          0.0000
          0.0000
         17.4493
         18.8005
          9.9681
         25.1109
        110.5069
        155.2352
         74.9677
         21.7962
         39.1886
          0.0000
          0.0000
          0.0000
          0.0000
          0.0000
          0.0000
          0.0000
          0.0000
         -2.8493
          0.0000
          0.0000
         12.6572
         11.5478
          4.4809
         12.1517
          8.7860
          0.0000
          0.0000
          0.0000
          0.0000
          0.0000
          0.0000
          0.0000
          1.7976
         -0.0514
          0.0000
          0.0000
          0.0000
          0.0000
          0.0000
          0.0000
          0.0000
         -6.0414
         -1.4515
          0.0000
          0.0000
          9.6343
         34.7217
         78.3271
        144.9665
        119.3367
         36.7866
          0.0000
          0.0000
          0.0000
          0.0000
          0.0000
          0.0000
          0.0000
          0.0000
          0.0000
          0.0000
          0.0000
          0.0000
          0.0000
          0.0000
         -9.0338
         -1.0873
          0.0000
          0.0000
          0.0000
          0.0000
          0.0000
          0.0000
         -9.0687
         -0.4367
          0.0000
          2.0477
          3.4718
          4.1318
         13.0624
         16.6440
        -17.2030
          0.0000
          2.6045
         21.9637
          9.9861
          2.4389
         19.5936
         59.7646
         53.7516
          0.0000
          0.0000
          0.0000
          0.0000
          0.0000
         20.7568
         31.3286
          7.6723
         -5.5099
         12.9992
          4.6718
          0.0000
          0.0000
          0.0000
         22.8489
          2.8130
         -3.9326
         16.2949
          3.5668
          2.1488
         18.6769
         22.7714
         28.4219
        110.6012
         11.0659
         11.4288
         14.2695
          2.9569
          1.7070
         31.3211
         67.9485
         42.5676
         30.0513
         10.8298
         -6.0400
          3.4777
          3.0532
        -11.1958
        111.2446
        121.6101
         -9.0550
          0.0000
          6.8516
          0.0000
         31.8608
          8.2804
          0.0000
          0.0000
          0.0000
          3.3297
          2.0428
          0.0000
          0.0000
          0.0000
          0.0000
         -6.9470
         -1.8678
          0.0000
         33.7657
          6.2458
        -19.4264
         58.5953
        240.5136
         36.3167
          0.0000
          0.0000
         49.9234
         31.3250
         89.3041
        109.8267
        126.6711
         20.0581
          0.0000
          0.0000
          0.0000
          0.0000
          0.0000
          0.0000
          0.0000
         25.5791
         25.0405
         -5.0891
        -14.4900
        -20.0872
         -7.1492
          6.8504
          0.0000
          0.0000
          0.0000
         11.9391
         24.6366
         12.7884
         -8.4460
          3.6020
        191.3745
        202.0064
          0.0000
          0.0000
          0.0000
          0.0000
          0.0000
          7.7918
         -2.5974
          7.8119
         -3.6917
         34.0061
         87.0664
         39.4926
          0.0000
          0.0000
          0.0000
          0.0000
          0.0000
          0.0000
          0.0000
          0.0000
          0.0000
          0.0000
          0.0000
         31.1348
         -0.1959
          2.7497
         21.6796
         27.7499
         23.6266
         -1.4117
        131.5660
         72.8340
          0.0000
          0.0000
          0.0000
         17.3271
         19.9451
         20.5055
          4.2498
         13.1861
         34.3985
         10.2203
         26.1247
         79.2849
          2.5007
          0.0000
          0.0000
         -1.0483
          0.0000
          0.0000
          0.0000
          0.0000
          0.0000
          5.6637
          8.7277
          0.0000
          0.0000
          3.3838
         18.7074
          4.9535
          8.4290
         -6.8708
        -18.9351
          0.0000
          0.0000
          0.0000
          9.0173
         15.7911
         23.1766
         19.3120
         24.8593
         67.5215
          6.2819
         -3.4240
          3.1343
         13.1998
         20.1590
         36.3873
         86.2020
        134.0073
          0.0000
          0.0000
          0.0000
          3.6249
         27.2237
         17.3899
         95.5829
        135.3933
          2.3376
          0.0000
         10.1822
         -5.4833
         -7.7726
          1.1196
          5.4959
         -2.4681
          0.0000
          0.0000
          0.0000
          0.0000
          0.0000
          7.0694
          5.3186
         -0.5203
          0.0000
          0.0000
          0.0000
          0.0000
          8.0689
         20.8952
          0.0000
          0.0000
          0.0000
          0.0000
         41.6109
         12.2666
          3.5016
         56.7568
        152.8375
          6.8416
          0.0000
         14.5082
         25.4772
          7.3032
          0.0000
         12.3255
          0.0000
          0.0000
          0.0000
          0.0000
          0.0000
          8.1697
         14.7412
         18.2167
         41.3096
         37.2050
         37.2050
          5.0435
          5.0435
          7.8184
          8.5844
         20.7001
         16.5613
         21.0113
         25.3956
          0.0000
          0.0000
          0.0000
          0.0000
         10.5497
         40.8246
         63.8668
         -3.3632
         31.2562
         24.2541
          8.8000
          7.3601
          4.5630
          0.0000
          0.0000
          0.0000
          0.0000
         21.7493
         21.5338
          7.0811
         23.7802
         73.5398
         46.4932
          0.0000
          0.0000
         14.0151
         15.3929
         25.9459
         56.6376
         92.4339
          0.0000
          0.0000
          0.0000
          2.8613
         18.7692
          6.5921
         14.2972
         18.9248
         47.5750
          3.4145
          0.0000
          0.0000
          0.0000
          0.0000
          4.7514
          3.1407
         -2.7852
          1.3596
         24.1107
         21.9140
         17.0298
         20.2155
         24.3563
         16.0483
         -0.4770
          0.0000
         35.1695
         77.1580
         36.2162
         92.9108
         57.9181
         62.2562
          0.0000
          0.0000
          0.0000
          0.0000
         10.1945
         14.0565
         38.1838
         68.9292
          0.0000
          0.0000
          0.0000
          0.0000
          8.8699
         10.8793
         70.5457
        131.3183
         31.8315
          0.0000
          0.0000
          0.0000
          0.0000
          0.0000
          0.0000
          0.0000
          0.0000
          0.0000
          0.0000
          0.0000
          0.0000
          0.0000
          0.0000
          7.4804
         16.1711
         17.4669
          0.0000
          0.0000
          2.4639
          3.0790
          8.8376
         27.4046
         72.1839
          4.2401
          0.0000
          0.0000
          0.0000
          0.0000
          1.1519
          0.0000
         -2.3620
          0.0000
          2.6288
         11.9788
        -14.3272
        -16.8397
         -5.5016
          0.0000
         51.4178
         49.7556
          0.0000
          0.0000
          0.0000
          0.0000
          0.0000
          0.0000
          1.8616
         47.7803
          0.0000
          0.0000
          0.0000
          0.0000
          0.0000
          0.0000
          0.0000
         51.7845
         83.7691
         46.8187
          8.1873
          0.0000
         -2.4744
          0.0000
        108.8673
        100.8193
          4.4398
          0.0000
          0.0000
          0.0000
          0.0000
          0.0000
          0.5136
         59.6048
          2.8804
          7.5090
          4.4756
          0.0000
         -0.0807
          0.0000
         -0.4501
         19.6811
          0.0000
          0.0000
          3.2909
          0.0000
          8.6307
          3.3150
         21.5731
         95.4288
         98.4779
         68.6423
         18.6324
        -12.1667
         12.6754
        127.5067
         59.4139
          6.0618
          0.0000
          7.7257
         22.6995
          7.0475
         22.4884
         68.4371
         83.6998
          0.0000
          0.0000
          0.0000
          0.0000
          0.0000
         14.7509
          5.8415
        -13.3720
          0.0000
          0.0000
          0.0000
          0.0000
          1.8082
         19.1412
         17.9022
          2.9417
          0.0000
          0.0000
          0.0000
          0.0000
          0.0000
          0.0000
          0.0000
          0.6367
          0.0000
          0.0000
          0.0000
          0.0553
          3.0160
         10.0513
          9.0894
          6.8021
         10.9973
          6.0836
         13.6330
          0.0000
          0.0000
         16.3633
         22.7735
        126.8573
        131.9416
         27.4878
          9.5863
         13.3520
         16.2197
          8.7242
          0.0000
          0.5451
         70.6515
         15.6749
         21.0439
         35.8623
         42.5718
        -29.1539
         90.2285
         30.7107
          3.7051
          1.8710
          5.6394
          5.2081
         13.7487
         41.0188
        154.6617
         35.3310
          0.0000
          0.0000
          0.0000
          5.9743
         20.8608
          3.0036
         18.7386
         21.4024
          0.0000
          0.0000
          0.0000
          0.0000
          0.0000
          0.0000
          0.0000
          0.0000
          0.0000
          0.0000
          0.0000
          0.0000
          0.0000
         11.0432
         16.5420
         12.1688
         13.5870
         -0.0042
          0.2849
          1.2879
          0.0000
          0.0000
          0.0000
         -0.8758
          0.0000
          0.0000
          0.0000
          0.0000
          0.0000
          0.0000
          0.0000
         -6.4906
         -0.5948
          0.0000
          0.0000
          0.0000
          0.0000
          0.0000
          0.0000
         -0.5823
          0.0000
          0.0000
          0.0000
          0.0000
          0.0000
          0.0000
          0.1335
         -3.8244
         -0.9897
          0.0000
          0.0000
          0.0000
          0.0000
         25.2082
          2.6219
          0.0000
         60.6829
         85.8991
         76.3390
          0.0000
          0.0000
          0.0000
          0.0000
          0.0000
          0.0000
          0.0000
          0.0000
          0.8662
          0.2358
          2.9092
         21.7029
         36.4731
          0.0000
          0.0000
          5.0834
         10.9457
         -0.7993
         12.5264
         10.6971
        110.9807
         16.2602
          0.0000
          0.0000
          0.0000
          0.0000
          0.0000
          3.8131
          1.2746
          0.4502
         11.2318
         17.2956
         13.7080
         18.6190
         22.4557
         23.8932
         23.1826
          0.0000
          0.0000
          0.4263
          1.4882
         10.5032
         23.0251
         44.9548
          6.7778
          0.0000
         16.8085
         33.5020
         18.9817
          2.0402
         -2.2540
          0.0000
          0.0000
          0.0000
          0.0000
         23.7652
          9.3317
         -6.4675
         36.3961
        127.4455
         66.7188
          0.0000
          0.0000
          0.0000
          4.1642
          1.3220
         18.8807
        117.4241
          0.0000
          0.0000
          0.0000
          0.0000
          0.0000
          0.0000
          0.0000
          0.0000
          0.1515
         -1.1971
          0.0000
          0.0000
          0.0000
          0.0000
          0.0000
          0.0000
         -4.7812
          0.0000
          0.0000
          0.0000
          0.0000
          0.0000
          2.8609
          1.8779
         81.9854
         95.6560
         35.8566
         12.8090
          1.1589
         -8.9482
        -27.2877
         29.1137
        136.1140
        170.3995
        115.9986
          0.0000
          0.0000
          0.0000
          0.0000
          0.0000
          0.0000
          0.0000
          0.0000
         -1.9490
         -4.4033
          8.2490
          1.5120
         51.8497
        117.5227
         73.2526
         -2.3407
        -20.0501
        -18.6928
        -19.3614
        -22.2613
        -13.9153
         28.1590
         20.2905
          6.5839
         33.8832
         22.7434
        -12.4053
          6.6229
          2.0770
         71.5383
         37.4226
          0.0000
          2.7963
          0.0000
         29.3376
         32.8692
          0.0000
         -1.5215
          0.0000
          1.7945
          3.2164
         11.1927
         12.2487
          2.5326
        -17.5232
        -32.9392
         -3.5897
         74.8379
        228.8977
         89.3026
         29.7104
         48.2243
         44.7554
        277.4146
        270.3067
        129.9376
          0.0000
          0.0000
          2.7531
         17.8534
          6.0656
         96.3286
        102.2827
         11.7879
        -17.1353
         -7.9958
         -7.8972
          7.0110
          8.4448
         74.3064
         73.5910
         -2.2446
          0.0000
          0.2102
          1.5451
         11.7629
        133.3125
         -0.4345
         -1.0799
          0.0000
         20.3680
         31.5934
          0.9392
          0.0000
          0.0000
          9.2320
          0.0000
          0.0000
          6.2181
         10.2395
         -1.1591
          1.3195
         99.4038
         51.8906
          0.0000
          0.0000
          0.0000
          0.0000
          0.0000
          0.0000
          0.0000
         52.2009
         10.3677
        -12.1478
        -16.6955
        -12.6047
          0.9798
         -1.7288
        -28.5813
         36.8261
         67.7203
         27.5399
         -4.6506
         19.3815
         25.7157
         -4.2798
         -1.6247
        103.9056
          0.0000
          0.0000
          7.3818
         13.0796
          1.6474
          8.5533
         15.8339
         87.7004
         12.3038
         16.0445
         20.0616
         23.6173
         47.7634
         82.6002
          0.0000
          0.0000
          0.0000
          0.0000
          0.0000
          0.0000
          0.0000
          0.0000
          0.0000
          0.9921
          3.2040
          5.5136
          2.7593
         21.6586
         38.6603
         25.4307
         20.0361
         55.2387
         38.0474
         -0.7244
        -11.0938
          9.2396
         47.1962
          2.7444
         -5.1070
         26.3960
        118.5613
         19.9545
         12.3208
         10.6324
          9.7912
          9.5312
         35.6221
         79.9325
          0.8222
         20.0552
         13.2712
          9.1531
         21.8210
        -18.1243
         55.2662
         85.3700
        133.8262
          0.0000
         51.1438
          0.0000
         20.3958
         27.6338
          7.9388
        -14.2707
         26.0671
         34.0662
         24.3712
         -3.1723
          8.2366
         -1.3625
        -13.4500
         16.1574
         37.8948
         10.9511
         16.0281
         16.0572
        -24.6707
        -57.2135
          2.0975
          6.9587
          0.0000
          0.0000
          0.0000
          0.0000
          9.0245
         39.0267
         87.7785
         34.3992
          0.0000
          0.0000
          0.0000
          0.0000
          0.0000
          0.0000
          0.0000
          9.0328
         24.6847
          6.1462
         46.1448
          0.0000
          0.0000
          0.0000
          0.0000
         46.8795
         80.5691
        117.4301
         90.0070
         71.5508
         25.1155
        -11.5652
         -8.5833
        145.1623
        189.5187
        126.0227
        186.5551
        159.4449
        118.3618
         29.9809
          0.0000
         -8.1498
          0.0000
          0.0000
          0.0000
          0.0000
          0.0000
          0.0000
          0.0000
         -4.7165
          0.0000
          0.0000
          0.0000
          0.0000
         11.7957
          1.3023
          0.0000
          0.0000
          0.0000
          0.0000
          0.0000
          0.0000
          0.0000
          0.0000
          0.0000
         18.5597
         59.7099
          8.8904
         22.5908
         37.8339
        109.7244
        143.9413
        223.8854
        112.8699
          0.0000
          0.0000
          0.0000
          0.0000
          7.5227
         10.3795
        129.0102
          0.0000
          0.0000
          0.0000
          0.0000
          0.0000
          0.0000
         15.6776
         52.4998
         62.0305
         22.9970
          5.8091
         -9.3751
          0.0000
         42.1096
         99.5801
        107.7543
         77.8334
         71.5556
          0.0000
          0.0000
          0.0000
          0.0000
          0.0000
          0.0000
          0.0000
          0.0000
          0.0000
          0.0000
          0.0000
          0.0000
          0.0000
          0.0000
         -6.4378
         -0.6273
          8.3471
         -0.7727
          4.8660
          0.8830
          5.6874
          5.2368
          4.2614
         -3.0594
         15.5174
          5.6440
          0.0000
          0.0000
          0.0000
          0.0000
          0.0000
          0.0000
          0.0000
          8.9155
          2.8490
          0.0000
          0.0000
          0.0000
          0.0000
          0.0000
          1.3338
         14.4309
         13.3031
          4.6923
         -1.7903
         -0.3830
          0.0000
          0.0000
          0.0000
         31.8401
         17.3696
         -1.2929
          6.6347
          2.4243
          0.0000
         29.7945
         10.8884
          4.6411
          3.5078
          0.0000
         14.9780
         10.6069
          3.0432
         30.8363
         71.7938
        103.7129
          9.1461
         37.3526
         16.8736
         19.9532
         24.5755
          0.0000
          0.0000
          0.0000
          0.7803
          5.2811
         15.0220
         41.0466
         -3.6622
          0.0000
          0.0000
          1.1938
          9.5204
          0.0000
          5.1060
          2.0315
          4.0870
         24.2585
         24.5605
         16.6364
          9.3690
        105.8895
        104.8614
         15.6809
          6.9025
          3.8555
          4.8429
         -3.2678
         -7.7800
         73.7128
        138.9848
         41.7710
          0.0000
          0.0000
          0.0000
          0.0000
          0.0000
          0.0000
          0.0000
          0.0000
          0.0000
         40.6882
          0.0000
          0.0000
          0.0000
          0.0000
          0.0000
          0.0000
          0.0000
          0.0000
          0.0000
         13.1105
         31.2435
         20.6806
         28.8788
        142.7039
          0.0000
          0.0000
          0.0000
          0.0000
         28.9811
          3.1820
          0.0000
         66.7681
         65.1566
          0.0000
          0.0000
          7.5610
         15.4763
          7.3984
         26.3975
         91.2589
         84.6531
          0.0000
          0.0000
          0.0000
          3.8828
         25.7848
         19.4338
         11.4128
         22.7066
         -9.2736
          0.0000
          0.0000
          0.0000
          0.0000
          9.2550
          2.7615
         42.8655
         39.1916
          4.5402
          0.0000
          0.0000
          0.0000
          4.5799
          1.4062
         76.7038
          0.0000
          0.0000
          0.0000
          0.0000
          0.0000
          9.6553
         10.4349
         -0.1707
          0.0000
          3.0818
         13.7148
         15.4987
          8.7240
         30.6861
         56.3980
         37.0823
         -7.7531
          0.0000
         50.2980
         17.8815
          1.5395
         26.6451
         43.7468
          0.0000
          0.0000
          0.0000
         20.2264
         16.4336
          0.0000
         18.3748
        151.9580
          0.0000
          0.0000
          0.0000
          3.3032
          4.7513
          0.0000
          5.7763
          1.0040
         51.3876
          0.0000
          0.0000
          9.2080
          0.4335
          7.8532
         15.6803
          1.5038
          4.4217
         13.6811
         49.2054
         87.4649
         28.2041
        -11.2597
         18.2664
         73.1869
         26.1451
         82.2152
          9.3107
         -0.7330
          9.0238
         41.9333
         81.3054
         33.4326
         -1.8336
          6.8653
          0.0000
          0.9262
          2.7856
         38.8809
         19.8254
         17.3040
         17.1190
         53.3526
         46.5409
         65.2277
         41.3657
         70.0540
         96.5317
         50.3538
         -1.2955
          0.0000
          2.7349
          4.2748
          2.0554
          0.0000
          7.3419
         17.2239
        109.4920
        171.1580
        111.3279
          0.0000
          0.0000
          0.0000
          1.7587
         -0.2646
         -1.9507
          0.0000
          0.0000
          0.0000
          0.0000
          0.0000
          2.1481
          1.9335
          9.9557
          0.0000
          0.0000
          9.0840
          0.0000
          3.0555
        -14.2338
         43.2169
          0.0000
          0.0000
          0.0000
         36.5094
         59.2252
         89.6218
        135.9103
        221.2533
          0.0000
          0.0000
          0.0000
          0.0000
          0.0000
          0.0000
          7.9993
          6.6088
          0.0000
          0.0000
          0.0000
          0.0000
          0.0000
          1.6844
         19.8857
         43.3447
         80.4869
         -7.9544
          0.0000
         23.6732
         17.1576
         30.0105
         11.4589
         -2.1728
         -4.4838
          0.0000
          0.0000
          3.8067
         14.0916
         42.4334
         48.6297
        129.9174
         36.3870
          0.0000
          0.0000
          0.0000
          0.0000
          0.0000
         14.2627
         82.7218
         62.1429
         -0.6609
          0.0000
          0.0000
          0.0000
          0.0000
          0.0000
          0.0000
         -3.7227
          0.0000
          0.0000
          7.4179
         13.8842
         12.8660
         11.6318
          0.4906
         -1.8454
          3.1400
         18.2834
         35.5410
         31.6077
         20.2624
         20.4990
         16.3668
          0.0000
          0.0000
          0.0000
          0.0000
          0.0000
          0.0000
          2.7297
          4.7897
         -1.0212
         -0.0235
          0.0000
          0.0000
          0.0000
          6.2813
         64.0844
         32.4454
          0.0000
         13.1106
         54.5821
          8.6063
          6.3250
          0.0000
          1.1163
          2.4986
          1.5463
         41.0263
         29.5643
         18.6446
         18.8391
         25.5643
         13.2210
         -3.4178
         10.7609
         15.8868
         36.4404
        134.0399
        173.8770
        180.7246
        160.8141
        178.9653
         -2.3818
          0.0000
          0.0000
          0.0000
          0.0000
          0.0000
          0.0000
          0.0000
         -2.0055
          0.0000
          5.9430
          0.0000
          0.0000
          0.0000
         21.0488
         43.1975
         93.5589
         73.0142
          5.9578
         -4.9927
          0.0000
          0.0000
          0.0000
         59.1018
        110.0009
          0.0000
          0.0000
          0.0000
          0.3858
          0.0000
          7.3864
          9.2379
         70.5830
          0.0000
          0.0000
          1.6679
         10.9465
          5.5379
         22.1191
         40.3627
         29.3310
         23.2634
         38.6515
         40.5070
         -1.3900
         -6.0275
          7.9743
         16.8904
         25.2867
         12.1946
         24.4174
         59.5757
        112.6504
         28.0005
         17.1850
         33.8803
         79.3564
          0.0000
          0.0000
          5.0768
         11.0082
          3.7326
          9.7185
          5.5987
         14.2056
         77.0221
         22.3702
         37.3693
          3.5466
          6.7782
         -3.0651
         -0.3705
         -2.9462
          0.0000
          0.0000
          3.0660
         14.9673
          6.9824
         10.5023
          9.5781
         37.0937
          0.0000
          0.0000
          0.0000
          0.8915
         12.3298
          7.0050
         10.0689
         12.9070
          0.5301
          0.0000
          0.0000
          0.0000
          0.0000
         17.9532
         22.7142
         19.8357
         -2.3353
          0.0000
          9.8828
         10.9971
          1.5575
          6.9478
         24.9322
          6.5166
         17.7791
         13.0722
          9.0899
          4.2939
         -0.0751
          7.5907
         18.3043
        155.2872
          0.0000
          0.0000
          8.0668
          3.1934
          1.3384
         -3.7765
         -0.9859
          0.0000
          0.0000
          0.0000
          8.1379
          6.6797
          0.0000
          0.0000
          0.0000
         -2.7793
          0.0000
          0.0000
          0.0000
          2.7213
          0.6101
          2.2521
          0.2669
          0.0000
          0.0000
         13.8551
         15.5278
         22.8586
         34.0519
         30.3955
         17.2013
          0.0000
          0.0000
          0.0000
         13.1770
         27.2402
          6.4225
         -5.7501
         29.5650
         30.3320
          0.0000
          2.4074
          0.0000
          0.0000
          0.0000
          0.0000
          0.0000
         -3.2648
          0.0000
          0.0000
          0.0000
          0.0000
         16.2368
         18.3845
         27.0145
         31.9244
          0.0000
          0.0000
         16.2817
         22.5015
         -4.4587
        -16.6672
         -1.7843
         36.1135
          0.0000
          0.0000
         23.0112
         35.3455
         22.7757
          0.0000
          0.0000
          0.0000
          0.0000
          0.0000
          0.0000
          0.0000
          0.0000
          0.0000
          0.0000
          0.0000
          0.0000
          0.0000
         16.2211
          5.5676
         17.6063
         40.5288
         14.6328
          2.2182
          0.0000
          0.0000
          0.0000
          0.0000
          9.4430
         18.9041
         25.6430
         68.2008
          0.0000
          0.9115
         14.5913
          5.1358
          0.0000
          0.0000
         -0.8858
          9.0158
         -2.4749
         10.0297
          0.0000
          0.0000
          0.0000
          0.0000
          0.0000
         -2.0001
          4.1447
          4.3332
          0.0000
          0.0000
          0.0000
          0.0000
          8.0921
          9.1370
          8.3698
         12.7245
         12.6587
         12.1794
          4.1447
         29.7369
        109.8625
        150.4325
          8.5969
         16.4001
         20.5733
          1.8682
          4.3405
          6.2930
         -8.0375
         -3.0044
          3.3038
         18.1529
         31.7084
         21.8819
         16.2470
         34.8787
         22.0662
         -7.9370
          0.0000
          0.0000
         40.3607
         39.5273
         25.2373
        110.8139
        163.5487
          0.0000
          0.0000
          0.0000
          0.0000
          0.0000
          0.0000
          5.9500
         -2.4653
          0.1980
         16.5911
          9.5603
          7.2533
         15.6479
         27.3263
         68.2925
        123.9878
         66.6514
          0.0000
          0.0000
          0.0000
          0.0000
          0.0000
          0.0000
          2.2156
         -1.9089
         -2.8479
          0.0000
          5.8567
          2.7094
         -0.5320
          0.3255
         -2.0221
         -9.2907
          0.0000
          0.0000
          0.0000
          0.0000
          0.0000
          0.0000
         20.9812
         16.5387
         -2.5433
         10.9478
         32.2674
         39.2424
         38.8162
         89.7888
        163.2577
         -4.1466
         -0.0989
          0.0000
          0.0000
          0.8521
          0.0000
          1.9710
          7.2234
         12.2691
          0.0000
          0.2059
          0.0000
          0.0000
          1.3467
         15.9954
         12.6553
          6.5004
          2.1057
          2.1569
          4.8319
          0.0000
          0.0000
          4.9062
         -0.4946
         -3.0589
         -0.8481
          0.0000
          0.0000
          0.0000
          0.0000
          0.0000
          0.0000
        -10.7409
          0.0000
          0.0000
          0.0000
          0.0000
          0.0000
          0.0000
          8.9377
          2.1672
         -0.2578
          8.0381
         22.5251
          2.9137
         -0.5846
          8.6153
         11.0221
         24.1466
         37.9986
          2.3077
         17.2582
         13.0073
          2.8610
          0.0000
         -1.0016
         -2.0309
          7.4071
         21.0693
         34.5779
          4.9179
         -3.6585
         14.2838
         14.4088
          7.8199
          7.8552
         17.7934
         14.2266
         32.1345
          6.7296
          5.9797
          4.7870
         13.1738
        113.2811
         20.3567
         15.2285
         17.3089
         18.4962
          4.8114
         -1.0610
         -4.5162
          0.0000
          0.0000
          0.0000
          0.0000
          0.0000
          0.0000
          0.0000
         10.5543
         16.1900
         33.1807
         18.4588
          0.0000
          0.0000
          0.0000
          0.0000
          0.0000
          0.0000
          0.0000
          6.4722
         10.7675
          0.0000
          0.0000
          2.0095
         -0.2643
         -2.0307
          0.0000
          1.3553
          6.5784
          0.0000
          0.0000
          0.6889
         -8.2508
         -0.7382
          0.0000
          0.0000
          0.0000
          0.0000
          0.0000
          0.0000
         -5.6346
          0.7901
         -3.2727
          0.0000
          0.0000
          0.0000
          5.3971
          5.7965
          3.2973
          6.7729
          2.0760
         -3.4555
         -4.3058
          0.0000
          4.5522
         12.4037
          6.6153
         51.0609
          0.0000
          0.0000
          0.0000
          0.0000
          0.0000
          0.0000
         -3.1409
         -0.3432
          7.5768
         10.6792
         34.7697
         75.8533
         90.6449
         19.9898
          0.0000
          0.0000
          0.0000
          0.0000
          0.0000
          0.0000
          0.0000
          4.7757
          0.4591
         -1.2904
          0.0982
          1.9685
          3.4279
          8.2846
          3.3452
         -4.7384
         -3.5223
          7.6157
         13.6363
          0.0000
          0.0000
          0.0000
          0.0000
          0.0000
         36.3310
         91.5778
         -6.2067
          0.0000
          0.0000
          0.0000
          0.7179
         41.4896
         80.8085
         68.2563
         -1.1913
         -1.1825
          0.0000
         67.4980
          9.0806
         -3.1654
         -1.3938
          9.4057
         23.4518
         24.1232
         19.8298
         96.0181
         82.7957
         84.0059
        149.7806
         49.2430
         18.0466
          4.7172
         36.5358
         61.1046
         14.6625
          0.0000
         16.8673
          1.4650
          8.2769
         40.5376
        113.6369
         76.2956
          6.9579
          8.1455
         -2.8846
         -1.6874
          0.0000
          0.0000
          0.0000
          0.0000
          0.0000
        139.8023
        162.4214
          0.0000
          0.0000
          0.0000
          0.0000
          0.0000
          1.1763
          0.5757
         97.5759
        119.0557
          0.0000
          0.0000
          0.0000
          0.0000
          7.2478
         13.1516
         29.9045
         23.4616
         22.4657
         21.1549
         11.6045
        -10.1267
         -0.0315
          0.0000
          0.0000
          0.0000
          0.0000
          0.0000
          0.0000
          0.0000
          0.0000
          0.0000
          0.0000
          0.0000
          0.0000
          0.0000
          0.0000
          0.0000
          0.0000
          0.0000
        131.6164
         42.2022
          0.0000
          0.0000
          0.0000
          0.0000
          0.0000
          0.0000
         24.1745
          0.0000
          0.0000
          0.0000
          0.0000
          0.0000
          0.0000
          0.0000
          0.0000
          0.0000
          0.0687
          9.7667
          0.0000
          0.0000
          0.0000
          0.0000
         22.7763
         22.4754
          2.2157
          0.0000
          0.0000
          0.0000
          2.0766
          0.0000
          0.0000
          0.0000
          0.0000
          0.0000
          0.0000
          0.0000
          0.0000
          0.0000
          0.0000
          0.0000
          0.0000
          0.0000
          0.0000
          0.0000
          0.0000
          0.0000
         36.8608
         29.0778
         18.8709
         23.0909
         -1.4796
          0.0000
          0.0000
          0.0000
          0.0000
          0.0000
          0.0000
          0.0000
          0.0000
          0.0000
          0.0000
          0.0000
          0.0000
          0.0000
          0.0000
          0.0000
          0.0000
          0.0000
          0.0000
          0.0000
          0.0000
          0.0000
          0.0000
          0.0000
          0.0000
          0.0000
          0.0000
          0.0000
          0.0000
          2.9672
          0.0000
          0.0000
          0.0000
          0.0000
          0.0000
          0.0000
          0.0000
          0.0000
          0.0000
          0.0000
          0.0000
          0.0000
          0.0000
          0.0000
         -2.3187
          0.0000
          0.0000
          0.0000
          0.0000
          0.0000
          0.0000
         12.5568
         63.4698
         36.6637
          0.0000
          2.7406
          6.3423
          0.7215
          7.5405
          8.7375
         52.3443
         15.5498
          0.8879
          0.0000
          0.0000
          0.0000
          0.0000
          0.0000
         -2.1949
         -2.2252
          0.0000
          0.0000
          0.0000
          0.0000
          0.0000
          0.0000
          0.0000
          0.0000
          0.0000
          1.0442
          3.3043
          0.0000
          4.5674
         -1.1880
         -7.4178
          0.0000
          0.0000
          0.0000
          0.0000
          0.0000
         22.7674
         17.6865
         18.8049
          0.0000
          0.0000
          0.0000
          0.0000
          2.4684
         30.6530
         53.5934
        153.6517
          4.3996
          0.0000
          0.0000
          2.7180
          0.0000
          0.0000
          0.0000
         -6.9447
          2.3670
         -1.9230
          0.0000
          0.0000
          0.0000
          0.0000
         24.5707
         27.0016
          0.0000
          0.0000
          0.0000
          0.0000
          0.0000
          0.0000
          2.0847
         16.4743
          3.0044
          0.0000
          0.0000
          0.0000
          0.0000
          0.0000
          0.0000
          0.0000
          0.0000
          0.0000
          0.0000
          0.0000
          0.0000
          0.0000
          0.0000
          0.0000
          0.0000
          0.0000
          0.0000
          0.0000
          0.0000
          0.0000
          0.0000
          3.0372
          0.0000
          0.0000
          6.2678
         72.6113
          9.4442
          7.5312
          0.4215
         96.7920
          5.2537
         71.2807
         61.7339
         15.6299
         -3.1139
         10.0731
         26.6970
          4.6165
         24.3537
         -2.7188
          0.0000
          0.0000
          0.0000
          0.0000
          0.0000
         -5.8014
          0.0000
          0.0000
          0.0000
          0.0000
          0.0000
          0.0000
          0.0000
          0.0000
          0.0000
          0.0000
          5.6241
         24.6388
         83.7125
         81.2689
         12.4575
        -15.5707
          7.7086
          5.0988
         11.7042
         16.8328
         33.5418
         36.1055
        168.3648
         59.1281
          0.0000
          0.0000
          0.0000
          6.3581
          0.0000
          8.6786
         12.5451
         -2.2397
         -1.1827
          9.3701
          5.8603
          0.0000
          0.0000
          0.0000
          0.0000
          0.0000
          0.0000
          0.0000
          0.0000
          0.0000
          0.0000
          0.0000
          0.0000
         24.6796
          6.0829
          1.1791
          0.0000
          0.0000
          2.8376
         20.8575
         27.0807
         66.9472
          0.0000
          0.8144
         30.9546
         19.1590
         -4.7216
         -5.3222
          0.0000
         25.4386
          0.0000
          0.0000
          0.0000
          0.0000
          0.0000
          0.0000
          0.0000
         -1.6656
          0.0000
          0.0000
          0.0000
          0.0000
          7.1201
          9.8144
         -2.4708
         -1.4463
         -1.2779
          4.1247
          0.0000
          0.0000
          0.0000
          0.0000
          0.0000
          2.3043
         -0.5912
          0.1685
          0.0000
          0.0000
          0.0000
          0.0000
          3.3594
         -1.5990
          0.0000
          0.0000
          0.0000
          0.0000
          0.0000
          0.0000
          0.0000
          0.0000
          0.0000
          0.0000
          0.0000
          0.0000
          0.0000
          0.0000
          0.0000
          0.0000
          0.0000
          0.0000
          0.0000
          0.0000
          0.0000
          0.0000
          0.0000
          0.0000
          0.0000
          0.0000
          0.0000
          0.0000
          0.0000
          0.0000
          0.0000
          0.0000
          0.0000
          0.0000
          0.0000
          0.0000
          0.0000
          0.0000
          0.0000
          0.0000
          0.0000
          0.0000
         18.3851
         26.5145
          9.7024
          0.0000
          0.0000
         -6.9316
          0.0000
          6.5310
          6.4603
          2.2537
          0.0000
         12.1857
         58.1773
         13.7330
          0.0000
          3.4109
          0.0000
          0.0000
          0.0000
          3.7978
          0.4493
          0.0000
          0.0000
         28.0028
          0.0000
          0.0000
          0.0000
          0.0000
          0.0000
          0.0000
          0.0000
          0.0000
          0.0000
          0.0000
          0.0000
          0.0000
          0.0000
         -3.6582
          0.0000
          0.0000
          0.0000
          0.0000
          0.0000
          0.0000
          0.0000
          0.0000
          0.0000
          0.0000
          0.0000
          0.0000
          0.0000
          0.0000
         26.6971
          6.6420
          0.0000
          0.0000
          0.0000
          0.0000
          0.0000
          0.0000
          0.0000
          0.0000
          0.0000
          0.0000
          0.0000
          0.0000
          0.0000
          0.0000
          0.0000
          2.6911
          0.0000
         -0.8550
          0.0000
          0.0000
          0.0000
          0.0000
          0.0000
          0.0000
          0.0000
          4.1188
          0.0000
          0.0000
          0.0000
          0.0000
          7.2069
         17.4786
          0.0000
          0.0000
          0.0000
          0.0000
          0.0000
          0.0000
          0.0000
          0.0000
          0.0000
          0.0000
          1.6013
          0.0000
          0.0000
          0.0000
          0.0000
          0.0000
          0.0000
          0.0000
          0.0000
          0.0000
          0.0000
          0.0000
          0.0000
          0.0000
          0.0000
          0.0000
          7.0381
          7.5483
          0.0000
          0.0000
          1.1876
          0.0000
          0.0000
         10.6119
          8.9899
          0.0000
          0.0000
          0.0000
          0.0000
          0.0000
          0.0000
          0.0000
          0.0000
          0.0000
          0.0000
          0.0000
          0.0000
         -3.3658
          0.0000
          0.0000
          0.0000
          0.0000
          0.7070
          8.3539
          0.0000
         21.8046
          0.0000
          0.0000
          0.0000
          0.0000
          0.0000
          2.6479
          0.0000
          0.0000
          0.0000
          0.0000
          0.0000
          0.0000
          0.0000
          0.0000
          0.0000
          0.0000
          0.0000
          0.0000
          0.0000
          0.0000
          0.0000
          0.0000
          0.0000
          0.0000
          0.0000
          0.0000
          0.0000
          0.0000
          0.0000
          0.0000
          0.0000
         -3.4115
          0.0000
          0.0000
          9.9548
          8.5304
         12.5508
        135.4460
         44.4977
          0.0000
          0.0000
          0.0000
         33.7685
         25.4347
         34.2732
         23.4219
          0.0000
          0.0000
          0.0000
          0.0000
          0.0000
          0.0000
          0.0000
          0.0000
          0.0000
          0.0000
          0.0000
          0.0000
          0.0000
          0.0000
          0.0000
          0.0000
          6.2149
        -13.9495
          0.0000
          0.0000
          0.0000
          3.7375
          0.7720
        -10.6452
         -0.8111
          0.0000
          0.0000
          0.6000
         19.0185
         14.4960
          3.9085
          6.2859
          0.0000
          0.0000
          0.0000
          0.0000
          0.0000
          0.0000
          3.9089
         24.6923
        153.9108
        112.3073
          0.0000
          0.0000
          0.0000
         28.8628
         33.5955
         15.5052
         13.7191
         70.4637
          0.0000
          0.0000
          0.0000
          0.0000
          0.0000
          0.0000
          0.0000
         -8.1227
          0.0000
          0.0000
          0.0000
          0.0000
          0.0000
          0.0000
          3.1834
         15.7178
         15.7073
          7.2806
          0.0000
          0.0000
          0.0000
          0.0000
          6.5930
         10.0522
          8.7471
         11.7877
         10.6072
          1.0018
          0.0000
          0.0000
          0.0000
          6.9051
          2.6665
          8.8138
         26.0255
          3.3830
          0.0000
          0.0000
          0.0000
          4.0456
         -0.0325
          0.1712
          0.2460
          0.0000
        129.3418
        116.3743
         81.6727
          0.0000
          0.0000
          0.0000
          0.0000
          0.0000
          0.0000
          0.0000
         19.7804
          2.8193
          0.0000
          0.0000
          0.0000
          0.0000
          0.0000
          5.3363
         28.3780
         99.1944
          0.0000
          0.0000
          1.6689
          0.5239
          0.0000
          0.0000
          7.3118
          5.9518
          0.0000
          0.0000
          0.0000
          0.0000
          0.0000
          0.0000
         12.5676
         23.8774
         -5.2268
          0.0000
         11.2258
         13.4411
        157.8798
          8.9056
         21.6634
          5.5358
        -19.0997
         16.9200
         22.4148
         11.4680
         87.5871
        224.5347
        -14.9165
          0.0000
          9.4045
          0.0000
          0.0000
          0.0000
          0.0000
          0.0000
          0.0000
          0.0000
          0.0000
          0.0000
          0.0000
          0.0000
          0.0000
          0.0000
          0.0000
          0.0000
          0.0000
          0.0000
         12.9458
         20.5795
          5.5384
         18.2433
        156.3602
        230.9643
        129.9584
          0.0000
          0.0000
         15.6419
         72.6405
        150.7125
        121.8406
          0.0000
          0.0000
          0.0000
          0.0000
          0.0000
          0.0000
          0.0000
          0.0000
          0.0000
          0.0000
          0.0000
          0.0000
          0.0000
          0.0000
          0.0000
         14.7025
         59.2047
        161.2444
         29.1409
          0.0000
          0.0000
          0.0000
          0.0000
          0.0000
         39.0377
          0.0000
          0.0000
          1.6547
         15.6233
          0.7133
         14.9114
         95.5081
        170.4585
         50.0945
         72.8334
        120.5850
         27.7378
          6.8263
         20.2715
        100.7872
        268.6723
         28.6856
          0.0000
          0.6751
          6.1106
          6.7206
        -11.0270
         85.9177
        430.8049
        325.7005
          0.0000
          2.8479
          0.0000
          0.0000
         10.3313
         -0.3246
        120.5490
        229.7497
         86.4987
         48.0814
         53.1180
        196.0714
        329.6029
        371.7320
          0.0000
          0.0000
          0.0000
          0.0000
          0.0000
          0.0000
          0.0000
          0.0000
          0.0000
          0.0000
          0.0000
          0.0000
          0.0000
          0.0000
          0.0000
         18.6717
         11.3800
          5.1395
         62.1173
         25.7402
          3.1163
          6.8604
          1.9477
          0.0000
          0.0000
          0.0000
          0.0000
          7.6737
         15.8692
          1.2510
         12.5917
          6.0861
         -0.7337
         16.7401
         24.8068
         11.8008
          8.1644
         19.0265
         27.9928
        133.0370
        251.6448
         13.7649
          0.0000
          0.0000
          0.0000
          0.0000
          0.0000
          0.0000
          0.0000
          0.0000
          0.0000
          0.0000
          0.0000
          0.0000
          0.0000
          7.1725
         98.6051
        122.9100
          0.0000
          0.0000
          0.0000
          0.0000
         29.1725
         49.4550
          9.6719
          0.0000
          0.0000
          1.1448
          0.0000
          0.0000
          2.6812
          0.0000
          0.0000
          0.0000
          0.0000
          0.0000
          0.0000
          0.0000
          0.0000
          0.0000
          0.0000
          0.0000
          0.0000
          0.0000
          0.0000
          0.0000
          0.0000
          0.4741
          0.0000
          0.0000
          0.0000
          0.0000
          0.0000
          0.0000
          3.0706
         12.7125
          7.4544
          3.7589
         20.1594
         41.0737
         34.5243
         -5.1459
          9.8637
         17.2582
         62.4496
        322.2971
        352.0267
        374.9561
        257.0845
         70.9608
          0.0000
          0.0000
         39.9824
         60.3582
          0.0000
         38.2669
         40.8627
          1.2522
          9.2665
         -2.9123
         66.6533
         21.8714
         30.4255
         -0.0475
          0.0000
          0.0000
          8.0161
         12.9406
          0.0000
          0.0000
          0.0000
          0.0000
         -2.4697
          0.0000
          0.0000
          0.0000
          0.0000
          0.0000
          0.0000
         51.7782
         64.4844
          0.0000
          0.0000
          0.0000
          0.0000
          0.0000
          0.0000
          0.0000
          0.0000
          5.7674
         10.2981
         80.2805
        177.6289
          0.0000
          0.0000
         49.3564
        208.3868
        301.3453
        359.5805
        119.2084
          0.0000
          0.0000
         78.4885
        198.0059
          0.0000
          0.0000
         41.0512
         20.7243
          0.0000
          5.9866
          5.6730
         14.7852
          4.0386
         10.4845
         24.0015
         18.2469
          0.0000
          0.0000
          0.0000
          0.0000
          0.0000
          0.0000
          0.0000
          0.0000
          0.2412
          0.0000
          0.0000
          0.0000
          0.0000
          0.0000
          0.0000
          0.0000
        -14.2975
         -2.1114
          6.2838
          0.0000
          0.0000
          0.0000
          0.0000
          0.0000
          0.0000
          0.0000
          0.0000
          0.0000
          0.0000
          3.4297
          7.7996
          0.0000
          0.0000
          0.0000
          0.9517
          0.0000
          0.0000
          7.8278
         26.4138
        210.5429
          5.3372
          0.0000
          0.3370
          0.0000
          0.0000
         25.9496
         98.5995
          0.0000
          0.0000
          0.0000
          0.0000
         93.7385
        117.7563
          0.0000
          0.0000
          0.0000
          5.6890
          0.0000
          0.0000
         31.6850
         15.0330
         10.2482
         31.5352
        194.9346
          0.0000
          0.0000
          0.0000
          0.0000
          0.0000
          0.0000
          0.0000
          0.0000
          0.0000
          0.0000
          0.0000
          0.0000
          7.5305
          0.0000
          0.0000
          0.0000
          0.0000
          3.5035
         12.3332
         12.1421
          0.0000
          0.0000
          0.0000
          0.1948
         -5.9755
         -4.5271
          0.0000
          0.0000
          0.0000
          0.0000
         11.4754
          6.4737
          0.0000
          0.3792
          1.8622
          0.0000
          5.5673
         17.1124
         99.9929
        167.9657
          0.0000
          0.0000
          0.0000
          0.0000
         21.3159
         32.0606
          8.4449
          0.0000
          0.0000
          4.4074
         16.8892
         38.9928
         18.0858
         62.1439
         35.8072
          0.0000
          0.0000
          0.0000
          0.0000
         12.1558
          0.0000
          0.0000
          0.0000
          0.0000
          0.0000
          0.0000
         16.0290
         16.0540
          6.7415
         22.0181
         32.6954
         29.1596
        201.9561
         17.6530
         76.5331
          0.0000
         -5.3860
          1.5462
          9.4970
         16.9145
         50.2633
          0.0000
          0.0000
         18.9176
         23.3823
         15.5141
          0.3007
          0.0000
          0.0000
          0.0000
          0.0000
          7.7446
          3.4061
         13.1230
          0.0000
          0.0000
         -0.3627
          0.0000
          0.0000
          0.0000
          0.0000
          4.4895
          5.1966
          0.0000
          0.0000
          0.0000
          0.0000
         24.6982
         23.6646
         20.5451
         16.2634
          0.7489
          0.0000
         -1.5479
          6.6168
         16.6508
         81.3430
         77.4285
         52.5459
         53.6386
         45.4559
          0.0000
          0.0000
         15.4244
          0.0000
         84.1247
         82.0127
         10.8165
          0.0000
          0.0000
          0.0000
          0.0000
          0.0000
          0.0000
          4.7997
         14.1645
         96.2780
         17.1154
          0.0000
          0.0000
          0.0000
          0.0000
         13.2298
          0.0000
         -0.6207
          5.0738
          5.2197
         29.5247
         24.8454
         77.3645
        118.4392
        182.5078
        123.1776
         31.9760
          0.0000
          0.0000
          0.0000
          0.0000
          2.0277
          0.0000
         -2.9280
          0.0000
          3.8331
         23.1246
         12.7038
          2.9744
         15.9990
          0.0000
          0.0000
          0.0000
          0.0000
         32.9991
         10.0313
          0.7808
          6.4364
          0.0000
          0.0000
          0.0000
          0.0000
         25.2518
          8.8143
        184.6838
        170.5147
         32.6950
          0.0000
          0.0000
          0.0000
          8.7723
          9.2047
        123.5072
         89.5873
          0.0000
          0.0000
          0.0000
          0.0000
         14.4142
         10.5082
         13.5844
         21.6755
         30.9584
         18.3812
         18.3812
