          0.0000
          0.0000
          0.0000
          0.0000
          0.0000
         -0.6305
         -4.7150
         -3.8261
          0.0000
          0.0000
          0.0000
          0.0000
         10.2907
         -0.0884
         -2.3642
          1.5697
         16.0246
         14.5191
         -1.6792
         13.5656
         -1.5416
        -42.7957
          2.6829
          7.8780
        -13.9505
         -1.7447
         -4.5626
         -8.4721
         -3.9743
         -6.0499
         -7.4955
          5.2159
         16.9134
         28.2022
         20.4001
         14.1167
          1.2011
         32.8648
        140.9308
          0.0291
        -14.0283
         15.9568
         20.7214
         10.3957
        -36.5894
        -13.1951
         61.2809
         42.4942
          5.1073
         15.4504
         13.1787
        -10.4631
         12.0193
        107.7568
        160.7737
         63.4531
         11.9865
         26.8034
         36.7672
         28.8277
         48.2572
         61.0632
        140.6574
        128.5420
         46.2288
         29.8074
         14.4621
        -28.0508
        -33.6043
        -15.4564
         23.7952
         35.0089
        -25.4856
        -33.8073
          0.1152
         69.3441
         23.9129
        -16.5997
         59.7450
        159.3141
        177.1670
        151.2618
         91.7494
         30.3082
         -1.1182
          0.0000
          0.0000
          0.0000
         -5.5612
         -1.4547
         -1.6685
         -5.3698
         10.9361
         16.2557
        112.5610
        110.0945
         39.3645
        109.1110
        196.1300
        186.4101
         51.9590
        -31.6528
         -0.5781
          0.0000
          0.0000
          0.0000
         11.8538
          5.6418
          3.4344
         -1.2725
         92.4666
         64.3049
         43.6331
         -6.1222
        -24.7607
        -34.6189
        -28.2622
        -42.3532
         61.4500
         59.8222
          5.7873
          1.1664
          0.7445
         12.7900
         -5.9992
          0.1035
         25.0228
         -9.0896
        -20.8971
        -10.7462
        -36.5608
        -37.7571
        -46.5651
        109.4222
         85.2651
         -9.6073
        -22.1516
        -17.2202
        -20.3836
        -23.2679
         -7.5817
        241.9604
         66.8506
        -18.1315
          4.8577
         24.4407
        -11.7835
          2.4899
         52.8332
        150.4819
         50.8670
        -19.7907
         -8.8613
         61.3242
         80.6877
         -5.8025
        -30.0477
        -15.2821
         11.4189
         15.2511
         12.1304
         66.9502
         15.6408
          2.9902
          0.0000
          0.0000
         -1.8793
          0.0000
          0.0000
          0.0000
         -3.0913
        -24.0155
        -39.0111
        -17.8190
         -3.0683
        -22.7243
        -35.7489
        -25.0243
         -9.9047
        -17.9022
        -44.9786
         -4.7759
         41.8222
         43.8067
          0.0000
         19.0019
        -11.4229
          2.0636
        -20.4750
        -36.0550
         31.7163
          5.3524
        -10.1722
         13.8618
         34.0837
          8.6964
        -26.6913
        -13.1131
         66.6605
         56.7442
         89.1050
        120.2362
         94.2849
         81.9842
        -72.0329
        -67.0574
         61.9038
        110.8924
         25.8022
        -12.1750
          1.1187
        -10.4927
        -12.3911
        -33.4876
        142.2571
        146.2652
         26.1505
         27.8491
         44.4295
         34.8719
          2.0988
         -2.5403
         83.4627
        113.5393
         14.9060
         35.3351
          5.1939
        -31.0079
        -34.9117
        -45.9298
        -10.4085
        -11.3166
          0.0000
          0.0000
          0.0000
          0.0000
          0.0000
          0.0000
         -0.6161
          0.0000
          0.0000
          3.4435
         -3.9336
        -17.7956
        -12.0519
         15.9269
        107.9016
         48.3024
        -23.0332
        -12.7523
        -32.4781
        -32.5795
        -49.2798
        -22.6933
         86.4657
         12.9437
        -26.3141
          0.2999
        -10.3407
          6.9969
         53.2521
          2.3046
         10.0289
        -16.8637
        -23.1843
         -3.1181
         -7.7199
        -10.2209
        -23.6531
        -21.7651
          4.9432
         76.2676
        146.3871
        126.8733
         76.5948
         30.5976
         -9.6681
        -28.1078
         27.7160
        123.1426
          3.3322
        -17.9120
        -23.6229
        -12.3290
        -41.4981
        -61.3107
          0.0000
        274.8472
         28.6471
         79.4948
         79.3793
         11.4386
        -10.1110
        -36.6698
        144.1482
         64.5494
         -3.6054
        -19.5277
         -7.4903
          2.8441
         -9.8432
        273.1431
        315.0370
        185.6455
          0.0000
          0.0000
         23.2672
          8.3912
         -1.9939
        -13.8753
         -5.4599
          9.1256
        -28.6470
        -28.4331
        -50.3944
        -44.3640
        -16.5748
        -10.6284
         18.5553
          5.0445
         -9.2934
          9.8365
         30.0036
         43.8225
         24.1908
         32.8286
        153.0597
        110.9997
         49.8100
          7.1972
        -14.3180
        143.6326
        220.0763
        123.3453
         15.9986
          1.3538
         21.7848
         48.9474
         25.7413
        117.5080
        102.6707
          4.7943
         20.7034
         31.1086
         30.8858
         -1.5085
        -18.1395
        -14.1928
        -40.2380
        -52.9772
          8.9999
         33.3760
        -30.5877
         12.9838
        139.4411
        133.2670
         26.0122
         64.2641
         39.5988
         76.7315
         56.2522
         30.4293
         -1.8075
         -5.6716
         -5.7243
         20.4071
        182.0195
         94.2948
        -22.0748
        -30.4905
        -28.5640
        -21.8189
        -16.2411
        -24.9909
         67.2245
         92.2570
         44.8866
        -12.0850
        -11.3286
        -16.7334
        -28.7042
        -43.1484
        111.8632
        177.9649
         17.1612
        -17.9475
        -20.5798
         -6.3121
         14.3203
         -9.2853
         95.7722
         73.1414
        -10.9800
          2.8850
          4.3596
         23.0435
         -8.4138
        -43.6196
          2.2325
          7.1832
        -18.2686
        -26.2743
        -13.7061
         12.9800
         12.9020
        -33.5704
          9.8139
          4.2756
         -3.0406
         20.6842
        126.8714
        274.2585
        134.2949
         11.0539
          0.3610
          0.0000
          0.0000
         -1.4095
         -7.8132
        -11.4581
        -11.1527
        104.1887
         85.8930
        -20.1878
         -9.1155
         19.3392
         17.8764
          8.3918
         33.4553
        133.5448
         22.3451
        -35.0191
        -14.6735
         22.7180
          1.2692
        -10.3813
         -4.7258
        125.6443
         44.2204
         13.5757
         -4.6148
          2.2564
        -16.2117
        -18.0314
        -46.9519
        -13.9965
        206.9029
         22.4754
        -10.8094
         25.9645
         93.7741
         60.9820
        124.2176
        281.7392
        209.0382
        110.5788
         -3.2184
         -1.2614
          0.0000
          0.0000
          6.0187
        -13.2856
         52.0922
         53.9891
         24.1527
         -3.8621
        -29.3737
        -24.3943
        -28.9662
        -31.1195
         57.0508
         83.6129
         -7.2048
         -4.2852
         38.5599
         64.5992
        -29.5702
        -22.2875
        104.8830
         87.3796
        219.2418
        302.3834
        264.9780
        160.3076
         90.4807
         51.3688
         47.0649
         -2.8300
        -15.3393
        -11.5241
         -7.9782
        -12.1496
         -6.6719
        -10.9485
         65.1014
         50.3141
          8.2001
          2.4724
          0.3420
         -1.0379
         59.0868
         87.5441
         93.0977
        114.4063
         16.5643
         28.7042
         76.2198
        105.1669
        -10.4007
          2.2999
        155.9191
        144.2183
          0.0000
          1.3556
          4.0391
          4.3957
         -9.3079
        -13.2805
         13.8052
         15.5683
        -19.9581
        -29.6557
        -11.4947
         -9.3959
        -26.1406
        -12.8563
        126.5575
        198.9431
        204.0960
        225.2615
        239.9723
        274.2252
        255.5855
         78.7943
          0.0000
          0.0000
          0.0000
          0.0000
          0.0000
          0.0000
          0.0000
          4.0010
          2.2838
        -18.4789
        -35.9718
        -26.0311
        -23.4636
        -16.2587
        -20.4961
        -18.8299
         34.0800
         69.4476
          4.9996
        -39.1478
        -33.9348
        -10.4817
        -24.1558
        131.2921
        238.8374
        153.1187
        160.6892
        165.8238
        223.3850
        205.9076
        164.9450
        140.7069
         33.0137
          0.0000
         -0.1888
         -3.1347
         -8.4323
        -18.3565
        -17.9795
        -21.3552
         91.3455
         47.6894
        -24.5659
        -27.0537
        -19.3439
        -21.6849
        -24.5950
        108.5515
        122.1798
         30.3505
        -23.2979
        -40.9430
        -20.5202
         -2.4181
        -35.9783
        -26.6120
         -8.8442
        -21.1999
        -25.7008
        -23.6436
        -30.0780
        -36.6114
        -26.1081
         -4.4408
        -18.0101
        -16.5512
         12.1274
         13.6457
         -2.3514
         -7.0190
        -33.7196
        -27.9070
         25.6954
          0.0000
         25.8347
         36.0252
        -23.6729
         25.3388
         -8.5879
        -23.4115
          4.1435
        -18.2167
          1.4937
         53.5006
         51.3995
        127.9797
        185.7355
        147.7809
         39.2966
         22.8949
        -13.8602
          9.2645
         30.7117
        143.7152
        185.0646
         24.6937
          0.0000
          0.0000
          0.0000
         35.3786
         15.5044
        153.6729
        136.2748
        -39.8713
         39.6712
         29.0105
          0.9236
         10.7674
         16.2695
         29.3368
        -17.5998
         66.8921
         62.7550
         59.8842
         45.6844
         27.4863
         51.6668
        106.3610
         45.2289
         -8.7541
        128.9482
        172.1597
         42.3463
          7.1296
          9.6305
         53.9419
        153.8092
         78.9533
         66.9661
         39.3199
         -4.4764
          0.0000
          0.0000
          0.0000
          0.0000
         15.4775
         76.4823
          0.0000
          0.0000
          0.0000
          0.0000
         12.4394
         -0.5802
         -8.0065
        134.2619
        123.8258
         -1.8440
         -0.2061
         10.3611
         57.7784
        156.7605
        134.0539
         54.8357
        112.5643
        119.8534
        193.9182
         84.1101
         -3.4465
          0.0000
         10.6554
          0.0000
          0.0000
          0.0000
          0.0000
        -16.3964
        -29.1164
        -32.9778
        -26.9539
         37.2490
         24.5091
        -15.2800
        -12.4407
        -33.6156
        -54.2879
        -52.4562
        -35.2461
        -15.8954
        -24.6147
        -39.1425
         64.0268
        124.5316
         22.9725
        -23.1036
         64.7997
        127.9519
         16.7112
         10.6769
         20.5097
         18.8918
         77.6399
        135.8142
        336.8716
        154.7452
          7.7102
         -3.0098
          0.0000
          0.0000
          0.0000
        -10.0885
         12.9274
        204.9522
        178.0135
          2.0881
          0.0000
          0.0000
          0.0000
          7.5994
         -1.9440
         19.7220
        -16.7947
        -29.3700
        -18.3700
        -36.5459
        -35.6912
        -47.0119
        -33.6138
         78.1688
         11.9534
        -38.5164
        -32.5750
        -29.5825
        -39.7585
        -49.6993
        -28.2589
         72.4172
         98.7907
         65.0929
        -39.0224
        -46.0246
        -55.3509
        -48.8501
        -23.7220
         35.0599
         18.2202
         -2.0454
        -29.9133
        -35.8507
          6.1268
        -35.0157
        -42.0014
         42.5087
         18.2691
          9.4216
         48.7472
        -15.9263
        -25.7875
        -14.3083
        -23.5286
         46.5971
         39.8141
         12.9860
          9.4454
         20.0387
         24.9907
         19.2622
        101.7925
         44.0721
         35.7795
         39.8061
        135.5786
         72.1130
        -12.1342
        -12.5948
         14.8645
         92.2175
         10.3668
         -2.8729
          3.3905
          0.0000
         -4.8631
         -5.5703
         -3.7026
         16.1244
          8.2391
         -8.0177
        -11.7805
        -39.6217
        -40.0339
        -25.8075
         12.2215
         63.5853
         57.4389
         26.8515
        166.0318
        221.0850
         80.0326
        -32.3303
        -13.2008
        108.3907
         45.6108
          2.0424
         -7.4095
        176.2345
        147.1869
         49.8312
        137.4222
        323.4166
        204.4341
         -6.1767
        -19.7912
        -13.8729
         -4.9529
         -5.6306
        -20.2996
         40.1739
         21.2546
         -3.8803
         25.8839
         23.1523
          6.8024
        -15.4363
         15.5660
         79.9791
         11.8886
         -2.6414
          3.9618
          2.5053
         -6.1214
         61.7888
        256.9532
        202.6978
         50.2749
         -1.4320
          0.0000
          0.0000
          0.0000
          1.4467
         -2.0437
         67.6868
         22.5350
          3.2624
          4.1399
         -9.8248
         -1.8020
         49.3018
        -24.6261
         70.7896
         34.5690
        -29.3053
        -18.9255
        -15.7063
        -22.0948
        -27.4179
         78.4371
         41.3071
          0.0000
         14.4149
        111.7449
        164.1778
        162.6169
         23.7272
          0.0000
        117.7897
          0.0000
          0.0000
          0.0000
          0.0000
         -8.3310
        -22.2673
         23.6632
         75.6730
         31.9622
         30.7862
         76.5922
         20.9810
        -13.8140
        -13.4538
         60.0235
        193.8788
         55.2195
          1.3498
         -3.6342
         -8.6824
          4.3005
         11.7647
        -10.5905
         87.8627
         55.9585
          4.1082
         76.7404
         77.0406
         22.8479
          0.6491
         39.6694
        235.7448
        209.5062
         27.5540
         45.8889
         15.1598
         22.0385
        -35.2614
         32.0579
        110.3250
         60.6211
         -8.0441
        -12.0702
        -29.3546
        -34.1823
        -49.0360
        108.9090
        212.2052
         15.9963
        -39.9644
          0.0000
          0.0000
          4.8076
          5.2033
          0.0000
         52.0960
         14.1072
        -24.9847
        -14.5782
         -4.3754
        -16.0087
        -25.2099
        -22.7335
         39.1011
         28.7499
          2.1206
         -3.2760
         11.1373
         27.9037
         17.9218
         13.0511
        101.2223
        137.7198
         98.0715
         29.5623
         47.4555
        106.9729
         95.6197
         56.2047
         59.3710
         16.4718
         -7.7276
         -4.2161
         -0.0746
        -15.9258
        -21.2936
        -43.5695
         19.0047
         -4.3924
        -27.5756
         -5.5531
          9.4954
          3.9964
        -17.1958
        -14.9329
         41.8598
        134.3363
         14.5491
         41.6612
        181.9488
        196.1774
        153.6137
        233.3563
        132.4485
         16.7302
        -10.6544
        -14.5664
          0.0000
          0.0000
          5.3299
         -2.9812
         86.8203
         66.3789
         83.2621
         64.7798
          1.2048
         -5.5252
        -17.4293
        -28.7483
         40.3543
         10.2521
        -30.7219
        -25.8437
         -4.5590
          0.0000
          0.0000
         13.0127
          9.7813
         20.9226
          3.0470
          1.4406
         -4.1715
        -13.0291
        -31.1668
        -18.8357
         89.2172
         41.7712
          1.0133
         15.5219
         47.7087
        117.9746
        199.8006
        279.0929
        258.3637
        151.4193
        -14.0515
        -16.9221
        -15.6134
         -5.5340
         10.5118
        -29.7561
         47.1876
         41.4234
          6.0115
         24.9763
         28.9278
         77.1666
         87.5754
         86.1667
        195.0109
        126.8747
          7.9564
        -14.6114
          0.0000
          0.0000
         -2.8356
        -10.9608
         29.5806
         19.2485
          0.8625
        -31.9015
        -22.1630
        -15.8907
        -20.3169
         23.5367
         91.2914
         74.4004
         22.7342
        -24.7893
        -26.2841
        -25.1053
        -33.8188
        -22.1465
         -0.5994
         24.6230
          3.5224
         -8.7209
         -1.7586
         10.1005
        -16.2692
        -27.9044
         33.5611
         33.4664
          9.1129
         26.9804
         37.0467
          9.1462
        -11.1303
        231.5395
        240.9319
          0.0000
          0.0000
         24.4918
         22.4133
         17.6246
          3.6545
         -9.1523
         51.2174
         71.0969
          0.0000
          0.0000
          0.0000
          0.0000
          0.0000
          0.0000
         -6.6590
         -0.0923
          0.0000
         10.7125
         12.0249
          5.2169
         19.2693
         67.4525
         97.3944
         47.9657
         -5.4328
        -11.8567
        -18.7431
        -21.3275
        -20.1945
        -23.3660
         87.6501
         23.9116
         -9.2632
          5.4184
          4.9096
        -20.4496
        -23.4330
         -3.7154
        159.6983
        106.7048
        -14.8102
        -32.3505
        -10.4370
        -17.6454
        -16.5430
         -4.1120
        115.3945
         45.7575
          7.7222
        -18.8550
        -29.9983
        -25.5109
        -54.2869
        -34.1722
         -7.6513
        -15.5968
         -6.1795
         15.0389
         26.4132
        104.7058
         61.5842
         67.7619
        151.5601
         33.3172
         -9.0506
        -11.0667
         -3.3376
        -20.6972
        -24.4776
        -41.9462
         18.0882
         22.0391
        -18.1177
         12.8756
         69.9927
         59.7790
         -7.6089
         -8.4740
         79.8897
        179.4140
         74.4592
         40.4156
         43.6186
         20.9106
         -1.3709
         17.5722
         15.6066
         -4.2090
          1.9389
         11.6985
         17.7342
          6.8232
          2.6233
          2.5646
         54.2789
         35.3846
         28.6821
         25.0965
         20.6693
          8.5618
         18.2245
         30.6267
        180.9100
         58.0676
        -15.7044
        -15.9389
          9.7622
          1.3878
         57.8808
        141.3800
         13.3858
        -19.5658
          2.0504
          0.0000
          0.0000
          0.0000
         20.0498
          5.9921
         45.9857
         66.2940
         -3.2430
         -2.1591
        -29.3158
        -29.0187
        -14.6365
        -34.0145
         -9.8321
        -12.2427
         -1.5900
         16.0753
         12.0845
         -2.1753
          0.2350
         -3.3908
         -0.6097
         -5.8518
          8.1611
         17.1502
          9.6859
          3.4335
          1.2193
        -10.1262
         -2.4682
          4.3814
         34.0130
         52.9851
         41.4979
         10.0465
          1.4157
         -5.6887
        -29.6719
        -20.8814
         11.8070
         28.8929
         18.1216
         15.0567
         -8.2925
        -13.0620
         21.0301
        -13.1979
         22.9076
         23.4308
         13.7786
         10.9459
        -10.2004
         37.5596
        165.8212
        128.2300
        -10.3532
         12.1288
          0.1563
        -16.1187
        -11.2741
        -11.2116
         -1.0921
         21.5047
          0.0149
          3.7948
         -8.0293
          0.0000
         -2.3301
         -9.2977
         -8.4128
          6.3336
          3.3505
          7.0530
          9.5959
          0.0000
          8.7949
         -0.7542
         33.6355
         36.2372
          8.1899
          3.9757
        -14.9559
        -21.2460
        -12.7172
         -1.2532
         22.5213
         -2.8273
         18.5286
         20.5795
        -11.3087
        -12.7949
         92.0397
        137.9088
        279.7135
        280.3289
          5.4199
        -16.4915
          0.0000
          0.0000
          0.8766
         -0.8720
         -1.4339
         45.3870
          6.8952
         -5.9760
          0.0000
          0.0000
          0.0000
          0.0000
         -5.3363
          0.0000
          0.0000
          0.0000
          0.0000
          0.0000
          0.0000
          0.0000
        -11.7765
          0.0000
          0.0000
          0.0000
          0.0000
          0.0000
          0.0000
         -0.7266
         -0.2135
         -3.4765
          1.6421
         26.5991
         10.5666
         -4.0459
          6.5018
         47.1332
         77.2396
         -4.7100
         12.8505
          0.0000
          0.0000
          7.4272
         16.1322
          9.5442
         71.5084
         73.6144
         11.0693
         27.6876
         92.9780
         32.6368
        -28.7162
         17.7252
        262.5600
        121.7911
          4.5725
          1.3504
          8.0062
         17.9054
        131.4349
        251.6493
         74.9440
         -8.2977
          5.7609
          4.8797
         10.6118
          8.5292
          7.2297
          1.7883
         67.0343
         80.8537
        179.3247
        117.8960
          4.6499
        -12.4370
         -9.1430
        -24.8584
         22.7723
         88.4928
         71.4662
         -2.8009
          2.7583
        -17.5479
        -12.7611
        -11.3600
          3.8075
         35.5069
          6.9644
          3.6510
         25.7684
         -6.2086
        -13.5417
         -4.1391
         -4.6379
         -1.1402
         -3.5074
          1.5323
          4.0233
          6.9727
          5.1220
          8.7420
         18.0305
         -1.2831
          4.6086
         30.5057
         10.3007
          6.7568
         10.4541
         23.2947
         38.2399
         16.5122
         -1.3352
          0.3853
          0.7122
         18.5982
         90.8840
         94.2715
        151.7373
         27.0974
          2.1842
         15.6285
          7.9728
          3.8298
          0.4272
          5.2045
         17.9243
         14.1424
         17.2526
         37.1500
         22.8616
         10.8325
          2.0228
        -22.9148
         23.7049
        156.4928
          5.5658
         54.7202
         34.8342
         80.1220
         89.3391
         71.2919
        -10.1536
         -5.0094
         -6.2664
          2.3755
         45.6551
         90.6961
         11.3349
          3.4331
         19.3183
          0.7017
          3.7975
          2.5713
          4.6128
          2.1951
          7.7468
         12.3474
          0.8002
         -1.0262
        -10.5986
        -15.4402
          1.6588
          8.9534
          7.4570
          2.0239
         20.3762
         33.6886
          4.5702
          3.1840
         46.4813
        164.4467
        119.7090
         -5.6931
         32.7517
          2.3506
          9.3460
         21.2636
         11.5407
         -0.5311
        -11.1135
          4.5545
         55.6681
          4.0737
         -8.3311
        -12.4105
        -17.7118
        -15.8073
         -8.4152
        -10.5311
         11.5092
         14.5403
        -13.7523
        -17.1599
         -2.6397
          1.4577
         -1.6679
         -2.0438
         18.4688
          6.1683
          7.1654
         20.1007
         -9.9973
        -17.9069
         -4.8436
         -9.5501
         -2.4755
          5.8629
         10.5170
          8.2631
          3.0446
          7.4794
          3.6661
        -17.1441
        -13.3323
          2.9801
         18.8140
         25.6900
          9.4200
          6.6968
         25.4796
         79.6338
        144.2546
         52.8787
         18.9943
         23.8240
         12.8605
         32.8652
         45.3573
         50.9314
         32.8094
        -24.4314
        -10.7946
         21.9211
          5.5855
        -18.4428
         -7.3530
        102.2392
        159.4614
          3.0618
         15.6330
         32.2368
         45.2461
         42.4740
          2.6290
         21.9993
        171.0185
         21.8741
          3.6497
         24.2886
         15.9179
          1.6940
         11.4155
        -18.6623
         26.2032
        129.9404
         39.9058
          3.0710
          8.7395
         -0.7612
        -12.0809
        -17.8485
         -2.6784
         24.6812
          8.0581
         45.1668
         20.7382
         -1.7978
         32.9429
        -14.8576
          0.0000
         46.6557
         15.0532
         51.0524
         14.8967
         -5.7930
        -14.1677
        -16.9109
          0.0000
          0.0000
          5.5286
         42.5452
         16.9967
          5.4569
          0.0125
        -19.4508
         26.0373
         41.9215
          8.1093
         20.3003
         -1.5264
        -13.1851
        -24.8944
         -9.0027
          2.6258
          8.2077
         -1.7902
         11.1345
         34.6957
         10.0726
         -4.0173
         -3.3293
         -0.4215
         -2.5916
         11.0100
         17.8773
          2.2837
         -4.4213
         -5.2906
        -12.3090
         -3.1663
         -3.5898
         17.1363
         26.8422
         47.3442
         47.0677
         25.4595
         -4.5693
         18.7367
         11.5243
         26.6684
        103.8986
         19.1905
        -21.3360
        -10.9499
        -15.5504
         51.0946
         30.1677
          0.0000
          0.0000
          0.0000
          0.0000
          0.0000
          0.1771
         -6.1147
          0.0000
          0.0000
          0.0000
          0.0000
          0.0000
         10.4415
         12.6102
          8.6955
         -1.2609
         24.0470
         29.6403
          0.0141
         12.7242
         15.3157
         10.6725
         29.2792
         36.0226
          2.7538
          0.0000
          0.0000
         13.8730
         14.1412
          2.8710
         -9.6334
          3.5970
          6.5279
          5.6901
         20.5588
         11.0810
          7.3044
         20.6596
         26.1676
         19.9106
         26.2837
         16.9614
          0.0000
         22.8955
          9.8799
         67.2452
         19.5489
         -4.2412
          3.5062
         10.5088
          0.0000
          0.0000
         11.8580
         15.7870
        117.5161
         16.4958
          0.0000
          0.0000
          0.0000
          0.0000
         12.8885
          9.7711
          8.9411
         20.7281
         15.5609
         17.6256
         10.9682
         -6.2379
         -4.3083
         31.9682
         94.0317
         37.5699
         -7.9671
         -3.9935
         -3.8100
        -24.6650
        -27.1265
        -23.1170
         -3.5488
          1.2316
         -0.8237
          0.0000
          0.0000
          0.0000
          0.0000
          0.0000
         -0.9051
          0.2131
          1.8714
          0.9751
          4.2413
          0.0000
          8.8917
         13.9433
         11.1767
          4.4069
         12.0403
         19.9507
         10.3812
          3.2398
         10.9753
         17.9388
        160.1379
        139.1591
         16.0427
         14.2042
         -0.0972
        -25.2907
        -38.8337
        -38.6540
        -17.2657
        156.5559
        106.5309
         40.0840
         39.3778
         59.9161
         57.0437
        -35.5071
         -9.1770
          5.2567
         29.8188
          8.6148
         -6.9036
        -10.5774
        -23.9738
        113.4528
        131.9591
         30.6465
         18.8682
          4.0578
        -12.0941
        -13.1087
        -13.0224
        -35.2411
         -6.2928
         60.5628
         15.2195
          9.3473
         18.7148
          5.8355
          8.7859
         13.3716
        122.9285
         52.5442
        -12.3270
        -10.5395
         -3.7862
         -7.9910
         14.5285
         78.7520
        179.3177
         91.3454
        -27.7766
        -26.1129
        -42.3820
        -47.5762
        -50.6411
         -7.2740
         68.4933
        -12.8477
          0.0000
          4.0983
          1.1396
          7.1334
          1.3111
        -12.3640
        -12.6123
         -7.4094
          0.0816
          5.3982
         10.3931
          6.6260
         -9.7013
        -10.9289
         16.8123
         -8.1817
         -5.2692
          7.0726
          3.9158
         -1.4347
        -21.9880
        -29.9351
         10.0789
         -9.6866
        -18.4472
          0.7474
         11.5452
         -3.7672
         -5.2830
          4.5137
        166.5037
         39.1083
         32.6379
         86.4207
         -0.9806
         -4.7329
        198.7524
        208.7499
        -26.5754
        -22.4741
         -1.5784
          0.0000
          0.0000
          0.0000
          2.7926
         10.0225
         -5.0944
        -16.3295
        -11.8864
        -13.5368
          0.0000
          0.0000
          0.0000
         13.2930
        -17.9109
          0.0000
          0.0000
          0.0000
          0.0000
          0.0000
          0.0000
          0.0000
          0.0000
          0.0000
          0.0000
          0.0000
          0.0000
          0.0000
          0.0000
          0.0000
          0.0000
          0.0000
          0.0000
          0.0000
          0.0000
          0.0000
          0.0000
          0.4629
         -2.5517
         -1.7596
          0.0000
          1.2983
          3.3377
          1.3540
          8.5517
         -1.7338
         30.5417
         58.4565
         34.8216
         34.9810
          6.2443
        -12.3958
        -10.4696
        -10.5359
         -9.4287
         -3.1580
          6.7859
          5.8407
          2.6301
         -5.4733
         -3.5968
         -0.9386
          0.2362
          1.0461
          3.4188
         -1.5229
         -8.7781
         -3.2041
         -5.0269
        -20.4926
        -34.8181
        -10.0209
         -3.7345
         -6.0520
          0.0000
         19.6474
         19.5103
         12.3533
         10.0727
         -2.6166
        -12.4721
        -15.7437
        -18.5034
        -16.5210
        -13.1948
        -22.0512
         23.9472
        182.5969
         12.4110
         11.0934
         25.6419
         -0.7564
        -28.1569
        -45.2401
        -29.5699
        -16.9925
         -5.5041
          0.6754
         -2.7871
          2.7132
          4.6313
          4.4070
         -8.9791
         -8.9278
          7.6336
          5.0763
         -0.1907
          7.0194
          6.4820
          2.2642
         11.9432
         15.0929
         -1.0193
          6.2818
         10.1815
         37.7139
        124.1717
         -4.1339
         -8.4693
          0.0000
          0.0000
          0.0000
          0.0000
          0.0000
         -5.3644
        -22.3180
         28.0275
         81.1165
        -30.6390
        -34.7017
        -26.1493
        -34.2694
        -23.8695
          1.8714
          0.9344
         -9.0967
         -2.5996
        -19.7133
        -32.6718
         -9.4051
          4.4792
          0.0000
         -4.1262
          0.0000
          0.0000
          0.0000
         -3.6991
          0.0000
          0.0000
          0.7480
        -17.2071
         -2.2707
          0.0000
          0.0000
          0.0000
          0.0000
          0.0000
         -2.1179
          0.0000
          0.0000
          0.0000
          1.5646
          1.4993
          5.8638
          2.7333
          7.4811
         91.8655
         46.8184
         79.8844
         99.6896
         -2.2674
        -17.8184
         -0.1774
        -18.7634
        205.2213
        104.5109
        -12.9206
        -17.6740
        -17.7045
        -18.2595
        -18.1323
         10.9642
        304.0657
        215.5181
         16.0687
          3.1539
         -5.0343
         -7.8558
        -10.2628
        -25.9920
          1.2953
        -15.0301
          3.6362
         25.8386
         19.2044
        -15.7183
         10.3693
          8.5265
          2.7084
         -2.0761
         11.3155
          0.6213
         -5.5390
          7.7685
          5.7815
        -10.3571
          0.0000
         14.2119
         23.4613
         18.7510
          7.1591
          2.3875
        -25.4063
         89.2564
         95.0489
          0.0000
          0.0000
         10.7642
         19.6230
          6.9962
          2.0439
        -15.4278
         36.8246
         68.1089
         -5.4099
        -27.1756
        -24.4491
         -7.4427
        -13.7246
        -11.3127
          0.0000
          0.0000
          0.0000
          0.0000
          0.0000
          0.0000
          6.8345
          0.0000
         -3.3328
          0.1543
          9.7242
         -1.4991
        -12.3529
          2.5622
          3.2695
          6.4455
         -3.8660
          2.2649
          9.9637
          8.1006
          7.0360
         -0.0270
         -3.4521
         74.7465
        186.0730
        -22.6516
         12.3127
         36.1910
         54.9751
         87.0611
         -9.5282
        -29.8341
         76.1103
         64.4039
        -11.5087
         10.0771
          0.8710
         -7.8308
          3.7586
          8.0095
        -16.1548
        -34.7751
         -1.4733
         -6.1177
         -2.1520
         -1.9598
         -3.7995
        -14.7958
          8.0494
          4.6620
         -2.8024
         -0.2544
          0.0000
          0.5066
          7.9048
          0.0000
         -2.8446
         -1.1527
          6.1505
          0.0596
        -14.8080
         -7.2587
         -1.1863
         -3.6145
         -6.6972
         -3.2511
          0.6560
          1.9231
         16.3064
         13.6775
         -0.7249
         -9.9175
          0.2236
         -3.0312
         10.0293
          8.3455
          7.4158
         14.2230
         13.4094
        -21.8472
         46.2145
         38.7654
          0.0000
          0.0000
          0.0000
          2.2811
         -7.0273
         -1.1537
        103.5070
         26.7642
        -27.1080
        -34.1641
        -23.4477
        -15.8615
         -5.9215
         -6.9031
          0.0000
          0.0000
          0.0000
          2.2617
         10.1692
          0.0000
          6.8442
          0.0000
          0.0000
         -3.1574
         -1.3304
          0.3988
         -2.8405
         -3.7985
         -2.5333
         -6.9215
          0.7602
          0.0000
          0.0000
          2.1454
        -16.8589
        -10.8189
         -9.1233
         -8.1482
         -2.2754
         -3.7734
          4.2350
         10.0294
          0.0000
          0.0000
         -4.1134
         -5.2990
         19.5826
         20.7808
          4.2514
         21.9603
         -5.2389
        -28.8746
        -20.4086
        -11.9464
          7.7055
         -7.3245
          9.1620
         46.6307
         16.9435
         62.4540
         38.0014
         36.3302
        -25.2882
        -16.8874
          1.5459
         19.2443
         11.5644
          4.9121
         -6.3247
        -21.9955
        144.7685
        160.0775
         30.0449
         45.8137
         96.8660
         43.4169
        126.0727
        131.4358
         16.7577
          0.8851
         -2.6066
         12.3381
          3.8996
         -7.3626
         -2.8146
          0.0000
          0.0000
          0.0000
          0.0000
          0.9062
          8.9531
          3.2235
        -11.9470
         58.1425
        251.5423
         84.1561
         25.3018
         52.1325
         28.4998
         -7.9503
        -32.2043
        -24.1480
        -13.8056
          8.0468
          6.3510
         18.4539
          7.4678
         -9.8253
        -21.1029
        -26.9646
         -7.8157
          3.7792
         14.7520
         20.1247
          3.9349
         -6.8811
         -9.4878
        -10.2827
         56.2216
         42.9202
         16.4121
          8.5948
          0.0000
         41.5988
        276.5978
         42.0039
          9.8070
        -17.0733
         19.6007
         27.8389
         -1.1881
        -12.6920
        -14.3043
        -15.6650
         20.1518
        -14.9204
         20.9632
        189.9041
        272.1293
        154.3498
          3.0779
         27.1295
         38.3915
         -6.6964
        -35.5728
         -7.4974
         63.6873
        260.9505
        236.4290
        297.7481
         71.9001
         -2.7508
          0.0000
          9.6366
          2.0900
          0.0000
         -0.1605
         -1.4313
        187.8011
         74.1963
          9.9850
         32.8291
        -16.9350
        238.0094
          0.0000
         -3.1071
         -5.9064
         -1.9823
          0.0000
         29.4035
         30.2708
         12.0673
        -12.2725
        135.6286
         -4.7600
        -16.4707
          0.0000
          9.4858
          0.0000
         -1.2851
          4.1474
         -1.7361
         39.5238
        -34.1314
         -5.0444
         19.2353
         -6.5577
        -26.6090
         67.3020
        172.8265
         47.5312
         -1.6684
        -10.6777
         26.7929
         -5.5445
        -31.1496
        -27.5877
        -23.2980
         17.4713
         -9.1126
        -17.3592
          8.9822
         -1.6908
         -0.4659
         12.7900
        -14.2552
         15.8918
        -43.1374
          4.0805
         31.7525
         10.8560
        -19.7290
        -22.7528
          8.4194
        267.8918
         92.5619
          4.4451
         21.5928
          0.5061
        -34.1680
        -49.9065
        -33.4291
        117.6989
         43.0515
         -8.8330
         -9.1393
        -21.3209
        -20.0366
         -9.4817
        101.9817
        114.9654
          7.8647
         -5.8230
         19.2066
         -7.1049
        -14.9993
        -14.6761
          7.8108
        153.6280
        107.1689
         -4.9274
        -12.5719
         -2.7223
         -3.0899
        -33.8554
          0.0692
        176.2922
        120.7240
         49.7304
         13.5533
          0.0000
         -0.9317
        -20.8941
         -7.7987
        -12.1364
        -41.3869
        -43.6451
        -23.6594
        -23.5713
        -14.7767
        -13.6245
         -4.0071
         34.1617
         40.8311
         13.3771
         -8.6781
        -11.9248
        -19.9739
         -7.1255
          0.8641
         -0.3003
        -28.7364
        -26.1696
        -10.4327
        -27.7027
        -50.3049
        -46.1429
         -4.1210
          9.2023
        -30.5204
        -33.9228
         -1.7707
        -13.5854
        -22.0200
        -23.5590
        -38.0236
        -21.7905
        -51.3759
        -31.5555
        -10.7614
        -33.0212
        -48.4090
        -23.0668
          3.4434
         11.7351
        -32.1604
        -16.2877
          0.0000
          0.0000
          0.0000
         -4.5660
        -19.5754
        -17.3456
         -2.9932
         11.9409
         22.7343
          5.5451
         -6.3732
         -2.0214
         -7.9334
          4.6977
         -8.3979
          8.4806
         14.1660
         -4.0769
        -23.8824
        -25.4060
        -15.5941
          8.5932
         -9.6640
        -12.1705
          8.8145
         -7.4374
          9.6052
          1.1157
         69.4178
        232.5941
        108.9354
         13.9963
         10.2845
        -11.4239
        -22.1030
        -24.2405
        -12.9945
        177.5218
         16.2899
         -7.7194
          6.8105
        -29.0396
        -18.4622
        -13.4312
        -46.3425
         16.4034
         38.5312
        -22.5647
        -52.1019
        -12.5390
        -20.0467
         -9.6127
          7.8800
        -11.4893
        -42.0828
        -24.0361
          5.2216
          0.0000
          0.0000
          0.0000
          6.3014
          5.4802
        -33.0506
          3.7129
         22.4890
          2.9297
        -18.0035
        334.4991
        398.2933
        437.6137
         39.4939
          0.0000
          0.0000
          0.0000
          0.0000
          3.7900
         15.9370
         -5.5230
        -44.7780
         -7.5354
         -2.6801
        -14.4257
        -19.0942
         -8.2833
         -3.8616
         16.8282
          5.4326
        -31.9483
        -34.0613
        -19.6045
          0.6914
        -19.6614
         37.3824
        164.2741
         33.3044
        -16.5094
         98.5557
        125.1756
         32.4140
        191.9035
        273.9973
        207.5347
          0.0219
          0.0000
         37.8609
         31.8770
          7.8561
         -5.7847
        -37.2327
        -44.0781
        -51.2465
        -24.5419
         19.3448
         -0.2744
         30.8366
        116.5347
        260.6054
        241.4269
         33.8264
          0.0000
          0.0000
          0.0000
          0.0000
          0.0000
          0.0000
          8.6594
        -11.4468
        -16.9168
         -4.4636
         -6.1448
         -6.1616
        -38.6797
        -36.1441
         93.9729
        167.3390
         77.8149
         40.0785
         -8.7303
        -13.9729
        -21.9268
         -6.4125
         43.2061
         23.4367
        -16.7449
        -14.7353
        -36.3665
        -41.1078
        -23.4696
         36.2145
        168.2602
        172.8383
         27.7060
         -1.8280
          2.8465
        110.0680
        146.4335
        163.4158
        152.4488
         57.3923
        -25.8922
         -7.3571
         -6.2782
        -17.6939
        -13.9051
         -6.6656
          7.8418
         11.4106
         14.4232
        142.0376
        193.4275
         94.9700
         59.5229
         92.3347
         20.3161
          0.0000
          0.0000
          0.0000
          0.0000
          5.5343
         -9.3744
        -36.0332
        -23.3492
        -20.6555
        -53.2204
        -34.4586
        -38.5044
        -49.6239
        -46.6406
        -59.2557
        -31.4737
        -26.0736
        -44.5706
        -33.0818
        -33.8864
        -40.0780
        -23.6278
        -12.8486
          7.1099
        -24.5788
        -27.1039
        -10.6202
        -32.7572
        -30.8025
        -17.1124
        -21.1806
         -6.8470
        -19.3349
          5.7606
          9.8369
          9.0330
         52.2563
        144.1295
        217.5342
        177.8257
         85.5782
         -3.9936
         20.6432
         -6.0884
          0.0000
          0.0000
         17.9881
          0.0000
          0.0000
          0.0000
          0.0000
          0.0000
          0.0000
         11.3298
         -0.9039
        -12.2845
         -1.9369
          0.0000
          0.0000
          0.0000
          0.0000
         -3.2938
          6.8151
          6.5566
        -30.9151
         -4.0956
         13.0574
         -9.7481
        -13.6271
          4.3657
         -1.7112
        -17.9655
        -36.7330
         -4.4724
         11.1558
         -4.3987
         -4.2815
         29.3468
         61.1053
        100.8689
          1.6641
        -10.9261
        -16.1854
        -22.9286
        -17.5716
          3.2623
        -17.1419
         17.0902
         -6.3475
        -22.2615
         -9.7970
        -18.0757
        -28.6364
          4.3364
         15.1966
         26.7324
         15.8829
          0.9300
          5.0138
         14.3456
          1.6217
         -4.7028
         25.6578
        222.1219
         61.1475
        -12.9252
         -7.1526
        -12.6341
        -23.3419
        -33.3692
         51.2667
         66.7340
         43.3729
         -4.7399
         -9.9120
          0.8889
         -9.0319
        -35.2102
        109.7057
        129.2499
        -11.3582
        -32.1844
         -7.9042
        -17.4950
         52.2789
         26.7748
        -42.6861
        -10.0595
          0.0000
          6.8190
         36.6706
         -4.0668
        -48.7695
        -22.8455
        -13.2009
         -3.9848
        -28.4015
         -7.8271
         22.7200
        -11.8577
        -36.1293
         61.7895
        291.4774
        119.9102
         13.7791
         11.5842
         38.1493
         22.3868
        140.7228
        166.6997
        191.3898
         91.4372
         -2.3005
          0.0000
          0.0000
          0.0000
          2.3869
         25.5007
          9.0877
         42.4195
         23.0954
        -33.1013
        -24.3534
        -48.1286
        -58.3837
        -62.1907
        -70.5713
         -3.0672
         19.1566
         10.9263
         18.7376
        -16.2173
        -45.2498
        -30.2957
        231.6182
        253.2680
         39.6334
          0.0000
          0.0000
          0.0000
        -12.0157
         -5.3308
        -20.9122
         -1.7759
          3.5055
         45.0401
        120.3470
         58.4864
        -13.8161
          0.0000
         31.6780
          8.0711
        -35.3751
        -13.7332
          0.0000
          0.0000
          0.0000
         -3.6921
         21.4882
         45.1126
         -3.0914
        -45.2784
        -24.8726
        -21.0983
        -14.4391
        -12.3761
        172.4817
        155.9892
         28.7362
          0.4432
        -14.2942
        -12.7359
         19.8045
          6.6380
          3.4252
         77.1692
         92.5242
        -11.7109
         22.6514
        109.3505
         45.4162
        -29.0096
        -10.5001
         -6.4382
        -10.4035
         -2.8665
        -11.8011
        -19.5795
        -24.1926
        -20.1396
         10.8609
         15.3216
         -2.1491
        -19.5916
          1.5375
         -3.1727
        -11.4549
        -37.3370
        -88.3074
        -41.2653
        -42.4547
        -45.3138
        -22.9300
        -18.8710
         -8.6510
        -24.7056
         11.1952
        157.9806
         67.3644
          1.6503
        -17.0546
        -36.3699
         -2.0498
         22.8878
         78.1017
        163.5764
         10.3129
        -46.2570
        -32.5520
        -16.4513
         -8.9995
        -25.8982
        127.1804
        196.9456
         58.0613
         -3.9568
          1.0475
        -14.4295
        -21.4200
        -38.9665
        -17.6132
         -3.6585
        -14.5158
        -42.8188
        -31.9770
         -7.2052
         -0.6121
          6.1958
          6.4434
          9.3097
          0.1398
          1.8586
         -3.4802
         -7.5832
         -4.7946
         -4.9144
        -11.9439
          3.5610
         11.5057
         22.2024
         25.3147
         -2.7540
          0.7579
         71.4680
        190.8174
         39.8773
         15.3866
         27.6065
         29.0760
          7.7501
        -14.7720
        -11.3803
         -6.8704
         -3.4085
         -3.2902
         -0.4804
         10.7533
          3.5185
         -2.7007
         -7.9673
         56.5136
         60.6186
         60.6186
         10.1053
         10.1053
         -9.3408
        -17.6700
         -3.4088
         -0.9779
         21.0508
         65.7792
         14.6096
         17.7347
         -7.4849
        -17.7346
          1.5520
         45.3522
        103.2685
         -3.8165
         39.5199
         17.1349
        -16.4295
          2.7171
         -0.4800
         -5.5393
         -0.8630
        -27.3114
         -2.7133
         20.9148
          7.1784
        -12.5495
         -7.6802
         89.6428
        104.0681
         15.4807
        -10.7122
        -19.0949
        -16.2182
          2.1037
         66.0578
        140.9946
         28.8486
         32.4385
          3.1730
          4.5554
        -10.6882
        -12.2372
          2.2262
          7.4002
         65.7390
         27.7431
         -3.4343
        -13.9489
        -27.2694
        -24.9946
         -4.4582
        -12.1967
         -3.3582
          5.5849
         23.7796
         21.9916
         13.0952
         23.5357
         27.2122
         38.1670
         46.3316
          9.3670
         19.2249
         54.6436
         -6.0213
         92.7447
         27.7726
         86.8377
          3.3059
          1.5651
         12.0750
         38.1711
          4.2735
        -14.6154
         66.7828
        129.2831
         23.5367
         -7.4307
        -12.1685
         -1.9112
        -12.6592
        -18.7044
         83.3243
        197.5090
         70.0393
          0.0000
          0.0000
          6.3162
         14.2090
         -9.0821
         -8.2861
        -25.5438
         21.2750
         43.0419
        -18.7522
        -14.2363
          0.0000
          0.0000
          8.0941
          6.9460
         53.8215
         79.9604
         31.7289
         17.3266
         -1.6820
        -25.7458
        -23.5948
        117.3092
        190.8057
        119.0370
          7.8710
         25.1627
         30.4914
         44.1460
         25.6572
         -2.1465
          6.4323
        -22.8654
        -32.5767
         -8.7225
        -27.7648
        -29.3069
        -43.2252
          9.7895
        119.7461
        122.7052
         18.9560
          7.0015
         -1.7425
         -9.4473
        -21.0199
        -16.8363
         45.7450
        115.6210
          0.0000
          0.0000
          0.0000
        -16.5436
        -24.6008
        -17.2104
         24.8342
        142.1867
        126.2534
         94.4452
         16.6714
        -13.3879
        -29.0398
         10.7143
        177.3821
        172.4736
         72.9698
         35.9558
         23.9807
        -16.9560
        -32.0751
        -35.9710
         98.2437
        126.1993
          0.9990
         -1.3811
        -11.1275
        -31.1309
        -54.7519
        -59.6742
         32.3426
         85.6906
         15.8452
          0.2126
        -25.3461
        -33.8036
        -48.0981
        -36.0712
         53.1728
        113.5463
        101.9235
         77.7882
         21.1116
        -26.6174
          6.3340
        197.1624
        130.6249
         39.1943
          0.0000
         21.1782
         18.9904
          2.8577
         27.9458
         98.4476
        135.1715
          0.0000
          0.0000
          0.0000
          0.0000
          0.0000
         25.4508
        -23.7618
        -12.2145
          5.9252
        -35.2622
        -29.3379
         -9.4479
          4.8240
         15.6655
          5.8400
        -16.3796
        -22.7112
          0.0000
          0.0000
          0.0000
          0.0000
          0.9127
          4.3779
        -19.6502
        -11.3475
          3.3207
         13.3952
          0.6185
        -15.0313
        -26.0426
        -16.5308
         34.6143
         65.6453
         -1.2312
        -11.7502
        -26.1237
        -33.6511
        -33.5126
        -12.6585
        148.9051
        151.8394
         19.7012
        -24.1477
        -23.2980
         -7.7903
        -47.3505
        -43.8002
         56.2409
        149.7072
         24.4500
          4.1863
         19.1446
         28.4766
        -73.1492
        113.9071
         72.4609
         34.9678
        -17.4487
        -13.6428
          0.2888
        -13.2595
         43.1536
        217.2442
        103.9461
          0.0000
          0.0000
          0.0000
         11.2554
         20.2489
        -11.0059
         22.5576
         45.5479
          0.0000
          0.0000
          0.0000
          0.0000
          0.0000
          0.0000
          0.0000
        -11.1024
          3.1548
         -1.7651
         -7.7038
         -0.4231
          1.2842
        -10.4930
          0.2685
         20.6510
         35.2564
        -23.9382
        -13.7107
        -26.8148
         -5.7769
          0.0000
          0.0000
         -2.5856
          0.0000
          0.0000
          0.0000
          0.2508
          0.0000
          0.0000
          0.0000
         -4.3509
         -2.8010
          0.0000
         13.4548
          9.8712
         -6.0130
          0.0000
          1.3550
         -1.9517
          0.0000
          6.1792
         -4.9542
         -1.7934
        -10.9509
        -15.5027
         -1.2905
         66.2614
         61.9685
          8.8377
          0.8448
         -7.8306
          1.4878
         31.4685
         21.8317
         53.8232
         92.8307
         96.8192
        106.5886
         22.2813
        -27.6105
        -28.4097
        -14.7502
        -14.5861
        -27.8549
        -12.8551
         -3.3050
        -12.4784
        -13.0744
         -9.5548
         24.6409
         65.1372
         43.3454
         -6.5591
         13.6242
        -16.6283
        -21.4047
        -33.8509
         -7.6198
        123.3417
         37.4180
        -33.8093
         -9.2106
        -20.1675
        -39.6782
        -28.1920
        -46.2000
        -27.5562
        -15.0782
        -26.0988
          0.6646
         -6.3813
        -15.0722
        -19.9503
         -5.1643
         45.8832
        -26.4883
        -23.9868
         -5.2841
        -12.7492
        -13.8769
        -20.9892
         57.1455
         72.4879
        -11.0777
        -23.0189
         18.5287
          8.5196
        -32.5142
        -47.1621
        -15.8615
         78.5840
         14.7055
         -7.5701
         12.4011
         -5.3643
         -7.2551
         52.0861
        188.1313
        109.9861
         23.3393
          0.0000
          3.1948
         11.5592
          5.1544
         18.3961
        178.2578
         16.0832
          0.0000
          0.0000
          0.0000
          0.0000
          0.0000
          0.0000
        -18.3685
          5.9123
         -3.6107
        -29.6503
        -32.5681
          0.0000
         -1.9840
          0.0000
        -16.5106
          6.5726
         -2.2608
        -33.1889
        -39.0632
        -21.5774
        -18.8931
        -29.1457
        -21.6378
         93.5338
        108.7562
          5.5135
         -0.4443
          0.0273
          1.2303
        -21.8382
         86.1517
        204.3443
        234.0823
        165.4708
         34.0695
          0.0000
          0.0000
          0.0000
         -2.3728
         69.4329
         22.0618
        -27.4034
        -26.0931
        -16.0612
          7.6533
        -26.0203
         50.4055
        151.9888
         80.2635
        -13.4113
        -23.6283
        -38.5827
        -45.6798
        -77.9395
        -72.9736
         64.3333
         37.0394
        -23.5675
         -2.8640
          1.1272
        -41.9904
        -36.4270
         26.0702
        114.2883
         81.5543
          2.1692
         17.9937
         -4.8784
         30.9226
         27.5395
        -73.6046
        -34.2466
        -38.6548
        -17.8295
        -17.0697
        -16.5322
        -15.6147
        -26.2419
        -55.9125
        -50.1302
        -10.4555
         74.6087
        236.1686
         82.7602
         11.5104
         37.1056
         64.6374
        356.3171
        314.6867
        147.2382
         24.0638
         -3.5464
        -12.6463
        -35.5344
        -22.6191
        104.4718
        108.5051
          4.3880
        -19.7519
        -30.4073
        -30.9149
        -38.2777
        -40.8085
        112.9981
         95.1149
         -5.9745
        -16.3125
        -15.7092
        -30.5214
        -19.4453
        181.7117
         50.8733
        -30.3878
        -13.2016
         22.9975
          5.2904
        -37.2761
        -29.0885
         67.3029
        105.0446
         39.9904
         -8.4114
          0.4649
          4.3284
         15.8524
         13.9685
        130.3611
         74.8892
          0.0000
          0.0000
          0.0000
          0.0000
          0.0000
          0.0000
        -13.1486
         76.2218
         16.2524
        -30.7073
        -36.5884
        -66.2507
        -28.0256
        -38.0463
        -63.9390
         54.5690
         76.4506
         16.8180
        -16.6339
        -18.5520
         -0.9974
        -38.5102
        -34.2317
        174.9876
         13.6427
        -22.2239
        -11.8935
        -41.8442
        -41.1065
        -20.9676
          6.5609
        142.0416
         17.2090
        -10.3387
        -12.6067
        -11.5875
         53.1804
        125.9678
          0.0000
          0.0000
          0.0000
          0.0000
          0.0000
          0.0000
          0.0000
          0.0000
          8.4528
         24.4856
         15.6990
         -7.4131
        -15.4214
          1.1188
         38.0837
         -4.7678
         -2.9677
         66.1106
         46.1100
        -38.6325
        -27.4673
         15.1010
         58.5728
        -20.5746
        -32.7621
         80.0781
        159.7768
          0.6162
        -10.0603
         -4.8403
         -3.1341
         -1.8964
         30.4599
         96.9338
          5.1618
        -17.2542
         -8.1493
          7.3857
          2.2729
        -55.7693
         64.1184
         77.5254
        142.2419
        -12.0717
         64.4112
          6.7147
          9.1510
          8.4171
         -4.4082
         -6.3919
         34.8435
         47.7360
         22.9179
          7.1956
         14.7620
          5.1843
        -22.1943
          2.2057
         21.7434
        -10.6328
         -0.4240
          1.9988
        -33.4823
        -56.9268
          2.3754
         15.2645
         -6.5419
         -2.4858
          0.3820
          1.4458
          8.1376
         40.9740
        130.2456
         70.2927
          0.0000
          0.0000
          0.0000
         -0.3448
          0.0000
          0.0000
        -14.0111
         36.0590
         47.8464
         17.4842
         75.7438
         19.1179
        -19.1245
        -49.3433
          6.7654
        119.8449
        117.3666
        115.8531
         82.4497
         93.8598
         21.3591
        -48.8697
        -29.7801
        172.3846
        211.2610
        205.7701
        264.6250
        236.5248
        158.6651
         44.4017
         28.9360
         38.7959
        -17.2503
        -25.2290
         -4.1502
        -11.6788
        -14.1383
         -4.8664
        -34.6929
         23.3091
        -29.2998
        -29.3049
          4.9149
         -8.2324
        -13.4442
        -50.6548
        -51.8295
         25.3838
         17.7491
        -12.3750
        -18.3192
        -33.3440
        -55.2782
         -6.9503
        -27.7969
         35.7281
         72.3024
        -18.3939
         -6.5505
         22.9925
        109.6388
        147.9355
        260.3968
        187.7894
         14.4710
        -38.5175
        -34.5041
         -6.9962
        -11.9456
        -14.5635
        183.8464
         55.0898
          2.3880
         -3.3956
          1.8079
         -8.0192
         -3.5321
          0.1961
         54.6838
        115.1419
         45.8025
          7.1044
        -11.9842
         -5.7936
         56.3602
        130.8283
        156.0552
        140.2692
        140.5063
          0.0556
        -18.5958
          0.1795
          4.7826
         -8.6819
        -22.0622
        115.4129
         66.3342
        -14.2670
        -14.9827
        -19.4824
        -13.0513
         -0.4089
        -30.1173
         33.8093
          7.2478
        -27.8903
        -40.1205
        -29.6143
        -45.9883
        -50.7822
        -38.7363
          1.5974
        -22.3456
        -19.7276
        -27.0803
         -9.7982
        -24.8904
        -11.0956
        -19.0048
         -5.9727
          0.0000
          6.7390
         20.1901
          2.6320
        -17.9112
        -18.2733
        -21.3047
          1.6451
        -17.6778
          8.9102
         14.6156
         -4.2961
        -15.9933
        -22.2383
        -39.4660
        -16.1021
         -4.3128
         17.8802
         21.9490
        -11.5479
        -34.8798
        -39.8598
         10.0558
         69.5823
         70.5192
          6.3390
        -14.5482
        -18.6988
        -30.8973
        -25.6712
        -11.5152
         51.9374
         54.9897
         73.0861
        118.5039
         -9.3417
         62.6179
         17.9751
         81.3601
        143.9672
         25.2724
          0.1381
         -4.0292
         -9.1714
        -18.9588
         -8.9807
         89.0406
          2.7429
         -7.5536
        -11.8216
          5.2531
          6.5945
        -38.5140
          0.0349
        -30.2789
         44.9425
         48.1059
        -11.7784
         -2.5298
          5.0690
        118.5109
        126.5876
         13.2252
         28.3289
         16.6141
        -21.4225
        -24.1733
        -16.9624
         73.0859
        169.2440
        107.4460
          7.3159
          0.0000
          0.0000
          0.0000
          0.0000
          0.0000
         14.2157
         -4.9055
         64.5085
         86.2880
        -17.7050
        -10.9798
        -21.0188
        -24.9766
        -55.2073
        -36.6784
         69.5926
         11.7160
        -12.4511
         -1.9969
        -17.6160
        -18.0939
          9.1021
        179.2379
         59.2179
         17.6175
         -7.1543
         -0.1542
         55.1551
         12.7541
        -15.1979
        131.8571
        163.8045
         -3.6274
          0.6188
         15.0068
          9.3139
        -14.6502
         -8.3609
        116.1013
        152.2157
        -17.6578
         -3.1892
         10.7749
         -4.7193
         10.0910
        -27.6926
        -27.8758
         16.1954
          5.4586
        -40.2709
        -46.8078
        -48.2231
        -28.8471
        -44.1867
        -17.8729
         89.7538
         67.0176
        -31.9255
        -38.0084
        -20.4021
        -24.3157
        -30.6465
         -6.3486
        158.8121
         12.6978
        -32.1431
        -35.1901
        -13.0724
         -2.1767
          8.4762
          5.5316
         34.3354
         45.0066
         -7.6834
         -2.3549
         -5.2702
         -9.0291
         14.1363
         46.2907
         62.2336
        -12.3534
         -9.8028
         35.5723
         21.2881
        -34.8953
         12.4332
         79.2104
         43.8947
        -18.2983
         -1.9743
         24.1210
          0.9854
        -24.4409
         12.2464
        229.7760
         52.7311
         -6.1835
          0.0000
         12.7502
        -16.2153
        -46.0398
        -48.7880
        -25.4337
        135.4573
          0.7840
        -20.5794
         -9.4866
        -19.2822
          0.4985
          5.5549
        -37.6756
         31.4686
         13.2684
          7.5370
         89.2966
         32.7154
        -16.7699
          1.5780
        103.3596
         65.7034
        119.0299
          6.1186
        -14.7494
         -0.2391
         38.0949
        115.6178
         33.5063
         15.1531
         42.2282
         -4.5252
          8.2009
          1.2650
         64.2206
         21.5118
         -7.4090
         10.4911
         50.6684
         32.6314
         57.7280
         30.6939
         79.2502
        150.9791
         91.4157
         18.9822
          3.2255
          1.4908
          8.7153
          0.8609
         -8.8833
        -14.3227
        -18.9537
        120.3944
        175.2256
        114.6384
         -3.0235
        -23.8635
        -31.9356
        -44.8184
        -51.4613
        -70.3810
        -39.2514
        -25.9786
          0.0000
          0.0000
          0.0000
          4.0779
          6.4079
         17.0821
        -16.5825
        -14.7761
         16.0920
         -1.9532
         -8.6807
        -26.5934
         85.1877
         74.4098
        -11.1520
          0.4982
         32.0598
         54.6833
        109.7504
        219.2068
        341.9549
         75.6883
          0.0000
          0.0000
          0.0000
          0.0000
         13.0620
          9.8985
         15.7609
         41.3491
         -3.5171
        -11.1838
         -0.4018
          4.3233
          3.1317
          5.2505
         34.6220
        102.0566
         -6.2373
        -27.0022
         -6.8508
        -18.1021
         11.2162
          0.4598
        -53.5894
         30.6465
         10.7199
        -15.1057
         -6.6250
         -5.2783
         35.1661
         45.4559
        174.2191
         86.1670
         -9.0454
          0.0000
         -2.2118
          5.5685
          7.6194
          4.3488
         90.6126
         61.6073
        -30.4895
        -16.6624
         -2.1890
         -6.7428
        -14.2951
        -11.9512
        -17.7841
        -19.1865
          1.7897
         15.4970
         21.9126
         14.9541
         11.9176
          9.3446
         -2.8831
         24.5035
         13.8031
         17.3470
         37.5757
         64.0889
         27.6309
         11.2230
         42.6998
         25.3996
        -23.0318
         11.5843
         14.5606
          2.8584
         -0.9282
          4.1497
         14.9941
         46.9021
        -11.0104
         13.9191
          5.8387
         15.9405
         11.9262
         70.2547
         61.2939
          4.9228
         42.5390
         94.1493
         15.8310
         20.0641
         -0.0978
          2.8116
        -20.2660
         52.3934
         88.7571
         26.7903
         -0.0467
         -0.7844
         29.3838
        -30.3037
        -30.7250
         73.9613
         42.1922
         26.1719
        142.6014
        187.4963
        223.9787
        214.8700
        251.9237
         19.8646
        -12.5057
          0.3648
          9.6523
         -3.7522
          0.1330
         -7.8669
          4.3466
         48.9006
         -1.6204
        -16.0319
        -23.2531
        -26.2257
        -32.8360
        -23.3375
         13.2962
        119.8978
         98.7286
         14.9891
        -12.9060
        -14.6365
         -6.9877
         -3.7540
         82.5566
        168.8208
         41.3417
         -5.8344
         -8.2468
        -16.1599
        -20.5150
         -9.2206
          2.3542
        174.4113
         44.8573
        -10.9328
        -12.1285
        -12.5074
        -14.2296
         14.8336
         33.1391
         69.1673
         64.6980
          3.4438
         15.5292
        -18.0481
        -17.6681
         -7.7022
          1.4165
         64.3029
         48.3062
         28.5098
         55.4515
        145.6265
         40.5998
          4.5151
         55.8257
        149.3166
         27.4496
        -14.6136
          1.4358
          1.3417
         -9.0030
        -20.5801
        -33.8996
         27.2245
         77.2000
         12.3797
         42.0915
        -22.3296
        -29.5677
        -61.4441
        -68.7356
        -25.3661
        -23.3336
         -8.0144
         25.4664
         21.9024
          3.1753
        -10.3408
          5.3503
         80.3301
        -19.3225
        -10.6540
          2.0953
          0.8550
          2.8891
        -17.3827
          0.2765
         33.1436
         31.6491
          0.7180
         -6.9975
         -4.9985
         -7.3461
         18.7558
         25.5063
         65.8774
         -4.5387
        -13.9208
         -0.8362
         -9.3874
        -14.8681
        -10.4670
         29.5058
         52.9212
         55.0925
         -7.0516
         -9.6132
        -23.2121
        -26.0667
        -10.7021
         10.4988
        185.4204
          3.0484
        -26.2235
         12.3480
         -7.4144
        -21.6020
        -26.1126
        -42.2316
        -18.0284
         -3.2609
          7.6126
         27.8488
         15.8818
          4.7994
          4.4615
        -11.1726
         32.9849
          9.2045
        -13.3680
        -11.1176
         -6.8655
        -10.3978
        -12.7513
        -16.8323
          9.9890
         23.7314
          5.1693
         15.4905
         36.6921
         39.4183
         45.1017
         81.7556
         20.2221
         24.0239
          1.5118
         -6.9199
        -11.8846
        -15.3815
        -34.2806
         50.2324
        112.1828
         35.6999
         31.7919
         -7.3142
          0.0000
          0.0000
         14.1282
         -6.2571
         -8.2840
         -3.2893
         18.4478
         20.3573
         11.6007
         11.7847
          0.4350
         76.9448
        123.0376
         -0.8073
         -1.1030
         14.4416
         -4.5696
        -21.4075
        -31.7941
          2.7210
         82.6784
         -2.3368
        -31.4837
         -4.1814
          9.7330
         35.3038
        -20.0567
        -27.3166
         92.3678
         40.5669
         -3.7372
         -6.5589
        -20.0324
        -19.5689
        -28.6959
        -27.9618
        -18.7298
        -10.7663
         10.4957
         28.1784
         20.1824
         36.8657
         66.6332
         45.1560
         55.8200
          2.5670
         -9.3759
        -17.5379
         -8.9576
          4.3272
          6.7028
         17.0570
        107.4887
        -16.3252
        -16.0814
         -3.7854
        -11.6871
        -18.5004
        -31.4561
         -2.9980
         47.9348
         -1.2914
        -23.9212
         -8.9397
        -20.8708
        -28.4032
        -18.1930
        -17.3387
         -6.5834
          5.9405
          6.6053
         -4.3355
         -0.9741
          2.6872
          6.2712
         15.4454
         25.4941
         25.4186
          8.4182
          6.8879
          9.6960
          0.1068
         26.8522
        135.0118
        239.3639
         44.7053
         17.8870
         10.9977
         -2.8831
         -8.4539
         -7.9938
        -28.6165
         33.2958
         34.6187
         12.2141
         32.1467
         22.4340
         17.1770
         47.9716
         37.3938
         33.9619
         -9.7372
         20.2589
         48.3283
         23.7952
         10.4014
        187.3403
        255.8129
         30.2853
         -9.0524
         -6.3771
          1.9473
         -3.3857
          1.7883
         -0.4168
        -13.6855
         19.5182
         42.7676
          0.7731
        -11.3504
          2.5797
         19.9956
         86.5862
        180.2516
        127.4857
         15.0034
         -4.2688
         -8.2311
         -4.2911
         -5.9795
          3.7783
          0.9137
        -17.3475
        -18.0671
          0.0000
         16.3318
          5.7516
          2.3326
          3.6245
         -2.0488
         -0.8217
         -3.1678
          0.0000
          0.0000
          0.0000
          0.0000
          0.0000
         32.4263
         21.7787
         -6.6313
         30.9816
         21.6806
         17.9837
         40.2076
        161.1676
        248.8013
          8.5319
         18.7369
          9.7462
         11.3322
        -13.4694
        -30.3509
         -2.1031
        -15.3532
         55.0114
         -2.9134
        -15.6406
        -20.4500
        -26.3685
        -30.2626
        -10.3179
        -25.5072
        -25.9604
        -10.9884
         -2.1755
          9.2246
          1.0871
        -15.1868
        -19.7571
        -31.9817
         -4.8362
          5.4202
         -9.6808
        -16.9952
        -12.8648
        -11.9346
         -4.8831
        -13.8604
        -10.4324
         -3.8514
          0.0000
          0.0000
          0.0000
          0.0000
          8.8831
         31.1703
         26.6715
         22.1029
         14.6677
         34.8722
          6.1617
        -31.2477
        -10.4113
         -6.1126
         86.4248
        102.5717
        -10.7791
         11.2276
         -3.6192
        -11.8960
        -18.1647
        -30.3721
          5.9514
         13.0531
         19.3459
         38.2606
          1.0743
        -13.9932
          9.8001
         15.6661
         22.7310
         15.5479
         20.5476
         31.1208
         63.9271
         10.4958
          7.0503
         -2.0045
         40.5922
        167.7570
         52.3516
         29.5769
         13.7058
         16.9976
          0.0541
        -10.0195
          6.6398
          2.1862
         18.2855
         -1.0147
         -1.9701
          4.4629
         -4.5772
        -18.2452
         34.2247
         28.4012
         36.8760
         26.5770
         -7.1598
        -22.3739
        -13.4388
        -22.9575
         36.9169
         14.5441
         22.8730
         30.4362
         -9.9798
        -29.9199
        -18.3283
        -38.4311
        -47.9132
        -32.2110
         -1.1468
          9.2063
          7.5666
          1.7870
          6.1083
          2.2745
         -5.8872
          1.4372
         -3.4337
          0.0000
          0.0000
          0.0000
          0.0613
         -3.0969
         -6.4072
          7.3911
          0.7463
         -9.8542
          0.0000
         11.0822
         14.0710
          6.6203
         11.0560
         11.6685
         -1.3930
         -3.9820
         -9.3723
         -7.9585
         21.4277
         23.4553
         30.4745
        101.3717
         21.4220
         -1.7151
          0.0000
          0.0000
          0.0000
          1.9636
         13.9590
          5.9178
          8.5228
         18.3229
         41.7219
         86.2714
        118.6905
         48.8564
        -13.2612
        -13.4785
         -0.7657
         -0.8843
          3.7955
         -5.3427
         -3.4226
          5.3302
         -1.9017
         -2.8722
          8.4450
          4.3196
          1.1395
          5.1361
         -4.1450
        -11.8670
         -9.3711
          7.8770
         12.5323
         -8.1320
         -0.7216
          6.5314
          5.2080
          0.3707
        104.3199
        145.2800
         13.7243
        -29.6961
          0.0000
          0.0000
         29.2050
         65.1944
        127.3366
         97.2769
          7.1815
        -34.5241
         24.1513
         91.9878
        -25.8269
        -34.8350
         38.9987
         31.0493
         37.1630
         26.9914
         23.7441
        109.6459
         91.1900
        114.4217
        220.8087
         73.4597
         11.2195
         -3.4372
         50.3743
         82.5474
          8.0238
        -11.8768
         84.3739
         12.8352
        -18.5152
         24.1142
        128.9444
        124.5386
         -0.6045
         -1.0316
        -11.4528
        -18.6783
        -16.7560
          5.4461
          7.3464
        -17.9406
         -0.4008
        203.5605
        231.1324
        -17.6561
        -10.3832
         -0.9862
         -1.8978
         -4.6328
         -1.4028
        -19.2531
        148.5199
        168.8526
        -13.9699
        -19.1965
        -20.5815
         -8.5273
         10.5804
         14.1974
         73.3681
         54.1348
         28.1824
         -9.4637
        -35.0975
        -24.9736
         -3.9641
         -6.6682
         -2.3551
         -1.3658
         22.2935
         26.3903
          1.4559
         -3.8401
         16.6442
         18.2120
          8.7938
          0.5780
         -9.4919
        -16.4384
         -8.5836
         -6.2496
         -9.3599
         -1.8405
        252.4014
        141.9763
          2.1729
          8.1631
         12.6607
          8.7372
          8.3989
          4.0097
        103.9442
         37.1393
        -19.9736
        -17.3251
         -6.2447
          1.7789
         -5.8605
        -21.2986
         63.2142
          2.6413
         -0.2868
          6.1331
        -16.6683
        -17.5480
         -0.4155
         -3.0652
         93.2217
         76.2337
        -16.2013
        -27.2045
        -10.1079
         -3.1764
         -8.1304
         22.4761
         50.8475
         18.1781
        -29.0623
        -25.7352
         -2.9658
          0.0000
          0.0000
         -8.0617
        -17.4539
         -5.8982
          0.0000
          5.5859
         11.0590
          3.8068
          3.1222
         -7.8503
        117.7184
         72.6459
        -19.3449
         -9.7767
        -50.2461
        -61.5853
        -14.3862
        -19.1015
        -21.4117
        -21.5169
         -8.8777
          0.6869
          0.0000
          0.0000
          0.0000
          0.0000
        -11.8503
          0.0000
          0.0000
          0.0000
          0.0000
          0.0000
          0.0000
         -0.8112
         -6.1657
          0.1289
          7.4912
         12.0463
         10.4019
          1.1830
          4.0672
          2.3852
         22.0052
         21.2849
         -9.0218
        -27.0002
        -18.9382
          0.0000
          0.0000
          5.0609
         -1.2698
         -3.8738
          0.0000
         -0.6138
          0.0535
          0.7567
          0.0494
         -0.5589
        -17.0591
         -9.5157
         -0.6074
         -8.4614
         -1.9519
         10.2324
         13.3605
         23.9378
        153.8845
         99.6949
         20.0971
         22.3716
         15.9651
          7.7773
          9.6187
          8.1289
        134.2889
         45.7938
         -4.1505
        -43.9766
        -13.0931
        -19.0316
         -4.9026
         -5.2245
         -7.2668
         -4.5364
          5.7543
         15.5697
        -11.0896
        -11.1062
          0.0000
          0.0000
        -14.2228
         -0.8342
          2.0593
          5.2915
          5.4984
         10.4585
         14.4660
         -1.8578
        -11.0473
         -5.5036
          0.0000
          0.0000
          0.0000
          5.0768
         47.2207
         23.8295
         37.8126
        -16.5683
          0.0000
          0.0000
          4.6762
         14.1384
         18.3466
         59.1449
        196.3156
         62.1632
        -10.2242
         -4.5729
          5.5914
         -1.2486
         -3.2561
        -16.5535
         -1.3834
         20.9137
         -2.7570
        -18.1664
         -3.9226
         -0.3807
         25.7684
         52.3034
         71.2226
         -5.8586
          0.0000
          9.4145
          3.3517
          0.2714
         14.6116
         12.0909
         53.8506
         27.1295
          9.5102
          8.2675
          6.4974
          0.5861
         -2.7414
         -7.3819
         -1.6566
         -3.3331
          0.0000
          0.0000
          0.0000
          0.0000
          0.0000
          0.0000
         -8.9805
         -4.2470
          0.0000
          6.3078
         16.9025
         -3.3335
         -9.6946
         -4.1099
         19.4905
         -6.1624
          7.6405
         21.1401
        100.7308
         -5.1640
        -27.8496
        -23.4341
        171.2487
         56.3723
        120.3868
         59.7333
        -24.0697
        -24.8968
         24.1143
         16.1725
         46.9221
         78.8111
        -15.1891
         15.2779
         -4.1250
         -5.3223
          1.4175
         -8.8520
        -21.1076
        -21.7967
         -3.5018
          5.6409
          6.4885
          2.5378
         -5.7556
         -5.0597
          6.2495
         22.0900
          9.7538
          8.7099
         22.7795
        122.1324
        136.2168
          2.8566
         -2.0424
         39.2186
        -30.5759
        -20.6979
        -14.1610
         16.8689
         27.3281
        235.6482
        135.2188
        -41.9086
        -26.0640
          0.7492
          0.5065
         -2.8507
          6.3367
          9.0636
          1.8081
         -1.7037
          8.6907
         13.7493
          3.4063
         -5.1619
         -2.9175
          2.8622
         15.4374
          0.0000
          0.0000
         23.0319
         16.5073
         -2.7326
          4.4974
          2.1443
         99.1155
         60.5136
         13.4139
          7.5663
         14.1578
          4.4962
          8.1914
         16.9358
        172.1796
         -1.3087
         -9.8570
          3.8042
        -18.9356
        -29.1596
        -29.4189
        -14.0788
        160.9637
         71.6582
         -1.8804
         -6.9989
          2.1981
          6.7900
          2.1973
         -5.1009
        -18.2549
        -13.6110
          3.1966
          4.2879
        -16.5881
          5.9826
         -7.0234
        -24.8092
        -16.8488
        -12.2991
         -6.8035
        -10.7936
         -7.2967
         -0.0287
          5.8210
          0.1339
         -6.2943
        -10.4542
         -0.1551
          0.0000
          0.0000
          0.0000
          0.0000
         20.8072
         -1.5649
          0.0000
          0.0000
          0.0000
          0.0000
          0.0000
          0.0000
          3.9563
         -3.1333
          0.0000
          0.4421
          0.0000
          0.0000
          0.0000
          0.0000
          0.0000
          0.0000
          0.0000
          0.0000
          0.0000
          0.0000
          0.0000
          0.0000
          0.0000
         -6.9102
          0.0000
          0.0000
          0.0000
          0.0000
          0.0000
          4.0557
         22.7507
         18.5841
         -7.7400
          2.0766
         -0.9333
         -5.4811
         -8.4042
        -21.2928
        -31.8278
        -22.7445
         79.8981
         31.9092
         38.8155
         32.4886
          9.8039
         -0.8887
        -22.3042
          6.1660
        -25.5810
          0.2274
         15.9555
          4.3244
         -4.0769
          2.7663
         89.4192
         73.1446
         30.4308
         49.0605
         20.1754
         -0.5335
         -7.7942
          0.9749
         -1.2579
         12.4126
         13.3588
         61.1150
        -17.4881
        -20.8171
        -19.7557
        -11.3912
         -0.1860
          1.4008
        -21.3283
        -13.3576
         -7.0137
         -4.0514
         -2.5411
          6.7904
          3.1989
          9.1732
        -22.7335
        -11.8819
         -0.6705
         -2.8071
          0.0000
          3.7471
         -2.7339
         -5.4874
          0.0000
          0.0000
          0.0000
          0.0000
          1.4891
         26.4858
         43.4395
          4.7897
        -14.8774
         -7.9033
          0.0000
          0.0000
          0.0000
          0.0000
          0.2717
          0.0000
          0.0000
          0.0000
          0.0000
          0.0000
          0.0000
          0.0000
         25.6309
          9.9276
         -5.2445
        -12.5634
          0.0000
          0.0000
          0.0000
          0.0000
          3.0809
         -4.9782
         -3.5309
          1.2775
          0.0000
          0.0000
          0.0000
          8.3786
         39.1596
         32.5955
         12.2763
         -3.4658
        -13.5885
        -18.4072
          0.0000
          0.0000
         15.3433
          4.7983
         -3.9620
          1.8957
         10.8834
          4.3982
         -2.1414
         -3.4968
         -9.1707
         -5.9078
          0.0000
          0.0000
          0.0000
          0.0000
          0.0000
          0.0000
         17.4336
         19.3943
         -0.7652
         10.7836
         27.7561
         -1.3661
        -16.5878
          6.0600
         17.4439
         26.8350
         11.4229
         13.1720
         18.4685
         -8.8296
        -12.5594
          4.7223
          0.0000
         -9.8151
         -3.3350
          0.0000
          0.0000
          0.0000
          0.0000
          8.9020
          3.5332
         27.3571
         -0.5398
          9.4436
         21.1911
          7.2188
         -8.8390
        -15.2474
         16.8838
        136.4638
          0.0000
          0.0000
          0.0000
          0.0000
         16.0526
         -7.0101
        -28.2393
         -7.3769
          0.0000
          0.0000
          0.0000
          0.0000
          0.0000
          0.0000
          0.0000
        -14.5987
          0.0000
          0.0000
          0.0000
          0.0000
          0.0000
          0.0000
          0.0000
          0.0000
          0.0000
          0.0000
          0.0000
          0.0000
          0.0000
          0.0000
          0.0000
          8.1119
         -0.4711
         -5.3690
          8.5938
        -15.6885
        -19.0158
        203.1594
         54.1581
         -9.8856
        -29.9481
         16.3428
         51.0809
         28.0016
         65.1441
         27.7272
        -21.6760
        -10.6684
        -10.5627
          0.0000
         11.8513
          0.0000
          0.0000
          0.0000
         -0.1010
         -7.3572
         -8.9328
          2.2105
          4.7076
          0.0000
          0.0000
          0.0000
         -5.4713
          9.8563
        -43.5500
        -35.3200
          1.5664
         -5.0427
        -15.8661
        -33.2590
        -46.7157
         -7.1265
         -9.5635
          6.6175
         19.0494
         -6.6309
        -13.8394
        -21.5764
        -29.3486
          8.9487
          0.5329
          6.4932
         -4.5751
         -5.6041
         -5.7139
         -1.3979
        230.7995
        213.9349
         -0.6946
        -15.0972
         10.2086
         49.1751
         50.9211
         26.9752
        102.8307
        220.4157
         -3.9326
          9.0489
         24.8677
         -0.4794
         -9.9158
         -1.9107
        -12.4476
          3.5707
         -0.0060
         -2.6512
         -1.6743
          0.0000
          0.0000
          8.7496
         14.4354
         26.7310
         23.4074
          3.3901
         -0.6042
         -0.0426
         -4.0491
         16.8674
         21.8621
         22.2001
          7.3149
          4.9817
         10.2766
         -5.0120
         -6.8173
         -2.6211
          1.3854
          7.9100
        -11.2947
         15.6059
         63.8280
         18.9085
        -28.0706
        -30.8702
        -32.6025
        -11.4355
        -19.0600
         -3.6461
         18.4898
         24.6535
        191.1280
        161.5205
        132.0698
          6.1028
        -16.6777
        -16.7019
         -2.1661
          0.0000
          0.0000
         23.7492
         37.1800
         41.0356
        -30.6814
        -46.0976
        -20.2299
          3.2873
        -13.7107
         10.2245
         34.7833
        149.6177
         41.2532
         22.2427
         29.8453
          6.9851
        -17.9433
          0.8426
         27.2906
         31.2425
        -20.4917
          2.7837
         57.6482
         20.5100
        -12.3475
         -3.6665
         12.3316
         45.9161
          7.6184
         27.7989
         38.3523
         16.3103
        225.4806
         24.7778
         25.9722
         39.6285
        -28.1133
        -29.7806
         -2.2405
         34.2510
        104.2201
        293.2210
         -3.0015
         -9.1717
         65.4382
         33.8559
          0.0000
          0.0000
          9.9985
          6.2733
         -9.0098
          0.0000
          0.0000
          0.0000
          0.0000
          0.0000
         -2.4976
          3.9023
          7.3219
         14.5468
         33.5044
         34.9057
         45.9787
         26.5816
         -1.3823
          5.9708
        228.4952
        391.4772
        228.2132
         15.6636
         26.8411
         28.0371
         96.9421
        219.1865
        186.5730
         42.0828
         -0.5697
          0.0000
          0.0000
          0.0000
          0.0000
          0.0000
         31.3174
          6.2771
         -0.9339
          0.0000
         30.0852
         19.2489
         -2.8346
          7.9232
          9.4480
         87.6549
        207.6259
         84.2703
         14.0425
        -19.0066
        -38.0336
        -40.2021
        -17.0324
         51.6911
        -65.0735
        -53.8876
        -20.0162
        -33.2885
        -37.7162
        -19.9776
         97.8035
        197.7642
         88.9195
        108.6948
        168.1228
         44.1914
         -6.3425
        -12.1107
        102.6648
        280.9925
         44.7033
        -10.8190
         26.1098
         -7.3318
        -31.6605
        -33.1466
        139.1327
        648.4993
        457.0223
         55.7012
         45.8524
         11.6710
         -6.0505
        -25.8544
        -21.8155
        156.5671
        286.7226
        115.8095
         47.5107
         87.6222
        265.2435
        477.5588
        558.8433
         32.2516
          0.0000
          0.0000
          0.0000
          0.0000
          0.0000
          0.0000
          0.0000
          0.0000
          0.0000
          0.0000
          0.0000
          0.0000
          0.0000
         16.3028
         14.2508
         19.5175
         35.7758
        100.3758
         45.3484
        -11.4088
        -19.0005
        -21.6608
         37.2497
        -19.3513
          0.0000
          0.0140
         38.6321
         41.1441
         -0.4228
        -15.1143
        -28.1378
         -8.7141
         49.0611
         65.1782
         31.4774
         -0.2246
         20.7106
         26.9802
        203.2523
        358.9322
         84.6659
         -2.7868
          0.6794
          3.5977
         -4.1087
         -4.5469
         -5.2060
         40.0012
          3.0381
          2.0830
         -0.0532
          3.9850
         -8.9050
         -1.7172
         20.3696
        222.4503
        263.1323
        -18.1807
         -1.2459
         10.9922
          1.8542
         62.7293
        104.3948
         78.1352
        -13.9842
         23.0270
         29.5059
          0.4721
         -1.6015
          0.3143
        -29.6878
         -7.5720
          6.3188
         10.4111
          0.0000
          0.0000
          0.0000
          0.0000
          1.3451
        -10.6956
          0.0000
          0.0000
          0.0000
          0.0000
          0.0000
          0.0000
          5.0401
          0.0000
         -2.0927
          0.0000
          0.0000
          0.0000
          1.3144
         13.2655
         26.9740
         23.8738
         11.9231
         20.6458
         43.0096
         35.1809
        -12.9931
        -10.8644
         27.4192
        131.0146
        392.3875
        470.1768
        555.0295
        395.1170
        117.7308
        -13.2748
         -8.9403
         59.2365
        103.3948
        -30.0042
         41.8354
         50.8265
        -37.0798
        -52.1699
        -41.8870
         75.5359
         19.1157
          0.4928
        -38.0694
        -45.0278
        -47.3700
        -47.9960
         44.1884
         -6.3919
        -41.4586
        -10.1254
         12.7793
        -26.2410
        -38.3318
         -1.7282
          2.5199
         -1.3062
          0.0000
          4.1336
        107.1845
        139.6569
          0.0000
          6.2173
         10.6342
         23.5701
          9.1444
         -7.2548
         -6.1306
        -13.8297
        -13.7664
         -7.4150
        141.2008
        271.8348
          9.3761
         -3.0829
         59.8244
        273.9831
        411.7118
        520.7774
        195.9214
         47.2755
         10.4556
         96.7756
        277.3432
         -0.9260
          7.6338
         44.0465
        -12.4978
        -13.3484
         42.1289
          2.9530
         -1.3127
         -8.8741
          2.6744
          2.1987
          2.5144
        -12.5323
        -21.6942
          0.0000
          0.0000
          0.0000
          0.0000
          0.0000
          3.9130
         -1.7426
          0.0000
          0.0000
          0.0000
          0.0000
          0.0000
          0.0000
          1.0073
         -2.2430
          0.1370
          8.6945
          0.0000
          0.0000
          0.0000
          3.1263
         -9.8482
        -14.8806
          0.0000
          0.0000
          8.8851
         27.8418
         14.9971
        -18.4622
        -27.8620
         -7.8904
         -3.5674
        -14.6342
         -8.6566
         10.8405
          7.5761
         33.8264
        323.1736
         59.2038
          5.9900
          3.3849
         32.0656
          2.7999
         89.2806
        170.7685
          9.6017
        -28.1651
        -23.2738
         21.2403
        146.1573
        160.3951
         -5.6883
         -5.4218
         13.7380
         65.1103
        -12.9660
         11.4779
         26.9149
        -33.6318
        -14.0263
         54.7285
        319.3565
         60.8187
          0.0000
          0.0000
         14.6502
          9.9762
         10.2023
          0.1603
         12.0690
         65.2588
         30.5788
          0.0000
          1.7874
          5.0148
          1.3907
         15.1769
          0.3411
         -1.0188
          7.8687
         27.1090
         26.6932
          2.4915
          0.0000
          0.0000
          7.2377
         -7.5092
         -5.5704
          0.0000
          0.0000
          0.0000
         14.6970
         18.1560
         50.9005
         44.8233
         55.7877
         17.8378
         22.7489
          9.7976
         19.6944
        170.8361
        259.1774
         38.9968
        -30.4713
          7.5973
         19.6293
         29.3237
         28.1475
         -5.4364
        -12.2292
          6.1289
         68.5361
         40.3629
         42.8043
          4.4072
        101.5386
         59.7740
        -14.4961
          2.4877
          0.0000
          1.3922
         48.4562
         10.6753
        -17.0798
        -18.2225
         -1.0363
          7.3647
         -1.6351
         26.7441
          7.4446
         -2.8259
         13.1717
         18.1537
         59.1344
        269.6654
         78.5277
        142.8348
         45.2987
         13.1207
        -12.7498
        -15.9951
         59.0214
        133.7949
          0.0000
          0.0000
         40.2131
         16.3321
         13.9797
        -16.6768
        -29.6582
          0.0000
          0.0000
          0.0000
         17.7908
        -25.3912
         22.8655
          2.7055
        -23.3326
         -7.5420
          0.0000
          0.0000
          0.0000
          0.0000
         16.4781
        -11.3352
        -13.0129
          5.9628
          0.0000
          9.7566
         39.1350
         34.4407
         26.2363
         12.1779
         29.6663
         74.0457
         24.9546
         15.4442
         45.4246
         97.4873
         85.0541
         56.1231
         73.2224
         92.0404
         -3.0958
         15.0016
         26.7898
         -7.2238
        127.9196
        138.5177
         50.1500
         33.1757
          0.0000
          2.9098
          8.1959
          0.0000
          5.8881
         10.9984
         49.2740
        202.3475
         52.5034
         14.6393
         16.4526
          0.0000
          7.8503
         45.6485
        -12.2474
         11.7987
         62.1655
         34.9461
         57.7811
         34.4217
         95.7575
        157.6085
        247.3161
        181.4634
         93.1221
        -11.4317
          0.0000
          0.0000
          0.0000
         16.8169
          2.9131
         -7.5161
         -6.7768
         14.9338
         34.1015
         18.8920
          6.0848
         24.3046
         25.9813
         35.5709
          0.0000
         13.5326
         36.5839
         -1.6773
          1.8606
          4.8497
          2.9742
          9.1213
          7.6321
         12.4797
         26.3768
         -0.2118
        225.6638
        225.9160
        103.6746
         -0.1603
          0.0000
          0.0000
         22.3773
         11.0731
        191.8117
        137.8122
        -10.9351
         -5.2681
         -1.7053
          7.1149
         16.9065
        -16.2189
          1.4472
         26.0345
         40.4667
         90.2727
         90.2727
