          0.0000
          0.0000
          0.0000
          0.0000
          0.0000
          0.0000
         -8.0597
          0.0000
          0.0000
          0.0000
          0.0000
          0.0000
          0.0000
          0.0000
         -5.2561
          0.0000
          0.0000
          0.0000
          2.1334
         12.0812
         12.2210
          0.0000
          0.0000
          0.0000
          0.0000
          0.0000
          0.0000
          0.0000
         13.3366
          1.7164
         -1.7053
          0.0000
          0.0000
          1.7587
          1.7412
         21.0503
         22.6536
         21.7851
         67.6381
          0.0000
          0.0000
          0.0000
          0.0000
         22.2287
          4.9807
         -1.6806
         -1.3319
          0.0000
          0.0000
          0.0000
          1.0853
         18.7375
         39.3786
         95.4966
        135.5090
         23.2643
          0.0000
          0.0000
          0.0000
          0.0000
          9.7287
          8.1034
         69.4817
         77.4393
         28.7839
          6.2634
          7.2594
          0.0000
          0.0000
          0.0000
          0.0000
         19.8919
          7.4054
         -4.2404
         10.0433
         63.0425
         36.2274
          1.9816
         37.4980
        107.1550
        109.5820
        118.1919
         81.8978
         24.3836
          0.0000
          0.0000
          0.0000
          0.0000
          0.0000
          0.0000
          0.0000
          0.0000
          0.0000
          0.0000
         55.6351
         85.9570
         37.0386
         73.9278
        122.8031
        102.5536
         53.1500
         -0.2148
         -1.7375
          0.0000
          0.0000
          0.0000
          0.0000
          0.0000
          0.0000
          0.0000
         21.4330
         24.5000
         47.7981
          1.8999
         -1.3754
          0.0000
          4.1232
          4.5910
         18.3686
         24.8597
          0.0000
          0.0000
          0.0000
          0.0000
          6.3397
          0.0000
          0.0000
          0.0000
          0.0000
          0.0000
          5.6132
          0.0000
          6.5802
         54.7031
         12.6390
          0.0000
          0.0000
          0.0000
          2.5856
         14.1888
         14.8954
        141.9794
          0.0000
          0.0000
          0.0000
         25.3865
         23.9995
         24.3335
         35.2003
         96.4560
          1.5951
         -0.1034
         10.8804
         46.4247
         44.4883
          0.0000
          0.0000
          0.0000
          0.0000
          0.0000
          4.6771
         21.7958
          0.0000
          0.0000
          0.0000
          0.0000
         -1.8245
          0.0000
          0.0000
          0.0000
          0.0000
          0.0000
          7.4081
          3.6533
          0.0000
          0.0000
          0.0000
          0.0000
          0.0000
         10.2198
         11.8064
          0.0000
          0.0000
          0.0000
          0.0000
          0.0000
          2.8266
         15.5524
          7.1186
          0.0000
          0.0000
          0.0000
         17.1142
         12.9079
         24.2672
          9.0601
         10.4455
         15.5973
         67.3310
         59.8782
         83.4579
         94.6049
         66.9652
         75.1301
         -8.0382
          0.0000
          0.0000
         67.0140
         29.9960
          8.2139
          8.6082
         -4.8040
         -2.5662
         -2.8512
        104.9961
        123.6165
         21.8876
          8.0188
         31.1986
         35.5017
         26.8997
          0.0000
         46.6499
         79.3432
          5.3822
         15.3102
          0.0657
         -0.0938
         -0.0981
          0.0000
          0.0000
          0.0000
          0.0000
          0.0000
          0.0000
          0.0000
          0.0000
          0.0000
          0.0000
          0.0000
          0.0000
          0.0000
          1.0894
          1.2161
         10.5687
         20.8671
         98.2695
         23.2933
          0.0000
          0.0000
          5.9975
          6.0430
          7.4722
          0.0000
         38.8604
          0.0000
          0.0000
          0.0000
          0.0000
          2.8370
         37.2958
         -0.5563
          0.0000
          0.0000
          0.0000
          0.0000
          0.1196
          0.8575
          8.2029
          2.9705
          0.0000
         53.5777
        123.1077
         82.8905
         33.7380
          0.0000
          0.0000
          0.0000
         -6.6481
         99.8146
         30.5670
          1.6689
         -5.3503
          0.2794
        -13.2620
          0.0000
          0.0000
        173.1507
          0.0000
         19.5873
          5.4100
          0.0000
          1.3102
          0.0000
         38.7464
         19.5402
          5.3343
         -1.9539
          8.5723
          7.3497
         -0.8906
        195.4401
        208.1813
        101.3130
          0.0000
          0.0000
          2.3276
          5.3221
          9.7663
         13.1869
          3.5949
          0.0000
          0.0000
          0.0000
          3.9774
          0.0000
          3.5322
          0.2120
         -1.1121
         -0.0848
         16.1139
         21.0603
         22.4527
         35.8535
         41.6622
         18.7938
         82.8464
         60.3202
         33.6559
          6.2097
         17.1011
        135.4559
        168.5646
         36.2887
         -4.0641
          0.0000
          0.0000
          0.0000
         19.0504
         85.5111
         76.0113
          0.0000
         -2.6579
          0.0000
         20.6229
         12.8031
          0.2570
         -3.5934
        -19.3634
        -30.7471
         13.3085
         33.5995
          2.6863
         30.9485
        102.4799
         94.6189
         32.3714
         25.2273
          0.0000
         19.3668
         37.0006
         25.6083
         12.9932
         16.8194
         17.1657
         27.9649
        126.9718
         68.5693
         -2.9180
          0.0000
          0.0000
          0.0000
          4.1220
          0.0000
         53.9941
         95.3961
         43.6581
         -1.1198
          9.9303
          5.8928
         -0.7147
         -7.6370
        126.0620
        170.6299
         21.7168
          0.0000
          0.0000
          2.4394
         35.0544
          3.0923
         40.0130
         30.6932
          0.0000
          0.0000
          0.0000
          0.0000
          0.0000
          0.0000
          2.1041
          0.3911
          3.7607
          0.0000
          3.0816
         20.1352
         26.9064
          9.0163
          0.0000
          0.0000
          6.2884
         31.1509
         86.2294
        152.5043
         75.2936
          0.0000
          0.0000
          0.0000
          0.0000
          0.0000
          0.0000
         17.8814
         19.8240
         77.2389
         27.4367
          0.0000
          0.0000
          0.0000
         10.9935
         20.3996
         24.8374
         98.6317
          0.0000
          0.0000
          0.0000
          2.1637
         14.0101
         12.0498
         17.5882
         75.0035
          0.0000
          0.0000
          0.0000
          1.1095
          6.7833
         12.1659
         12.5079
          5.1344
        130.2921
          0.0000
          0.0000
          0.0000
         47.7718
         44.5289
         81.6743
        182.5232
         91.3463
         11.4290
          0.0000
          0.0000
          0.0000
          0.0000
          0.0000
          0.0000
          3.6728
          0.0000
          0.0000
          0.0000
          0.0000
          0.0000
          8.6599
          0.0000
         22.5319
         30.4080
          0.0000
          0.0000
         17.1835
         41.1229
         28.9371
         21.0607
         44.9160
         60.9000
        199.4506
        206.7094
        163.0467
         98.2652
         51.7285
          0.0000
          0.0000
          0.0000
          0.0000
          0.0000
          0.0000
          0.0000
          0.0000
          0.0000
         10.8793
          7.1637
         12.0797
         19.1903
         15.2043
         11.4283
         50.1267
         59.0073
         11.8500
         36.4833
          0.0000
          6.2385
         36.0743
         69.3365
          0.0356
          0.0000
         66.2158
         33.3820
          0.0000
          0.0000
          0.0000
          0.0000
          7.3077
          1.4042
         -1.5795
          0.0000
          0.0000
          0.0000
          0.0000
          0.0000
          4.1998
          9.1443
         81.7004
        163.0719
        169.1530
        164.6989
        136.0820
        161.9353
        178.6869
          6.1893
          0.0000
          0.0000
          0.0000
          0.0000
          0.0000
          0.0000
          0.0000
          0.0000
         -1.2415
         -3.6809
         -0.4469
          0.0000
          0.0000
          0.0000
          0.0000
          0.0000
          0.0000
         62.3895
          9.5291
        -21.6738
          4.4312
         15.4966
          6.4604
        106.9624
        199.3276
        133.5739
        144.3628
        143.6345
        161.1579
        139.7777
         97.1608
         29.2469
          0.0000
          0.0000
          0.0000
          0.0000
          0.0000
          0.0000
          0.0000
          3.0105
         55.1714
         26.1672
        -20.2127
          0.0000
          0.0000
          0.0000
         20.9573
         89.3123
         44.9166
          2.1707
          2.3492
          0.0000
          0.0000
          0.0000
          0.0000
          0.0000
          0.0000
          0.0000
          0.0000
          0.0000
          0.0000
          0.0000
          0.0000
          0.0000
         -0.3921
          0.0000
          0.0000
          0.0000
          0.0000
          0.0000
          2.3133
          0.0000
          0.0000
          0.0000
          0.0000
         24.6770
         12.7403
         20.1933
          0.0000
          0.0000
          0.0000
          0.0000
          0.0000
         20.4925
         51.6779
        119.0520
        123.3688
        117.4001
          0.0000
          0.0000
          3.8282
          5.3138
         14.1132
        120.7998
        116.6352
          1.2691
          0.0000
          0.0000
          0.0000
         12.6571
         19.9891
        120.4167
        113.4124
          0.0000
          0.0000
          0.0000
          9.2268
         33.7377
         22.8827
         30.2845
        -10.0422
         53.5795
         17.4041
         24.4227
         30.9280
         14.1786
         20.1788
         70.3344
         29.3625
          0.0000
          2.2613
         82.7407
         38.4699
         10.5364
          8.6086
         39.2557
         95.6984
         56.6320
         11.3419
          0.0000
          0.0000
          0.0000
          0.0000
          0.0000
          0.0000
          0.0000
          0.0000
          0.0000
          0.0000
          0.0000
          0.0000
          0.0000
          7.6853
          4.0423
         22.0248
         35.8965
         24.3111
         37.9194
         30.3051
         40.7488
        105.8163
         98.5587
          0.0000
         86.3017
        100.0424
        148.4963
         40.4909
          0.0000
          0.0000
          0.0000
          0.0000
          0.0000
          0.0000
          0.0000
          0.0000
          0.0000
          0.0000
          0.0000
         19.7174
         15.4271
        -15.1270
         -2.5054
          0.0000
          0.0000
          5.6733
          0.0000
         -6.6960
         -2.4525
          2.5927
         38.6275
         79.2506
          0.0000
          0.0000
          0.0000
         14.8140
         -1.7412
         17.4520
         15.3940
         27.0544
         64.0361
        115.7074
        227.6236
         56.8324
          0.0000
          0.0000
          0.0000
          0.0000
          0.0000
          0.0000
          0.0000
         91.1117
         75.2755
          0.0000
          0.0000
          0.0000
          0.0000
          0.0000
          0.0000
         -0.7314
          0.0000
          0.0000
          0.0000
          0.0000
          0.0000
          9.8455
         -3.9351
         34.5252
          6.8837
         -1.9725
         -0.6444
          0.0000
          0.0000
          7.1812
          4.7553
         38.1805
         83.7522
         56.1214
        -23.2211
         -6.2638
          0.0000
          2.3696
          0.0000
          0.0650
          0.0000
          4.0801
          0.0000
          0.4501
         11.1688
          4.7793
          0.0000
          0.0000
          0.0000
          4.0354
         54.8094
          4.5853
         -3.4681
         15.8442
          2.4517
          1.2332
          3.2012
          8.8109
          0.7175
         -0.4863
         27.6553
         28.6129
         65.0173
         10.6575
          5.4286
         24.5617
         71.3149
         22.3230
          0.0000
          0.0000
          4.0874
         22.9335
          0.1627
          1.4816
          0.0000
          0.0000
          0.0000
          0.0000
          0.0000
         -1.7390
         -0.3782
          6.4757
          7.7759
          4.6406
          0.0000
          0.0000
          0.0000
          0.0000
          4.1698
         16.4268
        112.6600
        147.2507
         45.3962
          0.0000
          0.0000
          0.0000
          0.0000
          8.2419
         -6.0733
        132.8455
        113.0797
         36.6664
         93.8119
        199.6682
        124.7759
          0.0000
          0.0000
          0.0000
          0.0000
          0.0000
          0.0000
         -3.4451
         -2.2177
          5.7768
         12.5059
          6.0036
          3.3620
          0.0000
          0.0000
          0.0000
          0.0000
          0.0000
         10.6700
         19.6173
          6.7644
         45.5201
        154.1294
        113.7825
          0.0000
          0.0000
          0.0000
          0.0000
          0.0000
          0.0000
          0.0000
          0.0000
          0.0000
          0.0000
          0.0000
          7.2117
          8.8557
         35.4877
         -0.3186
         16.4158
         21.7460
         -1.9256
         -8.1199
          5.2894
          1.4092
          4.5438
         37.9091
          0.0000
          0.0000
          0.0000
         66.9270
         88.9465
         76.7985
         11.2152
          0.0000
         33.6657
          0.0000
          0.0000
          0.0000
          0.0000
          0.0000
          4.7056
         15.3651
         60.8694
          6.1374
         28.6223
         55.8363
         17.2236
          0.0000
         14.4196
         54.6401
        145.9563
         23.8631
          0.0000
          0.0000
          0.0000
          0.0000
         12.1470
          0.0000
         20.8949
          0.0000
          1.4720
         27.0917
         52.5049
         17.0768
         15.6991
         22.2397
        144.2928
        140.7608
          3.5020
         19.8198
          8.1221
          5.6029
          1.1051
          0.0000
         32.1797
         25.6189
          0.0000
          0.0000
         10.5004
          9.8630
         -7.1467
         54.7531
        105.3644
          0.0000
          0.0000
          0.0000
          0.0000
          0.0000
          2.5873
          0.0000
          0.0000
          0.0000
          0.0000
          0.0000
          0.0000
          0.0000
          1.3664
          0.0000
          0.0000
          0.0000
          0.0000
          0.0000
          9.3413
         33.8433
         26.3898
          6.2008
         13.5325
         72.0059
         74.9384
         42.2349
         45.6817
         70.8312
         63.4361
         27.2697
         -4.3696
          0.0000
          1.0024
          4.8223
          6.1331
          0.0000
          0.0000
          0.0000
          0.0000
          0.0000
          2.1113
          9.8009
         12.9190
          8.7028
          1.1179
          0.0000
          0.0000
         21.8389
          9.0859
         30.3287
        142.2104
        150.5234
        126.2496
        142.8182
         65.7276
          4.6963
         -4.4529
          0.0000
          0.0000
          0.0000
          0.0000
          0.0000
         -3.5837
         17.9275
         68.2759
         41.6689
          0.0000
          0.0000
          0.0000
          0.0000
          0.0000
          0.0000
          0.0000
          0.0000
          0.0000
          0.0000
          0.0000
          0.0000
         -2.2902
         -0.3950
          5.9390
          0.0000
          0.0000
          0.0000
          0.0000
          0.0000
          0.0000
          0.0000
          8.7482
         26.1626
         49.5675
         85.1192
        141.8086
        202.0796
        141.2485
         71.9266
          0.0000
          0.0000
          0.0000
          0.0000
          2.3087
          0.5010
         -0.0739
         21.5623
         26.5665
         27.0734
         41.7010
         63.2798
         60.4897
         58.7712
        120.3564
         71.2501
          0.0000
          0.0000
          0.0000
          0.0000
          0.0000
          0.0000
          0.0000
          0.0000
          5.3992
          0.0000
          0.0000
          7.3590
         15.5406
         16.2850
         38.5152
         61.0538
         32.6124
        -10.8790
          0.0000
          0.0000
          1.1982
          0.0000
          0.0000
          0.0000
          0.0000
          0.0000
          0.0000
          3.1480
          9.2225
          0.0000
          0.0000
          0.0000
          4.9498
         17.1255
         20.2810
         18.6371
         -3.2147
        133.4710
         94.4225
          0.0000
          0.0000
          0.0000
          0.2363
          0.0000
          0.0000
          0.0000
          7.0060
          2.6074
          0.0000
          0.0000
          0.0000
          0.0000
          0.0000
          0.0000
         -0.6922
          0.0000
          0.0000
          0.0000
          5.5337
          8.7248
         31.5875
         46.4547
         10.8236
         -0.5592
          0.0000
          0.0000
          0.0000
          0.0000
          0.0000
          0.0000
          0.0000
          0.0000
          0.0000
          0.0000
         10.6996
          3.9531
          6.5541
          1.0239
         90.3809
         82.7042
         -0.1204
        -10.9885
          0.0000
          0.0000
          8.5596
          1.9235
         36.3761
         11.3871
          9.9936
         -4.2389
         -2.8573
          0.0000
          0.0000
          0.0000
          0.0000
          0.0000
          0.0000
          0.0000
          0.0000
         77.4936
         64.1216
         55.6300
         99.6389
         12.9986
         -3.7121
          0.0000
          1.3427
          0.0000
          2.4219
          0.0000
          0.0000
          0.1618
          5.7453
          3.6885
         21.3006
         28.5168
         16.3323
         21.7059
         18.4343
         95.0210
         23.2061
         16.3313
         23.5409
         13.6238
          0.5391
          0.0000
          0.0000
          0.0000
          0.0000
          0.0000
          0.0000
          0.0000
          1.1876
          0.0000
          0.0000
          0.0000
          6.4440
         16.2600
         20.4601
         15.7735
         28.9074
         31.2624
         78.8254
         18.4106
         16.7563
         12.9008
          0.0000
          1.6335
         53.2075
         99.1764
          0.0000
          0.0000
          0.0000
          0.0000
          0.0000
          0.0000
          3.3802
          0.0000
         -3.3521
         15.7990
          0.0000
          0.0000
          0.0000
          0.0000
          0.0000
          0.0000
          0.0000
          0.0000
          0.0000
          3.6341
          8.4663
          0.0000
          0.0000
          0.0000
          0.0000
          0.0000
          0.2578
          0.9331
          0.2406
          0.0000
          0.0000
          0.0000
          0.0000
          0.0000
         11.1363
         41.4420
         38.8946
         14.3979
         10.1988
          0.0000
          0.0000
          0.0000
          0.0000
          2.5947
          9.4015
         17.9694
          4.0593
          0.0000
          0.0000
          0.0000
          0.0000
          0.0000
          0.0000
         11.8783
          6.6265
         25.7008
         73.8129
         34.2203
          0.0000
          0.0000
          0.0000
          0.0000
          4.7320
          0.0000
          0.0000
          0.0000
          0.0000
          0.0000
          0.0000
          0.0000
          0.0000
          0.0000
          0.0000
          0.0000
          0.0000
          0.0000
          0.0000
          0.0000
          0.0000
          0.0000
          0.0000
          0.0000
          5.8310
          2.5384
          0.0000
          0.0000
          0.0000
          0.0000
          0.0000
          0.0000
          0.0000
         29.5670
         24.6349
          8.3554
         62.8444
         66.0540
        138.8627
        165.3131
          0.0000
          0.0000
          0.0000
          0.0000
          0.0000
          0.0000
          0.0000
          0.0000
          0.0000
          0.0000
          0.0000
          0.0000
          0.0000
          0.0000
          0.0000
          0.0000
          0.0000
          0.0000
          0.0000
          0.0000
          0.0000
          0.0000
          0.0000
          0.0000
          0.0000
          0.0000
          0.7488
          0.0000
          0.0000
          0.2049
        -10.5439
         -6.4965
          0.0343
         13.9481
         10.0632
         -1.4490
          0.0000
         22.4456
         11.0339
          0.0000
          0.0000
          0.0000
          0.0000
          2.7313
          8.3951
          3.9874
         -0.2833
         21.5932
         16.7130
          5.4164
         25.0382
          1.0592
          0.0000
          0.0000
        131.3086
         37.2551
          0.0000
          0.0000
          0.0000
          8.2156
         96.0781
        156.8076
         27.0768
          0.0000
          0.0000
          0.0000
          2.7739
          6.2371
          8.7306
          7.8083
          9.3955
         46.2568
        133.7100
         65.6316
          5.5056
          0.0000
          0.0000
          0.0000
          0.0000
         17.3058
         18.0751
          3.7075
          5.3209
          0.0000
          0.0000
          0.0000
          0.0000
          0.0000
          0.0000
          0.0000
         17.2092
          0.0000
          0.0000
          0.0000
          0.0000
          0.0000
          0.0000
          0.0000
          0.0000
          0.0000
          0.0000
          5.8071
         12.3266
          0.1364
          0.0000
         19.6593
          6.2464
          6.0093
         13.2295
          8.5188
          0.0000
          0.0000
          4.1526
          6.6450
          5.0670
         10.7458
         64.0944
         54.7573
         47.3151
          0.0000
          0.0000
          0.8451
          0.0000
          0.0000
          3.3417
          0.0000
          1.3838
          8.4847
         22.7875
         36.1580
         15.0574
         13.1826
          5.7925
        -17.8334
          4.3674
         94.3968
          5.9789
         46.0109
         22.7254
         56.6700
         69.6929
         40.7879
         -4.8981
         -0.6895
          3.0775
          0.0000
         20.1565
         62.5410
          9.9249
          1.9131
          5.8666
         -0.0057
          2.3866
          0.5406
          1.0036
          0.5837
          6.4814
          7.8991
         -1.6168
          0.0000
          0.0000
          0.0000
          0.0000
          0.0000
          3.0919
          0.0000
          0.0000
          0.0000
          7.3225
         15.8628
         43.1326
        122.9810
         85.7670
          0.0000
          0.0000
          0.0000
          0.0000
         17.9111
         18.1579
          8.1844
          4.5052
          0.0000
          0.1139
          0.0000
          0.0000
          0.0000
          0.0000
          0.0000
          0.0000
          0.0000
          0.0000
          0.0000
          0.0000
          0.0000
          0.0000
          0.0000
          2.4804
          0.0000
          0.0000
          0.0000
          0.0000
          1.0841
          1.4267
          0.0000
          0.3598
          0.0000
          0.0000
          0.0000
          2.8056
          2.7575
          2.2846
          6.2968
          5.2595
          0.0000
          0.0000
          0.0000
          0.0000
          0.0000
          0.2088
          8.5729
         31.5857
         45.5498
         37.9419
          0.0000
          0.0000
          0.0000
          7.3327
         31.9665
         43.7573
         21.6370
          0.0000
          0.0000
          0.0000
         13.9247
         18.1010
         -0.9295
          1.5275
         52.4721
         51.9228
          0.0000
         14.2128
         25.3147
         28.7688
         32.2103
         11.2819
          4.2347
         59.9185
          0.0000
          0.0000
          0.3995
          0.0000
          0.0000
          5.9895
          0.0000
          0.0000
         40.8013
          0.0000
          0.0000
          0.0000
          0.0000
          0.0000
          0.0000
          0.0000
          5.9842
         13.8382
         26.9313
         15.6905
          2.0439
         22.9419
          0.0000
          0.0000
          0.0000
          0.0000
         13.3305
         10.9238
          1.8322
          5.1094
          0.0000
          0.0000
          0.0000
          0.0000
         10.4033
          8.0236
          4.1123
          4.6487
          0.0000
          0.0000
          0.0000
          0.0000
         13.7855
          6.9023
         -3.2733
         -0.6169
          0.0000
          0.0000
          0.0000
          0.0000
          0.0000
          1.9804
          0.0000
          0.0000
          0.0000
          0.0000
          0.0000
          0.0000
          0.0000
          7.3688
          6.3124
          6.2645
          0.0000
          0.0000
          0.0000
          2.2957
         12.4729
         16.2729
         23.9305
         18.6779
          0.0000
          0.0000
          0.0000
          0.2529
         56.4457
         16.5284
          1.2408
          3.8332
          0.0000
          0.0000
          0.0000
          0.0000
          0.0000
          0.0000
          0.0000
          0.0000
          0.0000
          0.0000
          0.0000
          0.0000
          0.0000
          0.0000
          0.0000
          2.6581
          0.0000
          0.0000
          0.0000
          8.7753
         26.4404
         16.7110
         19.3434
          9.4002
          0.0000
          0.0000
          0.0000
          0.0000
          0.0000
          0.0000
          0.0000
         10.7678
          0.0000
          0.0000
          0.0000
          0.0000
          0.0000
          0.0000
          0.0000
          0.0000
         13.2189
         12.2318
          0.0000
          0.0000
          0.0000
          0.0000
          0.0000
          0.0000
         29.9332
          0.0000
          0.0000
          0.0000
          0.0000
          0.0000
          0.0000
          9.3073
          0.0000
         21.7184
          0.0000
          0.0000
          0.0000
          0.0000
          0.0000
          0.0000
          0.0000
          0.0000
          0.0000
          1.3367
          6.0605
         11.6098
          0.5155
          5.9292
         25.6030
         53.0090
          0.8602
          0.0000
          0.0000
          0.0000
          0.0000
          0.0000
          0.0000
          0.0000
          0.0000
          0.0000
          0.0000
          0.0000
          0.0000
          0.0000
          0.0000
          0.0000
          0.0000
          0.0000
          0.0000
          0.0000
          0.0000
          0.0000
          0.0000
          0.0000
          0.0000
          0.0000
          7.1763
          2.8193
          0.0000
         10.2342
          0.0000
         22.7190
         14.3954
          0.0000
          4.9417
         13.6360
         -2.2090
        -15.5800
          0.0000
          0.0000
         16.7821
         23.5454
         28.0760
         28.8530
         36.5413
         44.6106
          0.0000
          0.0000
          0.0000
          1.2892
          2.5167
          3.6396
         10.2628
          2.5285
         44.0511
         17.2770
          0.0000
          0.0000
          0.0000
          0.0000
          5.4772
         -6.1262
          0.0000
          0.0000
          1.7558
          0.0000
          0.0000
          0.0000
          0.0000
          4.9627
          5.7582
         14.3104
         12.9094
          9.8596
          6.1614
          1.8740
          0.0000
         15.9971
         48.1388
         96.5819
         16.7865
          0.0000
          0.1939
          9.9894
          3.1662
         -6.1099
          0.0000
          0.0000
          0.0000
          0.0000
          0.0000
          0.0000
          0.0000
          0.0000
          0.0000
          0.0000
          0.0000
          0.0000
          0.0000
          0.0000
          0.0000
          8.9887
          0.0000
          0.0000
          0.0000
          0.0000
         13.7503
          7.8694
          1.0278
         -9.3488
          0.0000
          0.0000
          0.0000
          0.0000
          0.0000
          0.0000
          0.0000
          8.1758
          1.0793
         27.1617
          0.0000
         14.1228
         41.2218
          0.9639
          3.3589
        151.9410
        117.1143
          0.0000
          0.0000
          0.0000
          0.0000
          0.0000
          0.0000
          0.0000
          0.0000
          0.0000
          0.0000
          0.0000
          0.0000
          0.0000
          0.0000
          0.0000
          0.0000
        -11.8883
          0.0000
          0.0000
          0.0000
          0.0000
          0.0000
          0.0000
          0.0000
          0.0000
          0.0000
          0.0000
          0.0000
          0.0000
          0.0000
          0.0000
          0.0000
          0.0000
          0.0000
          0.0000
          0.0000
          0.0000
          0.0000
          0.0000
          0.0000
          0.0000
          0.0000
          0.0000
          0.0000
          0.0000
          0.0000
          0.0000
          0.0000
          0.0000
          9.2621
         20.4059
         18.5746
          2.7311
          0.0000
          0.0000
          0.0000
          0.0000
          0.0000
          0.0000
          0.0000
          0.0000
          0.0000
          0.0000
          0.0000
          0.0000
          0.0000
          0.0000
          0.0000
          0.0000
          0.0000
          0.0000
          0.0000
          0.0000
          0.0000
          0.0000
          0.0000
          0.0000
          0.0000
          5.2879
          0.0000
          0.0000
          0.0000
          0.0000
          0.0000
          0.0000
          0.0000
          0.0000
          0.0000
          0.0000
         38.1487
         10.1618
         23.3795
         11.3865
         10.9491
          9.4537
         -0.8882
          0.0000
          0.0000
          0.0000
          3.3117
          0.8270
          0.4942
          0.9917
          2.8373
          0.0000
          0.0000
          0.0000
          0.0000
          0.0000
          7.8947
          7.2868
          0.0000
          0.0000
          0.0000
          0.0000
          0.0000
          0.0000
         11.6304
         84.1053
          0.0000
          0.0000
          0.0000
          0.0000
          0.0000
          0.0000
          0.0000
          0.0000
          0.0000
          0.0000
         28.9064
          0.0000
          0.0000
          0.0000
          0.0000
          0.0000
          0.0000
          0.0000
          0.0000
          0.0000
          0.0000
          0.0000
          0.0000
          0.0000
          0.0000
          0.0000
          0.0000
          0.0000
          0.0000
          0.0000
          0.0000
          0.0000
          0.0000
          0.0000
          0.0000
          0.0000
          0.0000
          0.0000
          0.0000
          0.0000
          0.0000
          0.0000
          0.0000
          0.0000
          0.0000
          0.0000
          0.0000
          0.0000
          0.0000
         10.8152
          0.0000
         27.3523
         40.2300
          0.4751
         -0.5140
         15.1718
          0.0000
         86.9434
         26.6436
          0.0000
          0.0000
          0.0000
          9.4492
          5.5751
          0.0000
        175.9331
        102.8679
          0.0000
          0.0000
          2.8193
          2.5369
          5.8739
          0.0000
          0.0000
          0.0000
          0.0000
         11.2003
         10.1397
          0.0000
          0.0000
          0.0000
          0.0000
          0.0000
          0.0000
          0.0000
          0.0000
          0.0000
          0.0000
          0.0000
          0.0000
          0.0000
          0.0000
          0.0000
          5.6569
          5.1555
         -0.0724
         32.8570
         18.0215
          0.0000
          0.0000
          0.0000
          1.8448
          1.8995
          7.4400
          0.0000
          0.0000
          0.0000
          0.0000
          0.0000
          1.5949
          0.4815
          0.0000
          0.0000
          0.0000
          0.0000
          0.0000
          0.0000
          0.0000
          0.0000
          0.0000
          0.0000
          0.0000
          0.0000
          0.0000
          0.0000
          0.0000
          0.0000
          0.0000
          0.0000
          0.0000
          0.0000
          0.0000
          0.0000
          4.9044
          2.1890
          0.3917
         19.5236
         54.3756
          0.0000
          0.0000
          0.0000
         18.9379
         58.9732
          2.8357
          0.0000
          0.0000
          0.0000
          0.0000
          0.0000
          0.0000
          0.0000
         11.7231
          5.8124
          0.0000
          0.0000
          0.0000
          0.0000
          0.0000
          0.0000
          0.6046
          0.0000
          0.0000
          0.0000
          0.0000
          0.0000
          0.0000
          0.0000
          0.0000
          0.0000
          0.0000
          0.0000
          0.0000
          0.0000
          1.3862
          0.3236
          0.0000
          0.0000
          0.0000
          0.0000
          0.0000
          1.5848
          4.2627
          6.6082
          4.6584
          0.0000
          0.0000
          0.0000
          0.0000
          0.0000
          0.5808
         13.4103
         19.4698
          0.0000
          0.0000
          0.0000
          0.0000
          0.0000
          0.0000
          0.0000
          2.2347
          0.0000
          4.0848
          9.2867
          8.9194
          0.0000
          0.0000
          0.0000
          0.0000
          0.0000
          0.0000
          0.0000
          0.0000
          0.0000
          1.2418
          0.0000
          0.0000
          0.0000
          0.0000
          0.0000
          0.0000
          0.0000
          1.9272
          0.0000
          0.0000
          0.0000
          0.0000
          0.0000
          0.0000
          0.0000
          0.0000
          0.0000
          0.0000
          0.0000
          0.0000
          0.0000
          0.0000
          0.0000
          0.0000
          0.0000
          0.0000
          0.0000
          0.0000
          0.0000
          0.0000
         18.1365
          2.7814
          0.0000
          0.0000
          0.0000
          0.0000
          0.0000
         10.0197
         31.4256
         14.1635
         44.7903
         41.3910
          0.0000
          0.0000
          0.0000
          0.0000
          0.0000
          0.0000
          0.0000
          5.3451
          0.0000
          0.0000
         22.6142
          0.0000
         20.6151
         73.8003
         39.4108
         58.1591
         65.5546
          0.0000
          0.0000
          0.0000
          0.0000
          0.0000
          0.0000
          0.0000
          0.0000
          0.0000
          0.0000
          0.0000
          0.0000
          0.0000
          0.0000
          9.9643
          7.3458
         85.0126
          0.0000
          0.0000
          1.2838
         23.2269
          9.2006
          1.8773
          0.0000
         -6.1319
         -2.1945
          0.0000
          0.0000
          0.0000
          0.0000
          0.0000
          0.0000
          0.0000
          0.0000
          0.0000
          8.1484
          3.6137
          0.0000
          2.1296
          0.0000
          0.0000
          0.0000
          0.0000
          0.0000
          0.0000
          0.0000
        172.4574
          0.0000
          0.0000
          0.0000
          0.0000
          2.6845
          6.8185
          0.0000
          0.0000
          0.0000
          0.0000
          0.0000
          0.0000
         74.1860
        149.3791
         81.6636
         13.7708
          0.0000
          0.0000
          0.0000
          0.0000
          0.0000
          0.7653
        165.7862
        157.9864
        177.9587
          0.0000
          0.0000
          0.0000
          0.0000
          0.0000
          0.0000
          0.0000
          0.0000
         39.8012
          0.0000
          0.0000
          7.1355
          0.0000
        150.9168
          0.0000
          0.0000
          0.0000
          0.0000
          0.0000
          0.0000
          8.0132
          0.6981
          0.0000
         34.1123
          0.0000
          0.0000
          0.0000
          0.0000
          0.0000
          0.0000
          0.0000
          0.0000
          0.0000
          0.0000
          0.0000
         21.6199
         21.1149
          7.5483
         29.3307
         59.9856
          0.0000
          0.0000
          0.0000
          3.0545
          0.0000
          0.0000
          0.0000
          0.0000
          0.0000
          0.0000
          0.0000
          0.0000
          0.0000
          5.8353
         18.7998
          0.0000
          0.0000
          0.0000
          0.0000
         23.9887
         24.4008
          9.7748
         21.6901
         27.3182
        197.5772
         36.2007
          0.0000
          0.0000
          0.0000
          2.8955
         12.9021
          0.0000
         25.3695
          0.0000
          0.0000
          2.0690
          7.5457
          4.0499
          8.3705
         24.9316
          8.1037
          0.0000
          0.0000
          0.0000
          0.0000
          0.0000
          0.0000
          0.0000
         62.2606
         30.4641
          0.0000
          0.0000
          0.0000
          0.0000
         17.8640
         12.3924
        106.4335
         33.6534
          0.0000
          0.0000
          0.0000
          0.0000
          0.0000
          0.0000
         -1.2576
          0.0000
          0.0000
          0.0000
          0.0000
          0.0000
          0.0000
          0.0000
          0.0000
          0.0000
          0.0000
          0.0000
          0.0000
          0.0000
          0.7686
          9.7174
          3.0881
         -5.1777
          0.0000
          0.0000
          0.0000
          0.0000
          0.0000
          2.6200
         -0.5821
         -0.6342
          7.6496
          7.7328
         11.2770
          5.9041
         10.8359
         -0.5089
          0.0000
          0.0000
          0.0000
          0.0000
          0.0000
          0.0000
          0.0000
          0.0000
          0.0000
          0.0000
          0.0000
          0.0000
          0.0000
          0.0000
          0.0000
          0.0000
          0.0000
          0.0000
          3.1913
          0.0000
          0.0000
          0.0000
          0.0000
          0.0000
          0.0000
          0.0000
          0.0000
          0.0000
          0.0000
          0.0000
          0.0000
          0.0000
          0.0000
          0.0000
          0.0000
          7.4889
         18.7254
         18.1572
         11.4612
         42.0356
        167.1361
         60.8267
          3.9904
          0.0000
          0.0000
          3.3767
         14.0631
          8.3903
         99.0872
          0.0000
          0.0000
          2.0477
          9.3990
          7.0304
         13.8201
         -0.6304
          0.0000
          3.6675
          8.7062
          0.0000
          0.0000
          0.0000
          0.0000
          3.6789
         -1.8819
          0.0000
          0.0000
          0.0000
          0.0000
          0.0000
          0.0000
          0.0000
         -9.4440
          0.0000
          0.0000
         21.2923
          9.6806
         -7.7998
        205.6040
        227.7979
        246.3900
          0.0000
          0.0000
          0.0000
          0.0000
          0.0000
          0.0000
          9.4434
         -2.5187
         -1.9365
          0.0000
          0.0000
          0.0000
          0.0000
          0.0000
          0.2348
          0.0000
          0.0000
          0.0000
          0.0000
          0.0000
          0.0000
         13.7403
         54.6569
        147.0586
          8.3930
        -17.8663
         45.3481
         72.0534
         28.1914
        123.9253
        192.8999
        148.2368
          0.0000
          0.0000
          0.0000
          0.0000
          0.0000
          0.0000
          0.0000
        -13.5644
          0.0000
          0.0000
         15.7099
          4.0419
         25.7489
         89.6787
        154.6636
        115.7872
          0.0000
          0.0000
          0.0000
          0.0000
          0.0000
          0.0000
          0.0000
          0.0000
          0.0000
          0.0000
          0.0000
          0.0000
          0.0000
          0.4254
          0.0000
          0.0000
         94.5190
         49.1178
          0.0000
          0.0000
          0.0000
          0.0000
          0.0000
          0.0000
          0.0000
          0.0000
          0.0000
          0.0000
          0.0000
          6.7462
         47.1829
        140.2172
        154.3931
         51.0529
         12.8023
         12.1670
        108.6945
        133.7117
        116.7021
         60.7069
          0.0000
          0.0000
          0.0000
          0.0000
          0.0000
          0.0000
          6.6724
         21.4820
          8.2331
         22.7474
        112.3952
        146.8741
         70.8029
         13.8746
         25.9107
          0.0000
          0.0000
          0.0000
          0.0000
          0.0000
          0.0000
          0.0000
          0.0000
         -0.6442
          0.0000
          0.0000
          7.2939
          6.8344
          6.5045
         13.6797
          5.7228
          0.0000
          0.0000
          0.0000
          0.0000
          0.0000
          0.0000
          0.0000
          0.0000
          0.0000
          0.0000
          0.0000
          0.0000
          0.0000
          0.0000
          0.0000
          0.0000
         -4.6906
         -0.4252
          0.0000
          0.0000
          4.0758
         31.6760
         70.8501
        135.6366
        106.1694
         26.9255
          0.0000
          0.0000
          0.0000
          0.0000
          0.0000
          0.0000
          0.0000
          0.0000
          0.0000
          0.0000
          0.0000
          0.0000
          0.0000
          0.0000
         -8.1200
         -1.6518
          0.0000
          0.0000
          0.0000
          0.0000
          0.0000
          0.0000
         -7.9456
         -0.7590
          0.0000
          1.5521
          4.2829
          2.3137
         10.7252
         14.8863
        -13.0235
          0.0000
          0.0000
         17.2469
         10.6821
          0.0000
         12.6407
         51.8139
         38.2792
          0.0000
          0.0000
          0.0000
          0.0000
          0.0000
         14.4872
         28.4054
          7.5142
          0.0000
          3.3559
          0.0000
          0.0000
          0.0000
          0.0000
         18.1022
          3.0436
         -3.2870
         15.4132
          0.0000
          1.4911
         15.8772
         23.5446
         27.3671
         92.6202
          7.3363
          9.3791
          7.2144
          0.0000
          0.0000
         30.3939
         66.1876
         34.3672
         24.9443
         10.9468
         -5.6077
          3.7420
          6.9401
          0.0201
        112.1005
        119.4781
          0.0000
          0.0000
          1.7079
          0.0000
         24.6832
          0.0000
          0.0000
          0.0000
          0.0000
          3.8727
          2.0054
          0.0000
          0.0000
          0.0000
          0.0000
         -5.7666
         -1.1577
          0.0000
         20.8114
          9.2644
         -8.9316
         51.6290
        219.3041
         21.2472
          0.0000
          0.0000
         44.8197
         31.6752
         81.4782
         95.0562
        117.5445
          7.8700
          0.0000
          0.0000
          0.0000
          0.0000
          0.0000
          0.0000
          0.0000
          8.6914
         24.4278
          0.0000
          0.0000
         -6.6001
          0.0000
          1.4503
          0.0000
          0.0000
          0.0000
          0.9035
         20.8823
         15.4856
         -4.0814
          6.5754
        183.0733
        193.1935
          0.0000
          0.0000
          0.0000
          0.0000
          0.0000
          4.9158
          0.0000
          1.7713
         -0.0341
         34.4601
         81.6844
         33.0510
          0.0000
          0.0000
          0.0000
          0.0000
          0.0000
          0.0000
          0.0000
          0.0000
          0.0000
          0.0000
          0.0000
         25.9513
          0.0000
          0.0000
         23.4307
         26.0434
         27.9008
         -0.2724
        124.0916
         58.4390
          0.0000
          0.0000
          0.0000
         13.4829
         14.6539
         18.8789
          0.0000
          0.0000
         17.8812
          3.6203
         19.6449
         69.3525
          0.0000
          0.0000
          0.0000
         -0.8532
          0.0000
          0.0000
          0.0000
          0.0000
          0.0000
          4.1261
          7.0729
          0.0000
          0.0000
          0.7398
         14.8259
         13.8959
         15.1203
         -4.1350
         -6.4329
          0.0000
          0.0000
          0.0000
          4.9464
         14.7325
         22.8500
         21.2455
         24.6780
         44.9410
          0.0000
          1.0210
          2.7505
         12.4432
         18.6349
         34.9292
         82.9150
        118.7861
          0.0000
          0.0000
          0.0000
          1.1361
         28.9157
         19.0478
         85.4032
        117.2987
          0.0000
          0.0000
          8.5442
         -5.1055
          0.0000
          0.0000
          1.5353
          0.0000
          0.0000
          0.0000
          0.0000
          0.0000
          0.0000
          0.7638
          1.4606
          0.2814
          0.0000
          0.0000
          0.0000
          0.0000
          4.5514
         19.8231
          0.0000
          0.0000
          0.0000
          0.0000
         38.5508
         13.2537
          6.4163
         50.6959
        145.4184
          0.0000
          0.0000
          7.3112
         19.6250
          7.3186
          0.0000
          7.1244
          0.0000
          0.0000
          0.0000
          0.0000
          0.0000
          5.6501
         11.8512
         17.1401
         31.6111
         28.4089
         28.4089
          0.0000
          0.0000
          5.6495
          6.5105
         18.6106
         17.6608
         16.0125
         12.9538
          0.0000
          0.0000
          0.0000
          0.0000
          7.1966
         36.1276
         53.6150
          0.0000
         19.0443
         23.8939
          9.1010
          3.8027
          2.1900
          0.0000
          0.0000
          0.0000
          0.0000
         14.5312
         15.4943
          9.3742
         26.2852
         68.4365
         31.2143
          0.0000
          0.0000
         11.6896
         16.7255
         26.6316
         54.6638
         84.2156
          0.0000
          0.0000
          0.0000
          0.0000
         16.8142
          7.7533
         14.3818
         19.1994
         40.3922
         -2.0589
          0.0000
          0.0000
          0.0000
          0.0000
          0.4438
          0.0000
         -2.2067
          0.0000
         21.5380
         21.5385
         16.5456
         19.7849
         23.3070
         12.7773
          0.0000
          0.0000
         34.6842
         76.7967
         37.7220
         88.7356
         57.1328
         56.4881
          0.0000
          0.0000
          0.0000
          0.0000
          8.1649
         13.5519
         37.0617
         54.2927
          0.0000
          0.0000
          0.0000
          0.0000
          5.2769
         11.3336
         62.3143
        116.9990
         26.2724
          0.0000
          0.0000
          0.0000
          0.0000
          0.0000
          0.0000
          0.0000
          0.0000
          0.0000
          0.0000
          0.0000
          0.0000
          0.0000
          0.0000
          2.4751
          3.9985
          0.0000
          0.0000
          0.0000
          2.6680
          2.4886
          8.4334
         12.1794
         54.0645
          0.0000
          0.0000
          0.0000
          0.0000
          0.0000
          0.0000
          0.0000
         -1.7996
          0.0000
          0.0000
         14.6689
        -10.6600
        -11.8056
         -3.3480
          0.0000
         34.9949
         33.4289
          0.0000
          0.0000
          0.0000
          0.0000
          0.0000
          0.0000
          0.0000
         37.1013
          0.0000
          0.0000
          0.0000
          0.0000
          0.0000
          0.0000
          0.0000
         35.9913
         69.4369
         38.3478
          2.6276
          0.0000
          0.0000
          0.0000
         92.4212
         84.6019
          0.0000
          0.0000
          0.0000
          0.0000
          0.0000
          0.0000
          0.0000
         42.5344
          0.0000
          0.7701
          0.0000
          0.0000
          0.0000
          0.0000
          0.0000
          3.3367
          0.0000
          0.0000
          0.0000
          0.0000
          6.0484
          0.8134
          1.6458
         92.1233
         97.6566
         66.3094
         19.1893
        -10.5821
         13.4477
        111.0851
         48.9181
          1.3668
          0.0000
          6.2922
         23.3098
          6.8811
         19.6057
         67.3862
         73.5853
          0.0000
          0.0000
          0.0000
          0.0000
          0.0000
         11.7786
          4.1689
         -2.8809
          0.0000
          0.0000
          0.0000
          0.0000
          0.3840
         17.3769
         14.6608
          1.7256
          0.0000
          0.0000
          0.0000
          0.0000
          0.0000
          0.0000
          0.0000
          0.8083
          0.0000
          0.0000
          0.0000
          0.0000
          0.6964
          8.1061
          7.8371
          3.3413
          0.0000
          0.0000
          7.2787
          0.0000
          0.0000
         12.6629
         17.4117
        113.5805
        122.3215
         30.7161
          9.7704
         13.9296
         18.2893
          8.1700
          0.0000
          0.0000
         47.1114
         12.2436
         17.1830
         36.6177
         43.4995
        -20.0698
         81.8054
         21.3199
          0.0000
          0.0000
          3.3468
          8.1181
         16.0791
         37.8000
        142.0460
         27.5959
          0.0000
          0.0000
          0.0000
          5.3878
         19.6598
          3.3004
         16.7965
         20.8635
          0.0000
          0.0000
          0.0000
          0.0000
          0.0000
          0.0000
          0.0000
          0.0000
          0.0000
          0.0000
          0.0000
          0.0000
          0.0000
         10.1068
         14.0948
          9.3670
          9.5976
          0.0000
          0.0000
          0.0000
          0.0000
          0.0000
          0.0000
         -0.5473
          0.0000
          0.0000
          0.0000
          0.0000
          0.0000
          0.0000
          0.0000
         -5.8488
         -0.5620
          0.0000
          0.0000
          0.0000
          0.0000
          0.0000
          0.0000
         -0.1332
          0.0000
          0.0000
          0.0000
          0.0000
          0.0000
          0.0000
          0.0000
         -4.6477
          0.0000
          0.0000
          0.0000
          0.0000
          0.0000
         19.6123
          0.0000
          0.0000
         46.3860
         81.8735
         65.3314
          0.0000
          0.0000
          0.0000
          0.0000
          0.0000
          0.0000
          0.0000
          0.0000
          0.0000
          0.0000
          9.4818
          6.6968
         15.9925
          0.0000
          0.0000
          0.5623
          9.7704
         10.4576
         17.0227
         18.5579
        120.1518
          0.0000
          0.0000
          0.0000
          0.0000
          0.0000
          0.0000
          2.9282
          1.5624
          0.2728
          9.8024
         15.3280
         12.8393
         18.3779
         23.0179
         23.0310
          5.8027
          0.0000
          0.0000
          0.0000
          0.0000
          7.3546
         23.6235
         38.7709
          0.7809
          0.0000
          8.7133
         28.0225
         19.0067
          4.0055
          0.2217
          0.0000
          0.0000
          0.0000
          0.0000
         16.7482
         12.3053
         -4.6588
         35.1400
        114.7405
         59.4022
          0.0000
          0.0000
          0.0000
          0.0000
          0.9287
         13.7428
        108.1501
          0.0000
          0.0000
          0.0000
          0.0000
          0.0000
          0.0000
          0.0000
          0.0000
          0.2553
         -0.4540
          0.0000
          0.0000
          0.0000
          0.0000
          0.0000
          0.0000
         -4.1394
          0.0000
          0.0000
          0.0000
          0.0000
          0.0000
          0.0000
          2.4215
         81.1257
         95.2821
         25.5861
         16.4730
          2.8971
         -7.8339
        -24.8083
         13.0862
        124.3794
        158.9613
        104.6628
          0.0000
          0.0000
          0.0000
          0.0000
          0.0000
          0.0000
          0.0000
          0.0000
          0.0000
         -1.8320
          4.7640
          8.4912
         46.6209
         97.9708
         72.2568
         -0.5237
        -17.8892
        -10.2880
        -10.8163
        -14.0029
          0.0000
          4.0165
         10.1857
         14.8396
         36.7717
         22.8507
          0.0000
          1.4328
          0.0000
         47.9867
         17.2195
          0.0000
          0.0000
          0.0000
         21.8080
         27.8376
          0.0000
          0.0000
          0.0000
          1.9638
          2.0750
          8.7386
          7.8006
          5.5416
         -9.1435
        -21.0480
         -1.5480
         53.2101
        222.0580
         86.8392
         32.9612
         51.0329
         34.8487
        265.3655
        248.2659
        110.3491
          0.0000
          0.0000
          0.0000
         18.3766
          6.2465
         89.9047
        100.9925
         12.5818
         -7.8013
          0.0000
         -2.4211
         14.7596
         13.1231
         61.7574
         55.8501
          0.0000
          0.0000
          0.0000
          0.0000
         14.1804
        118.5525
         -0.2345
          0.0000
          0.0000
         14.8561
         32.2380
          0.0000
          0.0000
          0.0000
          0.0000
          0.0000
          0.0000
          3.0979
         10.1682
          0.0000
          0.0000
         89.9887
         45.6888
          0.0000
          0.0000
          0.0000
          0.0000
          0.0000
          0.0000
          0.0000
         26.1927
          2.3872
         -2.4122
         -9.1616
          0.1006
          9.0383
          7.0082
        -17.4121
         27.3481
         61.6810
         26.1715
         -8.7363
         19.2391
         26.9365
         -0.5691
          0.0000
         82.4544
          0.0000
          0.0000
          0.8493
         18.1310
          7.8760
          7.6470
          7.1207
         64.4692
          0.0000
         13.1515
         21.2297
         23.5141
         44.1557
         74.7184
          0.0000
          0.0000
          0.0000
          0.0000
          0.0000
          0.0000
          0.0000
          0.0000
          0.0000
         -4.2007
          2.6650
          5.8824
          2.4147
         20.1048
         35.9680
         24.7546
         20.1015
         48.7428
         35.3932
          2.0681
         -9.3028
          8.4630
         45.0187
          5.4846
          0.0000
         12.2335
        109.8686
         21.2343
         13.3271
          8.1575
         10.4860
          7.0749
         35.3229
         70.9241
          3.6566
         17.6844
          7.5947
          1.1290
         22.8754
        -15.3013
         51.2995
         84.2494
        123.4630
          0.0000
         42.2373
          0.0000
         10.7774
         30.7069
         10.0070
        -17.3958
         22.8196
         30.9147
         23.4938
         -3.1929
          8.0531
         -0.2464
         -0.5592
          0.0000
         26.7454
         11.7508
         18.3552
         17.8820
        -23.4107
        -56.0231
          3.4265
          0.0000
          0.0000
          0.0000
          0.0000
          0.0000
          6.8648
         38.5022
         80.1888
         29.4445
          0.0000
          0.0000
          0.0000
          0.0000
          0.0000
          0.0000
          0.0000
          0.0000
         11.3188
          0.0000
         33.0436
          0.0000
          0.0000
          0.0000
          0.0000
         22.1252
         56.8398
         98.7707
         85.2280
         70.8026
         25.2471
          0.0000
          0.0000
        128.5909
        186.2652
        114.3746
        175.1978
        144.9621
        107.2968
         22.8873
          0.0000
         -5.4261
          0.0000
          0.0000
          0.0000
          0.0000
          0.0000
          0.0000
          0.0000
         -4.0552
          0.0000
          0.0000
          0.0000
          0.0000
          5.3584
          3.4772
          0.0000
          0.0000
          0.0000
          0.0000
          0.0000
          0.0000
          0.0000
          0.0000
          0.0000
         13.1310
         39.6546
          6.8710
         25.7621
         40.8246
        108.5153
        139.8399
        209.8192
        100.3340
          0.0000
          0.0000
          0.0000
          0.0000
          2.8213
         12.2613
        119.7204
          0.0000
          0.0000
          0.0000
          0.0000
          0.0000
          0.0000
         11.6312
         45.8273
         46.4366
         16.1524
          5.4348
         -1.6347
          0.0000
         40.9809
         93.2534
         98.0951
         64.4668
         54.6433
          0.0000
          0.0000
          0.0000
          0.0000
          0.0000
          0.0000
          0.0000
          0.0000
          0.0000
          0.0000
          0.0000
          0.0000
          0.0000
          0.0000
         -6.0480
         -1.5310
          3.6446
         -0.6335
          4.1360
          1.4848
          4.3498
          5.2406
          0.2304
         -0.1639
          8.4242
          0.0000
          0.0000
          0.0000
          0.0000
          0.0000
          0.0000
          0.0000
          0.0000
          7.7693
          2.1129
          0.0000
          0.0000
          0.0000
          0.0000
          0.0000
          1.0844
         11.9529
         11.5714
          3.7508
         -1.6419
          0.0000
          0.0000
          0.0000
          0.0000
         23.3202
         16.8241
         -0.2853
          7.1266
          0.0000
          0.0000
          9.5445
          1.4901
          0.0000
          0.0000
          0.0000
         11.1179
          6.3550
          0.0000
         19.0818
         68.2480
         95.0119
          4.1628
         31.1808
         15.3205
         10.7847
          2.0028
          0.0000
          0.0000
          0.0000
          0.0000
          0.7503
         15.0752
         25.5664
          0.0000
          0.0000
          0.0000
          0.0000
          2.4555
          0.0000
          1.7505
          0.0000
          0.0000
         13.4867
         19.8283
         19.5099
          9.9804
        103.0802
         97.8205
          8.7995
          0.0000
          0.0000
          3.2932
          2.9920
         -7.1630
         73.1751
        123.6838
         25.7589
          0.0000
          0.0000
          0.0000
          0.0000
          0.0000
          0.0000
          0.0000
          0.0000
          0.0000
         20.4860
          0.0000
          0.0000
          0.0000
          0.0000
          0.0000
          0.0000
          0.0000
          0.0000
          0.0000
          6.2787
         27.2528
         21.9219
         29.6212
        134.6763
          0.0000
          0.0000
          0.0000
          0.0000
         23.8623
          0.0000
          0.0000
         53.6047
         47.3927
          0.0000
          0.0000
          2.0083
         10.5206
          7.7656
         27.3962
         84.9978
         68.8988
          0.0000
          0.0000
          0.0000
          0.0000
         17.0157
         19.9166
         15.5773
         13.7059
         -3.3212
          0.0000
          0.0000
          0.0000
          0.0000
          4.5628
          0.0000
         22.2847
         19.4594
          0.0000
          0.0000
          0.0000
          0.0000
          1.5818
          0.0000
         55.6929
          0.0000
          0.0000
          0.0000
          0.0000
          0.0000
          5.6104
          7.0596
          0.0000
          0.0000
          1.2601
          9.1453
         16.4209
          7.3459
         26.1775
         54.0549
         31.1213
         -1.3816
          0.0000
         43.2900
         20.5048
          5.3632
         22.0696
         36.7210
          0.0000
          0.0000
          0.0000
         13.0748
         10.5905
          0.0000
         16.1550
        135.8618
          0.0000
          0.0000
          0.0000
          0.0000
          0.0000
          0.0000
          3.2512
          0.0000
         25.3794
          0.0000
          0.0000
          3.3518
          2.6304
          8.5697
         11.9658
          0.0000
          2.3276
          2.4275
         50.5193
         84.8250
         29.0986
        -10.6591
         18.5111
         64.9327
         22.1137
         79.1814
          9.1009
          0.0000
          1.7529
         39.1631
         77.1312
         31.5460
         -0.9211
          0.0000
          0.0000
          0.0000
          0.0000
         35.4497
         17.3772
         14.8463
         15.7940
         47.1105
         50.1393
         65.3205
         41.6691
         67.7974
         85.7619
         38.2976
         -0.7099
          0.0000
          1.5328
          3.1246
          1.4254
          0.0000
          1.5445
         15.5364
         96.8801
        159.5031
        106.2735
          0.0000
          0.0000
          0.0000
          1.8556
          0.0000
          0.0000
          0.0000
          0.0000
          0.0000
          0.0000
          0.0000
          2.0631
          0.0000
          3.4668
          0.0000
          0.0000
          3.0609
          0.0000
          0.0000
         -6.9041
         30.8683
          0.0000
          0.0000
          0.0000
         29.9244
         59.4190
         86.7427
        120.6574
        199.2403
          0.0000
          0.0000
          0.0000
          0.0000
          0.0000
          0.0000
          7.7213
          6.0805
          0.0000
          0.0000
          0.0000
          0.0000
          0.0000
          0.0000
         17.0827
         41.6920
         63.5468
          0.0000
          0.0000
         25.2861
         21.3030
         32.3615
         11.0379
         -1.8920
         -2.4793
          0.0000
          0.0000
          0.0000
         11.2858
         42.1003
         47.7975
        122.1681
         24.5883
          0.0000
          0.0000
          0.0000
          0.0000
          0.0000
         10.5876
         83.2320
         55.0086
          0.0000
          0.0000
          0.0000
          0.0000
          0.0000
          0.0000
          0.0000
          0.0000
          0.0000
          0.0000
          4.3483
         13.1649
         12.1435
         12.2137
          0.8052
         -1.5741
          2.6953
         16.9006
         33.7728
         28.8850
         18.7575
         19.2510
         13.0232
          0.0000
          0.0000
          0.0000
          0.0000
          0.0000
          0.0000
          0.0000
          4.3124
         -1.7581
          0.0000
          0.0000
          0.0000
          0.0000
          2.4878
         56.1429
         25.0942
          0.0000
          5.5559
         51.2938
          2.6846
          3.1844
          0.0000
          0.0000
          0.0000
          1.6447
         32.5637
         30.8732
         17.0289
         17.5107
         22.8950
         12.2275
         -0.3685
          0.0000
          8.6186
         38.3984
        128.2415
        165.7288
        166.1583
        150.2719
        161.0395
          0.0000
          0.0000
          0.0000
          0.0000
          0.0000
          0.0000
          0.0000
          0.0000
          0.0000
          0.0000
          1.0066
          0.0000
          0.0000
          0.0000
         12.6051
         38.4724
         87.8021
         78.3177
          4.5970
          0.0000
          0.0000
          0.0000
          0.0000
         49.9218
         95.2238
          0.0000
          0.0000
          0.0000
          0.0000
          0.0000
          5.8739
          7.1996
         50.0942
          0.0000
          0.0000
          0.4659
         10.5358
          5.3900
         21.9343
         37.6550
         15.6720
          6.2404
         33.9909
         37.4363
         -0.1385
         -2.6817
          7.1511
         13.9554
         17.2970
          3.6513
         15.9756
         57.5897
        108.2384
         26.0608
         17.7179
         32.6491
         65.6638
          0.0000
          0.0000
          0.0000
          5.4429
          0.0000
         11.9616
          3.7266
          0.0000
         75.9483
         23.1571
         35.5243
         10.5575
          5.1076
          1.4138
          0.0000
         -1.5343
          0.0000
          0.0000
          2.0575
         12.8689
          5.8981
          9.4108
          5.4924
         23.6215
          0.0000
          0.0000
          0.0000
          0.0000
          9.1210
          7.2978
          6.2501
         -0.4471
          0.0000
          0.0000
          0.0000
          0.0000
          0.0000
         12.7088
         20.6990
          9.6577
          0.0000
          0.0000
          5.8328
         10.4672
          0.0000
          4.1788
         18.8672
          2.2092
          9.2558
          6.8044
          5.6020
          4.0820
          0.3584
          6.0251
         15.4259
        143.9962
          0.0000
          0.0000
          3.8702
          0.0000
          0.0000
         -1.2864
          0.0000
          0.0000
          0.0000
          0.0000
          5.4764
          3.9331
          0.0000
          0.0000
          0.0000
         -0.1294
          0.0000
          0.0000
          0.0000
          0.4317
          0.0000
          0.0000
          0.0000
          0.0000
          0.0000
          5.8100
          8.1265
         15.9903
         27.9344
         28.2610
          6.7917
          0.0000
          0.0000
          0.0000
          5.3255
         18.7945
          4.8777
         -3.3454
         21.8064
         17.7365
          0.0000
          0.0000
          0.0000
          0.0000
          0.0000
          0.0000
          0.0000
          0.0000
          0.0000
          0.0000
          0.0000
          0.0000
         11.6606
         17.5008
         13.7125
          9.7640
          0.0000
          0.0000
          6.6060
         25.1865
         -2.7759
        -14.4355
          0.0000
         15.4684
          0.0000
          0.0000
         16.5837
         28.5370
         16.1545
          0.0000
          0.0000
          0.0000
          0.0000
          0.0000
          0.0000
          0.0000
          0.0000
          0.0000
          0.0000
          0.0000
          0.0000
          0.0000
         12.1917
          5.3188
         15.2022
         35.2745
          9.6404
          0.0000
          0.0000
          0.0000
          0.0000
          0.0000
          5.6972
         19.3967
         21.5578
         52.2999
          0.0000
          0.0000
          6.3054
          0.0000
          0.0000
          0.0000
          0.0000
         -1.1378
          0.0000
          0.0146
          0.0000
          0.0000
          0.0000
          0.0000
          0.0000
         -1.9567
          3.8942
          3.7305
          0.0000
          0.0000
          0.0000
          0.0000
          6.0859
          7.4257
          6.7231
         11.6621
         12.3643
         12.3974
          3.6313
         27.8128
        104.0668
        137.3633
          5.7774
          3.9466
         11.2686
          0.0000
          0.0000
          6.9721
         -1.4659
         -2.9645
          3.2668
         16.7734
         29.0931
         20.4424
         14.3667
         31.7360
         18.9859
         -3.9015
          0.0000
          0.0000
         30.1282
         38.9909
         25.2958
        106.8833
        146.8593
          0.0000
          0.0000
          0.0000
          0.0000
          0.0000
          0.0000
          5.2633
          0.0000
          0.0000
          8.7329
         10.0226
          8.0256
         16.0037
         26.6656
         66.4634
        115.6265
         58.1774
          0.0000
          0.0000
          0.0000
          0.0000
          0.0000
          0.0000
          0.1504
         -1.1436
         -2.4115
          0.0000
          5.3811
          2.6708
         -0.4469
         -0.3478
         -1.5969
          0.0000
          0.0000
          0.0000
          0.0000
          0.0000
          0.0000
          0.0000
         19.8679
         14.0598
          0.0000
          3.4187
         32.5201
         40.5088
         38.9261
         77.9743
        157.3364
         -2.7783
          0.0000
          0.0000
          0.0000
          0.0000
          0.0000
          0.0000
          4.5713
         10.4443
          0.0000
          0.0000
          0.0000
          0.0000
          0.0000
          7.9515
          8.5281
          5.6072
          1.2838
          0.6361
          2.5222
          0.0000
          0.0000
          3.3482
         -0.2631
         -2.1689
          0.0000
          0.0000
          0.0000
          0.0000
          0.0000
          0.0000
          0.0000
         -9.4672
          0.0000
          0.0000
          0.0000
          0.0000
          0.0000
          0.0000
          5.5606
          1.2410
         -1.7363
          6.2607
         17.6703
          1.2653
          0.0000
          3.8445
         10.2146
         15.5056
         19.5205
          0.0000
          9.0486
         10.6238
          0.0431
          0.0000
          0.0000
         -0.0993
          5.4675
         19.3127
         32.8966
          6.2097
         -2.9137
         13.6063
         12.0890
          1.1071
          6.5707
         16.8215
         12.7587
         23.2137
          1.2042
          1.2340
          4.7113
          9.8713
         97.9564
          8.6707
          7.3992
         12.2171
         18.1740
          5.6518
         -0.4959
         -1.7918
          0.0000
          0.0000
          0.0000
          0.0000
          0.0000
          0.0000
          0.0000
          3.5252
          5.8029
         22.6009
          8.7327
          0.0000
          0.0000
          0.0000
          0.0000
          0.0000
          0.0000
          0.0000
          1.0940
          8.1101
          0.0000
          0.0000
          2.2756
          0.7980
         -4.1669
          0.0000
          0.9820
          6.1921
          0.0000
          0.0000
          0.0000
         -6.1865
         -1.0471
          0.0000
          0.0000
          0.0000
          0.0000
          0.0000
          0.0000
         -5.1298
         -0.3557
         -2.7105
          0.0000
          0.0000
          0.0000
          2.2624
          4.1569
          2.8859
          6.0214
          1.4324
         -1.8650
         -1.4261
          0.0000
          0.0000
          6.6621
          4.1957
         40.2609
          0.0000
          0.0000
          0.0000
          0.0000
          0.0000
          0.0000
         -2.0236
         -0.9555
          5.9749
          9.1760
         30.8927
         74.1882
         90.4294
         13.1725
          0.0000
          0.0000
          0.0000
          0.0000
          0.0000
          0.0000
          0.0000
          2.9310
         -0.2780
         -1.0539
          0.0000
          0.0000
          3.6107
          7.1446
          3.3215
         -4.1068
         -2.5388
          7.0211
         13.3895
          0.0000
          0.0000
          0.0000
          0.0000
          0.0000
         23.8571
         77.6652
          0.0000
          0.0000
          0.0000
          0.0000
          0.0000
         31.6509
         67.4345
         60.1142
         -2.6572
          0.0000
          0.0000
         57.1541
          9.7385
         -1.3440
         -1.2206
          1.2080
         14.0871
         18.1791
         18.8024
         92.2848
         80.5357
         78.1864
        131.8101
         36.4013
         15.6719
          0.7720
         31.8368
         55.6313
         13.1446
          0.0000
          1.0585
          0.0000
          5.2320
         39.4045
        105.4601
         65.4217
          1.5880
          8.3996
         -0.2916
          0.0000
          0.0000
          0.0000
          0.0000
          0.0000
          0.0000
        125.8351
        145.5822
          0.0000
          0.0000
          0.0000
          0.0000
          0.0000
          0.0000
          0.0000
         86.9591
        106.1238
          0.0000
          0.0000
          0.0000
          0.0000
          3.5985
          9.8589
         22.4310
         20.8289
         21.8969
         21.3778
         11.4116
         -7.4896
          0.0000
          0.0000
          0.0000
          0.0000
          0.0000
          0.0000
          0.0000
          0.0000
          0.0000
          0.0000
          0.0000
          0.0000
          0.0000
          0.0000
          0.0000
          0.0000
          0.0000
          0.0000
        116.3541
         29.9432
          0.0000
          0.0000
          0.0000
          0.0000
          0.0000
          0.0000
         14.3980
          0.0000
          0.0000
          0.0000
          0.0000
          0.0000
          0.0000
          0.0000
          0.0000
          0.0000
          0.0000
          5.4828
          0.0000
          0.0000
          0.0000
          0.0000
         16.7976
         17.3919
          0.0000
          0.0000
          0.0000
          0.0000
          0.0000
          0.0000
          0.0000
          0.0000
          0.0000
          0.0000
          0.0000
          0.0000
          0.0000
          0.0000
          0.0000
          0.0000
          0.0000
          0.0000
          0.0000
          0.0000
          0.0000
          0.0000
         25.9864
         22.8914
         19.0718
         22.9631
          0.9427
          0.0000
          0.0000
          0.0000
          0.0000
          0.0000
          0.0000
          0.0000
          0.0000
          0.0000
          0.0000
          0.0000
          0.0000
          0.0000
          0.0000
          0.0000
          0.0000
          0.0000
          0.0000
          0.0000
          0.0000
          0.0000
          0.0000
          0.0000
          0.0000
          0.0000
          0.0000
          0.0000
          0.0000
          0.0000
          0.0000
          0.0000
          0.0000
          0.0000
          0.0000
          0.0000
          0.0000
          0.0000
          0.0000
          0.0000
          0.0000
          0.0000
          0.0000
          0.0000
          0.0000
          0.0000
          0.0000
          0.0000
          0.0000
          0.0000
          0.0000
          7.8172
         53.6276
         29.6891
          0.0000
          0.0000
          4.4109
          0.0000
          2.9849
          8.6584
         49.3955
         13.9925
          1.9976
          0.0000
          0.0000
          0.0000
          0.0000
          0.0000
         -1.0294
         -4.4960
          0.0000
          0.0000
          0.0000
          0.0000
          0.0000
          0.0000
          0.0000
          0.0000
          0.0000
          1.2715
          2.9974
          0.0000
          3.4064
         -0.9104
         -5.5798
          0.0000
          0.0000
          0.0000
          0.0000
          0.0000
         20.4977
         15.7079
         15.4253
          0.0000
          0.0000
          0.0000
          0.0000
          1.7652
         27.5489
         51.5357
        141.4068
          0.0000
          0.0000
          0.0000
          0.1724
          0.0000
          0.0000
          0.0000
         -5.1155
          2.6882
          0.0000
          0.0000
          0.0000
          0.0000
          0.0000
         19.5241
         25.8827
          0.0000
          0.0000
          0.0000
          0.0000
          0.0000
          0.0000
          0.0000
         12.2807
          1.2469
          0.0000
          0.0000
          0.0000
          0.0000
          0.0000
          0.0000
          0.0000
          0.0000
          0.0000
          0.0000
          0.0000
          0.0000
          0.0000
          0.0000
          0.0000
          0.0000
          0.0000
          0.0000
          0.0000
          0.0000
          0.0000
          0.0000
          0.0000
          0.0000
          0.0000
          0.0000
         60.7943
          6.7702
          9.0126
          1.7673
         81.6674
          3.3796
         67.3799
         61.8832
         16.6954
          0.0000
          3.4367
         25.5260
          1.2826
         17.4899
          0.0000
          0.0000
          0.0000
          0.0000
          0.0000
          0.0000
         -4.5719
          0.0000
          0.0000
          0.0000
          0.0000
          0.0000
          0.0000
          0.0000
          0.0000
          0.0000
          0.0000
          0.0000
         18.8008
         79.3931
         73.9586
         12.6655
         -7.8755
          0.0000
          0.0000
          2.1160
         11.6840
         31.9582
         35.1205
        154.2347
         35.1198
          0.0000
          0.0000
          0.0000
          2.9470
          0.0000
          5.9403
          6.6688
          0.0000
          0.0000
          3.4680
          0.2792
          0.0000
          0.0000
          0.0000
          0.0000
          0.0000
          0.0000
          0.0000
          0.0000
          0.0000
          0.0000
          0.0000
          0.0000
         21.2712
          0.0000
          0.0000
          0.0000
          0.0000
          0.0000
         18.2815
         27.6679
         59.7018
          0.0000
          0.0000
         21.2723
         18.0001
         -1.5664
          0.0000
          0.0000
         12.7289
          0.0000
          0.0000
          0.0000
          0.0000
          0.0000
          0.0000
          0.0000
          0.0000
          0.0000
          0.0000
          0.0000
          0.0000
          3.9367
          9.6507
          0.0000
         -0.0608
          0.0000
          1.6985
          0.0000
          0.0000
          0.0000
          0.0000
          0.0000
         -1.0360
         -0.5904
          0.2408
          0.0000
          0.0000
          0.0000
          0.0000
          2.3105
         -1.3703
          0.0000
          0.0000
          0.0000
          0.0000
          0.0000
          0.0000
          0.0000
          0.0000
          0.0000
          0.0000
          0.0000
          0.0000
          0.0000
          0.0000
          0.0000
          0.0000
          0.0000
          0.0000
          0.0000
          0.0000
          0.0000
          0.0000
          0.0000
          0.0000
          0.0000
          0.0000
          0.0000
          0.0000
          0.0000
          0.0000
          0.0000
          0.0000
          0.0000
          0.0000
          0.0000
          0.0000
          0.0000
          0.0000
          0.0000
          0.0000
          0.0000
          0.0000
         12.0566
         21.5751
          6.0718
          0.0000
          0.0000
         -0.9249
          0.0000
          0.0000
          0.0000
          0.0000
          0.0000
          9.4850
         53.0510
          4.1782
          0.0000
          0.0000
          0.0000
          0.0000
          0.0000
          0.1302
          0.0000
          0.0000
          0.0000
         19.4707
          0.0000
          0.0000
          0.0000
          0.0000
          0.0000
          0.0000
          0.0000
          0.0000
          0.0000
          0.0000
          0.0000
          0.0000
          0.0000
          0.0000
          0.0000
          0.0000
          0.0000
          0.0000
          0.0000
          0.0000
          0.0000
          0.0000
          0.0000
          0.0000
          0.0000
          0.0000
          0.0000
          0.0000
         22.1539
          5.2399
          0.0000
          0.0000
          0.0000
          0.0000
          0.0000
          0.0000
          0.0000
          0.0000
          0.0000
          0.0000
          0.0000
          0.0000
          0.0000
          0.0000
          0.0000
          0.0000
          0.0000
         -0.7914
          0.0000
          0.0000
          0.0000
          0.0000
          0.0000
          0.0000
          0.0000
          4.4583
          0.0000
          0.0000
          0.0000
          0.0000
          3.0364
         12.6882
          0.0000
          0.0000
          0.0000
          0.0000
          0.0000
          0.0000
          0.0000
          0.0000
          0.0000
          0.0000
          0.0000
          0.0000
          0.0000
          0.0000
          0.0000
          0.0000
          0.0000
          0.0000
          0.0000
          0.0000
          0.0000
          0.0000
          0.0000
          0.0000
          0.0000
          0.0000
          1.6369
          4.5603
          0.0000
          0.0000
          0.0000
          0.0000
          0.0000
          7.8521
          8.4362
          0.0000
          0.0000
          0.0000
          0.0000
          0.0000
          0.0000
          0.0000
          0.0000
          0.0000
          0.0000
          0.0000
          0.0000
         -3.7646
          0.0000
          0.0000
          0.0000
          0.0000
          0.0000
          3.6691
          0.0000
          8.5213
          0.0000
          0.0000
          0.0000
          0.0000
          0.0000
          0.0000
          0.0000
          0.0000
          0.0000
          0.0000
          0.0000
          0.0000
          0.0000
          0.0000
          0.0000
          0.0000
          0.0000
          0.0000
          0.0000
          0.0000
          0.0000
          0.0000
          0.0000
          0.0000
          0.0000
          0.0000
          0.0000
          0.0000
          0.0000
          0.0000
          0.0000
         -0.3416
          0.0000
          0.0000
          6.1600
          8.7440
         12.0693
        127.6041
         39.2753
          0.0000
          0.0000
          0.0000
         26.2421
         22.6258
         28.3640
         18.0028
          0.0000
          0.0000
          0.0000
          0.0000
          0.0000
          0.0000
          0.0000
          0.0000
          0.0000
          0.0000
          0.0000
          0.0000
          0.0000
          0.0000
          0.0000
          0.0000
          6.0106
         -9.4083
          0.0000
          0.0000
          0.0000
          2.7608
          0.8745
         -9.8358
          0.0000
          0.0000
          0.0000
          0.0000
         15.0127
         14.3548
          4.2504
          8.1466
          0.0000
          0.0000
          0.0000
          0.0000
          0.0000
          0.0000
          0.0000
         19.1947
        141.4918
        102.1211
          0.0000
          0.0000
          0.0000
         22.2629
         27.2902
         10.7677
          0.0000
         45.2478
          0.0000
          0.0000
          0.0000
          0.0000
          0.0000
          0.0000
          0.0000
         -6.4211
          0.0000
          0.0000
          0.0000
          0.0000
          0.0000
          0.0000
          0.8896
         11.9890
         13.7895
          7.9984
          0.0000
          0.0000
          0.0000
          0.0000
          2.7557
          8.8827
          8.7110
         12.5915
         10.2309
          1.1948
          0.0000
          0.0000
          0.0000
          6.9617
          2.4485
          9.8839
         23.3255
          0.0000
          0.0000
          0.0000
          0.0000
          3.7295
          0.0000
          1.3711
          0.9223
          0.0000
        111.8910
         99.8804
         62.6627
          0.0000
          0.0000
          0.0000
          0.0000
          0.0000
          0.0000
          0.0000
         14.0913
          0.0000
          0.0000
          0.0000
          0.0000
          0.0000
          0.0000
          0.0000
         20.5334
         80.5709
          0.0000
          0.0000
          0.0000
          0.0000
          0.0000
          0.0000
          1.4917
          0.0000
          0.0000
          0.0000
          0.0000
          0.0000
          0.0000
          0.0000
          1.7012
         21.9106
          0.0000
          0.0000
          1.7381
         12.2354
        138.5710
          0.0000
         20.1694
          4.3229
        -12.5101
         10.1365
         23.7628
         10.5189
         79.2141
        210.8903
         -6.2560
          0.0000
          0.0000
          0.0000
          0.0000
          0.0000
          0.0000
          0.0000
          0.0000
          0.0000
          0.0000
          0.0000
          0.0000
          0.0000
          0.0000
          0.0000
          0.0000
          0.0000
          0.0000
          0.0000
         10.1706
         17.7912
          5.7251
         18.6615
        139.3963
        207.2986
        115.3904
          0.0000
          0.0000
         12.5029
         67.3994
        147.4390
        103.5140
          0.0000
          0.0000
          0.0000
          0.0000
          0.0000
          0.0000
          0.0000
          0.0000
          0.0000
          0.0000
          0.0000
          0.0000
          0.0000
          0.0000
          0.0000
          9.3388
         49.3530
        145.0831
         18.0205
          0.0000
          0.0000
          0.0000
          0.0000
          0.0000
         13.9020
          0.0000
          0.0000
          0.0000
         13.6446
          2.9359
         16.6191
         87.1248
        161.3978
         37.0434
         62.3486
        104.2432
         18.6405
          8.0640
         22.1391
         99.2639
        263.9950
         17.0773
          0.0000
          0.0000
          0.0000
          8.7618
         -7.9691
         60.3133
        387.8024
        299.9378
          0.0000
          0.0000
          0.0000
          0.0000
          8.4861
          0.0000
        101.8225
        209.5462
         71.8829
         40.0968
         51.2122
        186.6744
        303.0746
        342.7239
          0.0000
          0.0000
          0.0000
          0.0000
          0.0000
          0.0000
          0.0000
          0.0000
          0.0000
          0.0000
          0.0000
          0.0000
          0.0000
          0.0000
          0.0000
         16.7337
          5.1503
          1.6686
         55.3206
         22.6129
          3.7429
          7.9669
          4.3934
          0.0000
          0.0000
          0.0000
          0.0000
          6.7186
         12.3691
          0.0000
          9.3599
          2.0570
          0.0000
         13.5152
         23.3306
         10.9432
          7.9863
         17.6026
         27.4215
        123.5022
        232.6853
          5.8869
          0.0000
          0.0000
          0.0000
          0.0000
          0.0000
          0.0000
          0.0000
          0.0000
          0.0000
          0.0000
          0.0000
          0.0000
          0.0000
          1.6994
         74.0025
         97.0301
          0.0000
          0.0000
          0.0000
          0.0000
         23.1955
         39.5032
          0.0000
          0.0000
          0.0000
          0.0000
          0.0000
          0.0000
          0.0000
          0.0000
          0.0000
          0.0000
          0.0000
          0.0000
          0.0000
          0.0000
          0.0000
          0.0000
          0.0000
          0.0000
          0.0000
          0.0000
          0.0000
          0.0000
          0.0000
          1.2481
          0.0000
          0.0000
          0.0000
          0.0000
          0.0000
          0.0000
          2.0463
         11.0296
          7.2710
          3.5400
         18.3005
         39.2132
         33.3324
         -3.4769
          8.1160
         10.3239
         41.9440
        308.8058
        331.6665
        343.8897
        232.8641
         60.5218
          0.0000
          0.0000
         17.9127
         40.8806
          0.0000
         25.9043
         40.6115
          3.1838
         10.2610
         -0.5014
         52.9423
         11.6726
         30.3520
          0.0000
          0.0000
          0.0000
          1.7906
          0.0000
          0.0000
          0.0000
          0.0000
          0.0000
          0.0000
          0.0000
          0.0000
          0.0000
          0.0000
          0.0000
          0.0000
         46.6139
         56.3917
          0.0000
          0.0000
          0.0000
          0.0000
          0.0000
          0.0000
          0.0000
          0.0000
          0.9480
         12.2933
         58.6724
        153.3273
          0.0000
          0.0000
         40.3192
        198.1714
        286.5209
        327.7392
        104.2440
          0.0000
          0.0000
         75.3162
        185.6061
          0.0000
          0.0000
         35.2917
         17.1579
          0.0000
          1.4897
          3.2943
         14.5154
          6.6809
         10.5420
         22.3729
         16.4883
          0.0000
          0.0000
          0.0000
          0.0000
          0.0000
          0.0000
          0.0000
          0.0000
          0.4294
          0.0000
          0.0000
          0.0000
          0.0000
          0.0000
          0.0000
          0.0000
        -13.2528
         -3.3919
          6.8640
          0.0000
          0.0000
          0.0000
          0.0000
          0.0000
          0.0000
          0.0000
          0.0000
          0.0000
          0.0000
          1.0355
          7.6315
          0.0000
          0.0000
          0.0000
          0.0000
          0.0000
          0.0000
          5.6038
         24.7674
        190.5129
          0.0000
          0.0000
          0.0000
          0.0000
          0.0000
         19.5724
         84.3065
          0.0000
          0.0000
          0.0000
          0.0000
         87.2650
        110.9383
          0.0000
          0.0000
          0.0000
          0.0000
          0.0000
          0.0000
         27.5349
         15.3333
          8.8999
         26.4904
        172.3050
          0.0000
          0.0000
          0.0000
          0.0000
          0.0000
          0.0000
          0.0000
          0.0000
          0.0000
          0.0000
          0.0000
          0.0000
          7.8204
          0.0000
          0.0000
          0.0000
          0.0000
          2.5651
         13.6297
         13.4910
          0.0000
          0.0000
          0.0000
          0.0000
        -15.2244
         -4.2484
          0.0000
          0.0000
          0.0000
          0.0000
          6.9192
          3.6392
          0.0000
          0.0000
          0.0000
          0.0000
          3.3854
         16.3314
         84.4909
        151.1742
          0.0000
          0.0000
          0.0000
          0.0000
         16.4472
         31.3593
         10.3007
          0.0000
          0.0000
          0.0000
         14.1171
         37.6202
         17.5135
         54.8456
         28.0476
          0.0000
          0.0000
          0.0000
          0.0000
          9.2579
          0.0000
          0.0000
          0.0000
          0.0000
          0.0000
          0.0000
         16.8566
         15.5605
          7.6471
         21.9140
         33.0157
         24.5263
        184.4816
          1.9855
         60.1338
          0.0000
          0.0000
          2.7028
         11.5776
         11.0140
         34.9926
          0.0000
          0.0000
         11.7666
         19.5686
         15.0531
          2.6339
          0.0000
          0.0000
          0.0000
          0.0000
          8.3754
          2.7682
          9.7113
          0.0000
          0.0000
          0.0000
          0.0000
          0.0000
          0.0000
          0.0000
          5.4188
          4.0270
          0.0000
          0.0000
          0.0000
          0.0000
         22.1232
         22.1838
         19.8173
         16.7023
          0.0000
          0.0000
          0.0000
          2.5551
         11.1405
         71.4490
         73.8644
         48.8304
         47.9322
         38.5844
          0.0000
          0.0000
         14.3121
          0.0000
         75.0743
         70.6296
          3.2837
          0.0000
          0.0000
          0.0000
          0.0000
          0.0000
          0.0000
          1.3568
         11.5955
         80.4688
         11.2718
          0.0000
          0.0000
          0.0000
          0.0000
          7.8495
          0.0000
          0.0000
          0.0000
          1.1748
         23.7373
         18.0421
         70.4695
        107.1144
        170.2362
        107.6350
         18.8868
          0.0000
          0.0000
          0.0000
          0.0000
          0.0000
          0.0000
         -1.3688
          0.0000
          2.0924
         21.8738
         13.0933
          2.1194
         12.8995
          0.0000
          0.0000
          0.0000
          0.0000
         29.1423
          9.4227
          0.2880
          7.1720
          0.0000
          0.0000
          0.0000
          0.0000
         22.5957
          8.0433
        172.3771
        155.0103
         20.7310
          0.0000
          0.0000
          0.0000
          8.8231
          9.1333
        112.7510
         81.0765
          0.0000
          0.0000
          0.0000
          0.0000
         14.2317
         10.8173
         13.0516
         20.8852
         29.9137
          6.8499
          6.8499
