          0.0000
          0.0000
          0.0000
          0.0000
          0.0000
          0.0000
        -10.6966
         -2.3005
          0.0000
          0.0000
          0.0000
          0.0000
          0.0000
          0.0000
         -5.8342
         -0.9491
          1.9507
          2.6438
          5.0531
         19.5709
         12.9345
         -5.9348
         -3.2780
         -1.1558
         11.0173
          8.8090
          4.0505
         -0.1066
          5.6606
          1.0244
         -5.4287
          0.5305
         16.9091
         22.6824
         12.2606
         22.5959
         19.4677
         26.3815
        119.5222
          0.0000
          0.0000
          6.7111
         10.3562
         26.2587
        -11.6355
        -16.3246
         46.1634
          0.9339
          6.0882
         17.6224
          9.8758
         11.2953
         27.9372
        104.6437
        145.8310
         38.2111
          5.2053
         14.5735
          4.3828
         12.7476
         46.2902
         53.1778
        113.2675
        119.4667
         49.7714
         30.4836
         16.4618
         -9.4732
         -9.7102
        -12.1722
         18.6824
         38.8702
        -12.8405
        -21.7116
          5.6455
         65.0969
         30.4109
        -12.2941
         58.9882
        117.8419
        133.8217
        130.2937
         93.9711
         38.0352
          0.0000
          0.0000
          0.0000
          0.0000
          0.0000
          0.0000
          0.0000
          0.0000
          5.1912
         16.8287
        102.2879
        103.9696
         38.9150
         97.8536
        162.5744
        155.2819
         59.3310
         -0.2786
         -0.5166
          0.0000
          0.0000
          0.0000
          0.0000
          0.0000
          0.0000
          0.0000
         58.8498
         54.1238
         53.1713
          3.6793
         -2.6886
        -10.7888
         -9.1233
         -5.0677
         63.9125
         59.3228
         11.9182
          0.0000
          0.0000
         12.4680
          3.3180
          4.5799
          0.0000
          0.0000
          0.0000
          8.6103
         -8.3736
        -16.1064
        -11.3123
        101.9127
         75.6073
         -7.0508
        -15.0852
         -9.8698
         -7.9925
         -1.6613
         -0.1819
        198.2629
         21.2194
          0.0000
          0.0000
         34.1697
          2.8870
         10.2980
         39.9945
        134.1548
         27.1253
         -0.3218
         19.5214
         66.6231
         72.1048
          3.6376
          2.6692
          0.0000
          0.0000
          0.0000
         15.0165
         40.5298
          5.3229
          0.0000
          0.0000
          0.0000
         -1.8489
          0.0000
          0.0000
          0.0000
          0.0000
          3.6431
          9.2260
          4.6559
          5.5428
         -7.5107
          7.2687
          0.8010
          3.5611
         14.9360
         11.9688
          2.8451
          0.0000
          0.0000
          0.0000
          2.4456
         12.6502
         21.1260
          3.8354
         -6.7580
          0.0000
          3.1702
         16.2670
         15.8648
         29.6225
         12.5052
          9.6716
          1.3158
         69.1265
         61.1965
         84.7994
        115.1654
         93.7510
         91.4669
        -40.7746
        -36.2845
         45.9349
        101.4434
         21.5790
          3.6181
          7.0600
         -6.4092
         -6.6383
        -16.3292
        130.4531
        134.1410
         35.6085
         22.5691
         41.9074
         35.4914
         22.7128
        -11.1928
         78.7684
        107.2437
         17.6640
         37.4343
          9.8003
         -0.8859
          4.8223
          0.0000
         -0.6755
          0.0000
          0.0000
          0.0000
          0.0000
          0.0000
          0.0000
          0.0000
          0.0000
          0.0000
          0.0000
          0.0000
         10.7838
          5.9739
         11.5424
         27.1392
        103.2387
         55.7624
         -7.9809
        -10.1477
        -18.4435
        -12.0006
          4.5367
         -4.6632
         74.6594
          0.0000
          0.0000
          0.0000
          0.0000
         15.3836
         56.3469
        -11.6844
         -5.1705
         -0.9802
          0.0000
          3.7403
          7.1624
          6.2817
          8.2119
         -1.6550
          5.0216
         71.7578
        140.0840
        107.8060
         60.6828
         20.0572
          8.0081
        -11.9386
         17.0131
        121.5020
         15.2549
        -10.4941
        -17.2911
         -6.5976
        -26.5841
        -23.8756
          0.0000
        225.1426
         21.0085
         61.1660
         36.3334
          0.0000
          1.3661
          0.0000
         88.7377
         47.1244
          7.4236
         -7.6404
         10.2974
          7.4126
         -2.1010
        223.4253
        261.1375
        137.9641
          0.0000
          0.0000
          9.5746
         12.2560
          9.8746
          9.4104
         20.0011
         13.6401
         -2.9017
         -0.2695
         -6.7116
          2.7514
          9.8459
          2.6064
         -1.5247
          0.9836
         22.0773
         30.0354
         35.9942
         46.6002
         41.7998
         33.0000
        148.5966
        114.3718
         43.7770
         15.4705
          4.3502
        142.3807
        188.0404
         89.7310
         -3.6008
          0.0000
          0.0000
         18.7579
         24.7754
        106.8448
         96.6036
         -0.2102
         23.2161
         34.5845
         34.3692
          6.1534
        -10.5253
         -7.0937
        -30.0198
        -42.9406
          7.8441
         29.0098
        -12.8246
         24.4710
        112.5312
        105.0307
         26.4227
         60.6483
          8.5151
         60.2908
         57.5077
         36.9572
         17.0106
         15.7047
         15.7517
         28.5112
        160.3333
         95.9383
        -16.3331
        -21.4906
          1.4380
         -1.2916
         -0.6007
         -2.8565
         64.8900
         88.3518
         44.5656
         -9.5124
          6.6567
          3.2325
         -4.5744
        -20.1195
        116.3592
        168.7333
         22.6624
         -9.6388
          0.0000
         14.0355
         33.3194
          2.9061
         78.9861
         63.8848
         -6.1336
         -2.3280
          0.0000
         16.0050
          2.1933
         -2.4590
          5.8816
          8.1018
         12.6707
         -7.5320
         -1.1048
         22.3328
         28.5019
          4.8435
          0.0000
          0.0000
         23.2468
         33.6487
        104.7070
        202.6425
        111.1432
          0.0000
         -0.1541
          0.0000
          0.0000
          0.0000
          4.4336
         18.0367
         19.4460
         94.0907
         63.7412
        -11.1864
          0.0000
          8.9365
         11.3274
         19.4528
         23.6565
        124.7633
          0.0000
          0.0000
          0.0000
         10.2612
          7.0870
         16.7492
         19.5863
        115.9935
         16.4626
         21.3288
         -3.2846
          0.4506
        -12.9111
        -19.0408
         -4.5368
         -0.7220
        183.8679
         13.3797
         -1.4250
         15.4940
         76.7499
         57.1852
        106.1001
        227.3151
        146.7750
         63.7510
          0.0000
          0.0000
          0.0000
          0.0000
          0.0000
          0.0000
         39.7099
         43.4881
         17.2172
         -0.2840
         -7.2423
         -2.9333
          6.9605
         -8.3244
         43.9364
         74.0339
         -2.4720
         -0.8915
         23.1666
         60.4352
          9.4500
         12.0361
         87.2472
         74.8281
        208.5315
        247.7157
        203.1409
        116.3405
         75.7850
         10.8088
         -0.4097
          0.0000
          0.0000
          0.0000
          0.0000
          0.0000
          0.0000
          0.0000
         41.4861
         44.9006
         15.1922
         17.5476
         11.9759
          8.0852
         55.9548
         73.8635
         52.0961
         80.5907
         12.3292
         22.8801
         54.7056
         99.3830
         -7.2393
          0.0000
        105.8285
         76.3698
          0.0000
          0.0000
          0.0000
          2.0882
         -3.3445
         -7.5449
          7.4421
         17.0628
         -5.5574
          0.0000
          0.0000
          5.7448
          8.9795
         -2.5623
        105.1709
        174.4486
        197.8017
        200.4434
        172.0224
        210.8174
        210.1787
         37.9988
          0.0000
          0.0000
          0.0000
          0.0000
          0.0000
          0.0000
          0.0000
          0.0000
         -3.8194
         -2.4271
         -6.3666
          0.0000
          0.0000
          0.0000
          8.3822
          0.0000
         30.6527
         61.5869
          6.9356
        -34.6373
        -18.1636
          1.3925
        -11.0185
        120.8426
        225.4692
        144.2429
        152.4041
        168.5362
        181.6672
        185.6485
        144.0303
         83.5498
          0.0000
          0.0000
          0.0000
          0.0000
          0.0000
          0.0000
          0.0000
         -1.2202
         79.9387
         38.7834
        -22.0690
        -34.9799
         -3.6448
          6.4785
         24.5937
        111.4283
         99.9099
         32.4050
        -14.5216
        -18.9378
          0.0000
          1.3500
         -2.5392
          0.0000
          0.0000
          0.0000
          0.0000
          0.0000
          0.0000
          0.0000
          0.0000
          0.0000
         -2.1179
         -0.4060
          3.3120
          3.2151
          0.0000
          4.6282
         -7.3785
          0.0000
          0.0000
          0.0000
          0.9472
         40.5801
          0.2260
         20.3272
         -3.5239
          0.0000
          0.0000
          0.0000
          0.0000
         53.8044
         55.1477
        125.1047
        155.5095
        130.4014
          0.0000
          2.0342
          9.1293
         15.4998
         22.1469
        138.0082
        146.1227
          6.0133
          0.0000
          0.0000
          0.0000
         21.3290
         22.5548
        146.8009
        119.8611
         -4.6787
          0.4912
          5.5236
         19.5942
         28.3020
         22.4973
         28.6049
        -10.6911
         61.3974
         39.0451
         40.6004
         37.3695
         19.3161
         32.4287
         86.8311
         35.7974
         -6.8218
         44.6167
        126.0056
         43.3441
         11.1723
         10.9332
         45.1948
        116.7663
         68.9559
         43.1842
         11.7768
          0.0000
          0.0000
          0.0000
          0.0000
          0.0000
          0.0000
         12.2929
          0.0000
          0.0000
          0.0000
          0.0000
          2.6326
         12.2347
          9.2908
         70.8659
         84.9212
         27.5112
         31.1335
         23.8088
         50.3280
        125.8257
        117.1099
         22.4078
        111.7137
        111.0137
        161.9277
         64.5103
          0.0000
          0.0000
          0.0000
          0.0000
          0.0000
          0.0000
          0.0000
          0.0000
          0.0000
          0.0000
         -7.6413
         43.2153
         18.7931
        -13.5679
         -5.6259
        -30.1683
        -27.3700
        -20.5786
        -34.5606
        -15.2149
        -20.8753
        -32.4938
         72.2610
        118.8466
         18.5905
          0.0000
         43.7477
         73.2635
          1.3551
         16.6960
         16.2528
         23.6990
         69.3167
        128.0128
        267.4151
         96.5533
          0.0000
          0.0000
          0.0000
          0.0000
          0.0000
          0.0000
          0.0000
        142.1785
        118.3447
          0.0000
          0.0000
          0.0000
          0.0000
          0.0000
          0.0000
         -1.1282
        -23.0840
        -19.6092
        -16.3336
        -25.2899
        -24.8041
        -19.2709
        -14.1202
         68.7924
         13.5171
        -10.5588
        -28.8427
        -18.0217
        -18.9269
         -8.0543
        -12.5957
         64.8113
         92.7102
         57.9151
        -30.8096
        -29.2719
        -20.4126
          3.2046
          5.3294
         22.7837
          9.5100
          2.1250
         -5.9656
         -0.9594
         21.1327
         -4.0361
         -7.4973
          6.1310
          4.3388
         21.3223
         56.0988
         -2.8060
        -14.5972
          6.2591
          4.5158
          4.7493
          9.1717
         12.5743
          2.4722
          1.9676
         26.7186
         33.1951
         82.8603
         18.8702
         10.1005
         29.2449
        100.9768
         48.8601
         -4.1160
          1.1935
         13.6497
         60.3074
          2.7609
         -2.4273
         -0.7743
          0.0000
          0.0000
          0.0000
          0.0000
         -4.5203
         -0.3914
          9.6042
          9.4062
         -3.5159
         -3.2487
          6.6317
          9.0235
         54.5991
         44.4214
         26.9302
        138.1331
        181.3374
         64.6389
        -17.3037
          0.0000
         37.5238
         27.6081
          8.5611
         -6.2620
        149.0478
        118.9203
         33.8914
        105.6958
        249.9230
        164.5798
          0.1447
          0.0000
          0.0000
          0.0000
          0.0000
         -0.7079
         -6.4935
         -3.7564
         12.3511
         26.1497
         15.2909
          5.1542
          1.3029
          0.0000
         18.3793
          0.0000
          6.8855
         16.7334
         17.0568
          5.1923
         51.6196
        192.3680
        150.8397
          0.0000
          0.0000
          0.0000
          0.0000
          0.0000
          0.0000
          0.0000
          0.0000
          0.0000
          0.0000
          6.2563
         19.8441
         19.2618
         53.6217
         -9.1513
         63.1587
         34.5152
        -13.3513
        -10.7838
          7.6017
         -5.1398
         -6.2290
         59.7990
          0.0000
          0.0000
          0.0000
         87.7788
        126.2159
        115.5364
         18.0865
          0.0000
         67.1225
          0.0000
          0.0000
          0.0000
          0.0000
          0.0000
         14.8920
         26.1284
         66.1032
         22.1993
         30.2099
         75.4212
         32.8886
          1.0520
          7.8659
         56.3749
        178.7476
         48.0020
         -4.9655
          0.0000
          0.0000
          2.8278
         17.9429
          3.0866
         55.2915
         41.2400
          5.1013
         53.4672
         67.4989
         22.5391
         12.9635
         25.5733
        172.1136
        165.4588
         18.5373
         35.7297
          8.5181
          8.0526
         -2.5007
         28.6823
         88.1610
         59.3234
         -3.6148
         -8.8562
         -2.7835
         -5.2431
        -31.3678
         79.8794
        147.8188
          3.8169
          0.0000
          0.0000
          0.0000
          0.0000
          5.1436
          0.0000
         41.5430
          9.8470
          0.5926
          6.1665
          0.0000
          0.0000
          1.4410
          0.0000
          6.6977
          0.0000
          4.8703
         11.3750
         17.8231
         32.3793
         23.3977
         11.0306
         39.7054
        110.6671
         91.4226
         40.6860
         52.2809
         89.1438
         77.1555
         43.0088
          5.8754
         -1.3655
          0.2594
          6.8344
          3.5778
         -7.5424
         -3.7271
        -10.2006
         -7.4145
         -4.6403
         11.0913
         16.7619
         18.1555
         11.2222
         -2.4765
          0.0000
          0.0000
         68.7978
         16.8166
         42.2160
        164.1288
        176.1024
        149.0035
        177.7347
         93.0914
         14.4376
        -10.2527
          0.0000
          0.0000
          0.0000
          0.0000
          2.4429
         43.1202
         49.1666
         71.9642
         58.3896
          5.5735
          0.0000
          0.0000
          0.0000
         15.4709
          0.0000
          0.0000
          0.0000
          0.0000
          0.0000
          0.0000
          2.0811
         -2.9374
          8.0457
         17.2825
          7.9238
          1.5694
         -8.4102
        -22.9541
         -8.6763
         51.6385
         29.1054
         21.1251
         29.6418
         49.8468
         99.9315
        168.7524
        243.3044
        195.7668
        117.8570
         -1.7532
          0.0000
          0.0000
          0.0000
          5.7649
          5.4497
         34.0653
         40.4861
         20.9384
         27.4974
         37.7296
         72.4919
         71.6997
         73.3233
        158.9904
        108.2351
          0.0000
          0.0000
          0.0000
          0.0000
          0.0000
          0.0000
         19.5779
         19.3255
          8.6065
        -23.1293
         -7.8769
         -2.2751
          0.3018
         21.8043
         77.1646
         68.7852
         27.4363
        -21.3113
        -18.3332
        -17.1877
        -19.0835
          0.0000
          0.0000
          0.0000
          0.9024
          0.0000
          0.0000
         12.2790
        -10.4226
         -2.0022
          0.0000
         21.8160
         15.9369
         33.0161
         39.7794
         13.2683
        -12.9697
        183.6720
        164.7004
          0.0000
          0.0000
          1.0377
          7.7712
          7.6995
          5.9938
         -1.7462
         26.8990
         27.5536
          0.0000
          0.0000
          0.0000
          0.0000
          0.0000
          0.0000
         -3.4173
          0.0000
          0.0000
          0.0000
         13.6634
         13.7429
         31.4093
         51.9029
         41.0751
         12.5038
          2.1884
         -3.5811
         -0.5372
         -7.0413
         -1.8547
          0.0000
          5.5363
          0.0000
          0.2019
         12.8088
         13.1030
          2.1242
          2.5176
         -0.9945
        130.1088
         90.8525
         -9.2149
        -25.4963
        -12.2954
         -5.4245
          8.4399
          4.0343
         76.5784
         37.3919
         11.1135
        -14.7000
        -22.2145
        -26.5604
        -15.2509
          0.0000
          0.0000
          0.0000
          0.0000
          0.0000
          4.3638
        106.1474
         66.6155
         70.1323
        135.4796
         25.4694
         -7.0601
        -11.8796
          6.0135
          0.0000
          2.4473
          0.0000
          0.0000
         12.5592
         -4.0822
          9.1188
         37.1419
         40.1094
         16.2446
         23.6190
         46.6785
        150.6223
         59.1743
         33.1714
         38.3579
         22.1069
         -0.2762
          2.9528
          0.0000
          0.0000
          0.0000
          0.0000
          0.0000
          0.0000
          8.2030
          6.4894
         10.2498
         10.6734
         28.8848
         30.1787
         28.3921
         16.3895
         25.3559
         33.3051
        114.7410
         24.7163
          8.3939
          9.2359
         10.1728
          3.9927
         55.3201
        114.4721
         -8.3328
          0.0000
          0.0000
          0.0000
          0.0000
          0.0000
         12.8674
          7.3177
         17.8283
         37.6303
         -8.4714
         -2.7658
        -13.0042
        -14.2370
         -6.3941
         -9.6875
        -10.3119
          0.0000
          0.0536
         15.0081
         11.7342
          1.1647
          3.2783
          0.0000
          0.0000
          0.0000
          0.5334
          6.9440
          5.1679
          1.7719
          5.3593
          0.0000
          0.0000
          0.0000
         30.1977
         55.5800
         45.7650
         14.2264
          7.0396
         -6.0435
         -0.1192
          0.0000
          0.0000
         26.3701
         23.0670
         19.2974
         -0.4682
        -11.1366
          0.0000
          0.0000
          0.0000
          0.0000
          4.4258
         21.5894
         -2.0001
         27.3782
        111.6310
         84.7789
          6.4617
         18.8123
          4.8726
        -11.6559
         -2.0322
          0.0000
          0.0000
          0.0000
          0.0000
          0.0000
          0.0000
          0.0000
          0.0000
          0.0000
          0.0000
          0.0000
          0.0000
          0.0000
          0.0000
          0.0000
          0.0000
          0.0000
          5.1379
         19.5138
         13.1506
         10.0720
          3.3663
          0.0000
          0.0000
          0.0000
          0.0000
          0.0000
         10.9648
         43.5119
         20.3828
          5.5807
         79.8086
         84.7032
        188.6333
        228.2404
          0.0000
          0.0000
          0.0000
          0.0000
          0.0000
          0.0000
          0.0000
          2.1461
          0.0000
          0.0000
          0.0000
          0.0000
          0.0000
          0.0000
          0.0000
          0.0000
          0.0000
          0.0000
          0.0000
          0.0000
          0.0000
          0.0000
          0.0000
          0.0000
          0.0000
          0.0000
          0.0000
          0.0000
          0.0000
         -0.3994
          0.5958
         -2.2706
          0.1840
         18.4367
         10.9895
         -3.1410
          0.0000
         33.4169
         28.8243
         -0.0989
          0.0000
          0.0000
          0.0000
          4.4415
         11.8175
          9.5135
         17.5392
         51.9130
         16.4468
          6.7845
         50.8288
          9.0836
          0.0000
         -2.8014
        205.5863
         97.1126
         17.0186
         10.5067
          8.1552
         23.6338
        116.0851
        203.3234
         48.8512
          0.0000
          0.0000
          1.4123
          8.4834
          7.6752
          9.0309
          5.8828
         32.1426
         64.5262
        159.5377
         89.3458
          6.5981
         -5.3907
         -1.7299
         -6.5432
         -2.5793
         39.7667
         38.5779
          6.0290
          9.8178
         -6.2249
         -2.7471
         -1.5837
          0.0000
         14.8966
          9.4496
          7.5846
         23.9407
         -1.8071
         -2.4741
          0.0000
          0.0000
          0.0000
          1.9482
          3.5226
          2.4656
          2.3655
          4.5308
          7.7135
         14.6783
          0.2632
          2.2784
         24.1017
          7.5203
          6.9883
         12.9156
         20.1670
          2.7912
          2.3249
         16.0031
         13.4434
          7.8366
         18.5175
         71.9209
         68.0276
         95.9430
          0.0000
          3.9975
          8.4679
          0.4689
          4.1352
          5.9611
          7.4697
         11.3490
         14.2140
         22.6724
         37.3018
         16.8486
         13.2068
          5.1251
        -19.4658
          8.7942
        117.1641
          8.8881
         52.9078
         32.1129
         65.6715
         77.5099
         51.8952
         -8.7257
         -1.3685
          5.7429
          0.0000
         30.5767
         73.3189
          9.7257
          2.3710
          7.3935
          0.1909
          2.9408
          1.4108
          3.0568
          1.6038
          6.9074
         10.0163
         -2.1820
          0.0000
          0.0000
          0.0000
          0.0000
          5.6486
          9.7051
          1.9305
          0.0000
         18.9611
         18.2744
         14.5392
         44.7229
        140.4859
        100.0252
         -5.5605
         10.8520
         -4.4405
         14.3016
         27.2658
         19.8141
          6.3467
         -0.1770
          4.4523
         17.6777
        -10.6846
         -4.3742
         -2.5568
          1.7133
          0.0000
          0.0000
          0.0000
          0.0000
          3.0316
          0.0000
          0.0000
          3.6873
          6.9021
          4.6010
          0.0000
          0.0000
          0.0000
          0.0000
         19.2923
         -0.1733
         -2.0242
          5.5232
          0.0000
          0.0000
          3.8422
          6.9725
          6.3225
          3.7583
          7.4838
          4.8892
         -6.6493
         -6.7499
         -4.9657
          6.2308
         21.5383
         16.5551
         15.4594
         31.1923
         64.1369
         78.5381
         11.2097
          0.0000
         22.1269
         16.7541
         33.0569
         43.9935
         36.8542
         -0.0203
         -1.2949
          0.0000
         25.1863
         13.7691
         -5.3875
          0.1642
         72.1647
         91.3098
          1.3132
         20.0359
         27.5804
         32.1453
         35.2453
          9.8550
         11.3693
        109.6606
          2.2639
          2.5867
         15.7772
         10.1904
          0.3290
         11.5116
         -0.9928
          0.0000
         78.7083
         15.0963
          0.0000
         11.4253
          3.3746
         -6.2265
        -13.7770
         -9.8131
          7.8915
          8.4832
         32.5280
         20.0058
          1.9492
         25.4508
          0.0000
          0.0000
          0.0000
          0.0000
         39.8709
         14.5070
          2.5209
         -1.1164
          0.0000
          0.0000
          0.0000
          0.0000
         19.9114
         15.0481
          9.4044
          4.9244
         -1.2072
          0.0000
          0.0000
         16.4238
         27.4402
         11.6357
         -2.2131
         -0.3836
         -0.0492
         -9.5472
         -5.1648
          9.1040
          4.8230
         19.9903
          6.6054
          0.5277
         -0.7784
         -0.7870
          0.0000
          3.0934
         20.7567
         11.3271
          6.0750
          5.0335
         -1.7857
          0.0000
          0.0000
         15.4070
         22.4419
         28.0981
         30.8339
         18.9116
         -5.7119
         -3.9400
         -3.1827
         19.1924
         91.3362
         20.0358
          0.2562
          4.0963
         -0.1673
          3.6920
          0.0000
          0.0000
          0.0000
          0.0000
          0.0000
          0.0000
          0.0000
          3.0191
          0.0000
          0.0000
          0.0000
          0.0000
          0.0000
          5.6284
          4.7212
          1.7913
          0.5416
         25.7387
         30.1263
         11.5462
         17.7034
         12.3668
         -1.1310
          0.0000
          2.1731
          0.0000
          0.0000
          0.0000
          5.7004
         13.4529
          0.0000
          0.0000
          0.0000
          0.0000
          0.0000
         14.6179
          6.9164
          6.8172
         21.8842
         22.4910
          8.0409
          9.5454
          0.0000
          0.0000
          5.2881
          0.0000
         47.9403
         13.1477
          0.0000
          0.0000
          0.0000
          0.0000
          0.0000
         11.3320
          2.8236
         56.6382
          0.0000
          0.0000
          0.0000
          0.0000
          0.0000
          0.7418
          0.0000
         -7.3617
          5.5039
          7.5930
         14.3422
         11.5751
         -3.3641
          2.4280
         28.7489
         68.9657
         19.4405
         -1.7594
          3.4573
          5.2657
          0.0000
          0.0000
          0.0000
          0.0000
          0.0000
          0.0000
          0.0000
          0.0000
          0.0000
          0.0000
          0.0000
         -5.0098
          0.0000
          0.0000
          0.0000
          1.1711
          0.0000
          0.0000
          4.2996
          4.6999
         -0.2887
         14.4058
         20.4085
         10.8323
          4.7222
         15.4713
         14.9440
         62.0585
         60.3618
          5.7369
         23.5283
         18.3572
         -1.3129
        -18.6964
         -3.3839
          0.0000
         58.7273
         54.1267
         38.8244
         38.1752
         44.8721
         47.8713
        -16.9665
         -5.7179
         -5.2119
         21.6093
         23.2732
         20.1550
          8.0255
         -9.6007
         71.2102
         60.7239
          0.0000
          0.0000
         16.8419
          6.3476
          5.1466
         -5.5856
        -10.6738
          0.0000
         26.6728
          1.1235
          0.0000
          9.3692
          7.8960
         14.5377
         14.9922
         48.4047
         24.4530
          5.8980
          6.2701
         11.3640
         -5.6250
         18.5524
         58.3578
        146.7393
         73.9857
         -7.5667
         -7.5704
         -4.9609
         -4.8008
        -14.1622
         -3.4101
         25.2517
          0.0000
          0.0000
          0.0000
          0.0000
          0.0000
          0.0000
          0.0000
          0.0000
          0.0000
          0.0000
          0.0000
          5.7120
         15.2710
          3.1448
         -6.8975
         -1.6461
         -6.9371
          5.1310
         13.6693
          8.6325
          0.8055
        -14.3125
        -26.5452
         -5.3604
         -2.1166
          0.0000
          0.0000
          9.2628
          5.6911
          6.7729
          7.7337
         83.1103
          3.4209
         31.1916
         81.4241
         13.9184
          8.3745
        179.5629
        157.0633
        -13.1755
          0.0000
          0.0000
          0.0000
          0.0000
          0.0000
          0.0000
          6.8825
         -9.4934
        -11.2370
          0.0000
          0.0000
          0.0000
          0.0000
          0.0000
          0.0000
        -14.3059
          0.0000
          0.0000
          0.0000
          0.0000
          0.0000
          0.0000
          0.0000
          0.0000
          0.0000
          0.0000
          0.0000
          0.0000
          0.0000
          0.0000
          0.0000
          0.0000
          0.0000
          0.0000
          0.0000
          0.0000
          0.0000
          0.0000
          0.0000
        -17.8075
         -1.7336
          0.0000
          0.0000
          0.0000
          0.0000
          2.3990
          0.0000
          3.2223
         23.9856
         25.2029
         28.5769
          9.9935
         -4.3233
          0.0000
          0.0000
          0.0000
          0.0000
          0.0000
          0.0000
          0.0000
          0.0000
          7.9228
          0.0000
          0.0000
          0.0000
          0.0000
          0.0000
         -2.4926
          0.0000
          2.1381
          0.0000
          0.0000
          0.0000
          0.0000
          0.0000
          0.0000
          0.0000
         26.7846
         13.0352
        -10.2368
         -3.5589
          7.5547
         16.3043
          3.4411
          0.0000
         -4.1965
          0.0000
          0.0000
         94.3502
         22.3022
         22.6149
         13.1188
          6.2831
          1.3671
        -20.4241
        -17.5371
         -0.5270
          3.9892
          4.8222
         -0.2962
          1.6952
          3.7220
          5.8791
         -4.0652
         -0.5165
          6.5316
          6.7734
          2.0224
          8.4605
          7.6683
         -0.0403
          0.0000
          0.0000
          2.2292
          0.8951
          0.0000
         30.6145
        100.4528
          0.0000
          0.0000
          0.0000
          0.0000
          0.0000
          0.0000
          0.0000
          0.0000
          0.0000
          8.0401
         64.7659
        -13.0001
        -12.0406
          0.0000
          0.0000
          0.0000
          0.0000
         -0.0342
          0.0000
          0.0000
          0.0000
          0.0000
          0.0000
          2.3605
          0.0000
         -0.0220
          0.0000
          0.0000
          0.0000
         -2.7559
          0.0000
          0.0000
          0.0000
        -13.6728
          0.0000
          0.0000
          0.0000
          0.0000
          0.0000
          0.0000
          0.0000
          0.0000
          0.0000
          0.0000
          0.0000
          0.0000
          0.0000
          1.0442
          1.3262
         30.8105
         13.5882
         35.7500
         64.7060
         -0.2263
         -5.5906
         18.9301
         -4.5138
        146.8745
         75.4616
          5.9556
          6.6026
         13.5583
          5.2103
         -0.4311
          0.4806
        225.6319
        147.5157
          0.0000
          4.7727
         11.4023
          2.0709
         -2.3442
         -4.1918
          0.0000
          0.0000
          7.3512
         29.2713
         20.4455
          0.0000
          6.9317
          4.7376
          0.0000
          0.0000
          0.0000
          0.0000
          0.0000
          5.5589
          7.1568
          0.0000
          0.0000
          0.0000
         11.3388
         11.4385
         11.0092
          8.5543
         -9.6998
         58.7923
         45.7197
          0.0000
          0.0000
          0.0000
          3.5142
          9.2626
         14.3059
         -1.1450
         -5.6604
         11.7917
          3.7474
          2.6098
          5.6517
          2.2951
          0.0000
          0.0000
          0.0000
          0.0000
          0.0000
          0.0000
          0.0000
          0.0000
          0.0000
          0.0000
          0.0000
          0.0000
          1.8381
          0.0000
          0.0000
          0.0000
         13.4210
          1.3093
          0.0000
          0.0000
          0.0000
          3.9526
          9.3697
          8.1105
          3.2616
         44.9444
         91.5254
          0.0000
          0.0000
         13.7537
         40.1615
         78.3668
         -0.1634
        -17.5822
         31.4034
         25.4185
          0.0000
          0.0000
          0.0000
          0.0000
         21.8080
         16.9539
        -17.8604
         -5.0136
          0.0000
          0.0000
          0.0000
          0.5904
          1.8617
          0.0000
          0.0000
          0.0000
          0.0000
          0.0000
          0.0000
          0.0000
          0.0000
          0.0000
          0.0000
          0.0000
          0.0000
          5.0828
         -0.3137
         -1.7796
          2.7105
          0.0000
          0.0000
          0.0000
          4.3026
          3.2332
          8.7162
         10.8264
          3.5063
          0.0000
          0.0000
          0.0000
          5.0988
          0.0000
         10.7611
         19.2336
         18.4609
          0.0000
          0.0000
          0.0000
          0.0000
          0.0000
          0.0000
          0.0000
          8.9284
          1.9026
         73.4835
         18.6960
          8.4103
         -4.4620
          0.0000
          0.0000
          0.0000
          0.0000
          0.0000
          0.0000
          0.0000
          0.0000
          2.6925
          0.0000
          0.0000
          0.0000
          0.0000
          0.0000
          0.0000
          3.4541
          0.0223
         -0.6163
          0.0000
          0.0000
          0.0000
          0.0000
          0.0000
          0.0000
          0.0000
          0.0000
          3.0032
          0.0000
          0.0000
          0.0000
          0.0000
          0.0000
          0.0000
          0.0000
          0.0000
          0.0000
          0.0000
          9.3434
          3.8103
         20.2362
          1.6251
         -8.0263
          0.0000
          0.0000
         -4.9532
         -7.7624
         15.6455
         39.3918
         18.6237
         51.7576
         41.2539
         16.8861
          0.0000
          0.0000
          0.0000
          0.0000
          4.9295
          9.1608
          1.7425
          0.0000
         46.3560
         69.1516
          0.0000
         36.0378
         80.7039
         40.4469
         82.1930
         85.7268
          0.0000
          0.0000
          0.0000
          0.0000
          0.0000
          0.0000
          0.0000
          0.0000
          0.0000
          0.0000
          0.0000
          0.0000
          0.0000
         12.0013
         11.0416
         28.8798
        149.8459
          0.0000
          0.0000
         30.7623
         36.0292
          9.3979
        -11.8810
         -9.4260
         -5.8808
         -0.0553
          1.1764
          7.3003
          2.4206
          2.8865
         -1.8010
          0.0000
          0.0000
          0.0000
         10.5919
         23.7085
          6.1401
         -1.7687
          5.2885
          0.0000
          0.0000
          0.0000
          0.0000
          0.0000
          0.0000
         10.4272
        217.6679
          8.8864
          0.0000
          0.0000
          0.0000
         22.1876
         10.6702
         -4.1078
         -9.5222
         -2.8992
          0.0000
          0.0000
          9.5433
        115.7811
        217.9442
        129.1124
          9.9612
         17.3649
         21.1186
        -11.3832
          0.0000
          0.0000
         20.4914
        198.4232
        202.0854
        236.6592
         11.6595
          0.0000
          0.0000
          0.0000
          0.0000
          0.0000
          1.0333
          0.0000
        103.8896
          2.3274
          4.9982
         24.4823
         -4.1209
        179.0095
          0.0000
          0.0000
          0.0000
          0.0000
          0.0000
          0.9418
         11.3858
          9.2246
         -2.7260
         92.7753
          0.0000
          0.0000
          0.0000
          0.0000
          0.0000
          0.0000
         10.4991
         13.6481
         19.8097
          0.0000
          2.5453
         34.0450
         22.2573
          5.2575
         34.0179
        120.3648
          0.0000
          0.0000
          5.8529
         16.7501
          5.4745
         -3.5403
          0.1056
         -5.9689
         -0.0112
          4.5310
         12.9987
         14.2471
          9.5863
         10.4103
         20.7501
          2.8086
         12.8886
          0.0000
          0.0000
         52.5858
         27.6472
          2.1688
         12.1816
         23.6047
        226.2113
         77.4476
          1.8348
         10.1956
         -3.7960
        -13.3211
         -3.5025
        -12.6079
         74.1129
         34.8940
         -2.7598
          6.1607
          2.1175
          3.3205
         11.8595
         66.6654
         63.8786
          0.0000
          0.0000
          0.0000
          0.0000
          0.0000
          8.1250
          7.0518
        103.6918
         75.3427
          7.8101
          1.2221
          4.7707
          8.4456
          2.5012
         15.7330
        153.5257
         87.4189
         22.8141
          0.0000
          0.0000
          0.0000
          0.0000
          0.0000
        -12.8058
          0.0000
          0.0000
          0.0000
          0.0000
          0.0000
          7.0193
          0.0000
          0.0000
          0.0000
          0.0000
          0.0000
          0.0000
          0.0000
         10.1615
         14.0798
          4.3390
        -22.5536
         -0.4386
         -2.8945
        -11.0160
          0.0000
          0.0000
          8.4552
         24.1553
        -15.2328
         16.0677
         18.2677
          8.9270
         -6.4269
        -11.2248
        -28.6045
        -24.3874
        -24.5819
          0.0000
          0.0000
          0.0000
          0.0000
          0.0000
          2.9496
          8.4167
          0.0000
          0.0000
          0.0000
          0.0000
          0.0000
          0.0000
          0.0000
        -14.2671
         -7.3632
          2.7265
          0.0000
          0.0000
          0.0000
          5.2768
          0.0000
         -1.9177
          0.0000
          0.0000
          0.3374
         -0.8609
         -0.4198
         -0.5716
          0.0000
          0.0000
          0.0000
          0.0000
         29.1349
          5.9800
         12.2109
          1.5064
         54.5005
        206.3016
         90.1021
         24.5369
         12.5328
          0.0000
          6.0867
          5.3054
          6.2892
        144.4678
          3.0128
          0.0000
          8.2707
         -7.3146
         -2.7702
          6.6488
         -8.8443
         10.2647
         25.1763
          4.1735
          0.0000
          0.0000
          0.0000
          0.0000
         11.0860
         -2.7028
         -5.1864
          0.0000
          0.0000
          0.0000
          0.0000
          0.0000
          0.0000
        -12.4606
         -3.9753
          7.3214
         29.7456
          8.5467
        -11.0168
        271.4874
        305.6989
        324.3929
          0.0000
          0.0000
          0.0000
          0.0000
          0.0000
          0.0000
         26.2739
          6.7826
        -25.0670
          8.7496
          5.1504
         -0.2674
         -4.6621
         10.9257
         13.4940
         16.8181
          6.6703
        -11.8180
         -7.1017
          0.6066
          0.0354
         -6.9694
         48.2383
        156.6655
         20.5658
        -22.0990
         67.1970
        102.6981
         20.5752
        152.0339
        237.9224
        176.4912
          0.0000
          0.0000
          2.3088
         16.3865
          5.4729
          4.7014
        -24.2240
        -29.8247
        -32.3481
          1.5857
         16.2158
         -4.4026
         30.1434
        105.2183
        201.6740
        167.1640
          0.0000
          0.0000
          0.0000
          0.0000
          0.0000
          0.0000
          0.0000
          0.0000
          0.0000
          0.0000
          0.0000
          0.0000
         15.4284
        -13.6376
         -9.6292
         28.1116
        144.5817
         71.6826
         32.7519
          0.0000
          0.0000
          0.0000
          0.0000
         38.2745
         18.8215
        -11.4276
        -13.2789
        -14.2180
         -9.1363
         12.6164
         52.6157
        161.5179
        161.7717
         39.7674
          7.1145
          8.5615
         99.2752
        139.1180
        146.5209
        113.9412
         24.9264
          0.0000
          0.0000
          0.0000
          0.0000
          5.1569
         13.5961
         16.6271
         12.7000
         15.0610
        130.9783
        179.4009
         84.4507
         44.7805
         60.3106
          0.0000
          0.0000
          0.0000
          0.0000
          0.0000
          0.0000
         11.4429
        -10.8829
        -14.5544
         -7.5171
          8.2364
         18.4435
          8.4183
          0.2165
          7.4008
         -3.6261
        -17.2915
          0.0000
          0.0000
          0.0000
          0.0000
          0.0000
          0.0000
          8.2423
          0.5168
          0.0000
          0.0000
         12.0607
          2.0633
          0.0000
          0.6755
         -3.6317
         -9.1895
         -5.5719
         12.9600
         10.8089
         13.1834
         37.6812
         96.2708
        167.3580
        138.1410
         56.4411
          0.0000
          0.0000
          0.0000
          0.0000
          0.0000
          0.0000
          0.0000
          0.0000
          0.0000
          0.0000
          0.0000
          0.0000
          0.0000
          0.0000
        -10.3414
         -0.8635
          0.0000
          0.0000
          0.0000
          0.0000
          0.0000
          0.0000
        -11.5100
         -1.2805
          0.0000
          6.2106
          7.4305
          3.9069
         15.2076
         12.6985
        -20.1514
        -16.6099
         18.8629
         28.7901
          8.4625
          2.4360
         31.0437
         66.8265
         79.5897
         -4.0383
          0.0000
          0.0000
          0.0000
          3.6467
         26.0342
         31.2457
          6.5898
        -14.9579
         18.4773
          7.5751
        -11.1714
        -10.0880
         13.5726
         30.6783
          9.7602
          0.8614
         16.9901
          9.5895
          7.2193
         17.6491
         20.3659
         29.2513
        150.0374
         21.6963
         12.8081
         15.6578
          2.7557
         -2.4480
         25.7945
         59.7483
         61.5543
         37.5333
          7.5721
         -6.6129
          2.9544
         -0.1488
        -23.4947
        112.6744
        132.2215
         -5.7350
          0.0000
         17.6491
          0.0000
         46.8174
         22.9260
          0.0000
          0.0000
          0.0000
          3.3666
          8.1719
          0.0000
          0.0000
          0.0000
         -0.6294
        -10.8884
         -7.1387
          5.9363
         35.2118
          2.1379
        -25.3976
         50.3873
        268.2219
         71.6036
          0.0000
          0.0000
         51.7480
         29.8134
        105.1279
        134.2070
        145.7394
         44.6591
          0.0000
          0.0000
          0.0000
          0.0000
          0.0000
          0.0000
         11.6474
         35.8550
         24.3996
        -34.7504
        -20.9981
        -39.9712
        -33.0145
         -5.4749
        -20.8031
          1.4246
         19.8772
         14.2392
         23.9230
          5.9159
        -19.5117
         -6.1151
        207.4622
        220.1242
          0.0000
          0.0000
          0.0000
          0.0000
          0.0000
         14.4112
         -6.4482
          3.9373
         -0.9911
         36.9343
        100.2807
         42.8997
          0.0000
          0.0000
          0.0000
          0.0000
          0.0000
          0.0000
          0.0000
          0.0000
          0.0000
          0.0000
         18.9144
         34.3997
         -8.6858
          0.5202
          3.9364
         10.3899
          8.4371
         -4.3192
        147.9588
         92.1548
          0.0000
          0.0000
          6.3588
         15.1953
         19.8511
         16.8020
         12.7301
         39.5925
         62.9326
         19.8097
         35.0171
         97.8460
         26.2521
          0.0000
          0.0000
         -1.3420
          0.0000
          0.0000
          0.0000
          1.4335
          1.4362
          8.7298
         12.0044
         10.7079
          0.0000
         13.4814
          9.2945
          2.5953
          6.0329
        -11.1288
        -42.4382
         -8.4323
          0.0000
          0.0000
         18.4022
         14.3797
         19.3649
         11.7289
         24.1178
        101.8802
         28.9296
         -7.3682
         -4.4479
         10.9982
         22.5704
         38.5308
         93.2943
        155.5595
         -1.8610
          0.0000
          0.0000
          9.7296
         21.8248
         11.3993
        109.8293
        162.0238
         37.8461
          0.0000
         16.6101
         -7.0710
        -10.5518
        -16.1002
         -7.3635
        -15.7211
         -0.3858
          6.9747
          0.0000
          0.0000
          4.4030
         12.1655
          7.9066
         -0.5988
         -2.9491
          1.7802
          0.0000
          0.0000
         10.5120
         16.5182
          2.5534
          0.0000
          0.0000
         11.2857
         40.3358
          6.0840
          1.9889
         63.9611
        167.2491
         24.7213
          4.8837
         25.9305
         27.8169
          5.9334
         -4.2306
         16.5847
         -3.6490
         -2.9997
          0.0000
          0.0000
          2.1207
         14.0762
         14.4642
         16.8536
         56.7265
         51.7724
         51.7724
         12.8875
         12.8875
         -6.1656
         -9.5796
          7.7267
          8.2171
         27.5528
         45.7341
          0.0000
          5.0141
          0.0000
          0.0000
         16.4769
         48.2071
         83.8757
        -11.6800
         43.1086
         25.2878
          7.6205
          8.8951
         10.0656
          3.7675
         -3.8623
          0.0000
          2.1051
         36.3916
         19.7498
          0.2009
         14.6521
         81.1889
         69.9411
         -7.8782
          8.2991
          7.5996
          8.4692
         23.3365
         63.1822
        110.9046
          0.0000
          0.0000
          0.0000
         10.2113
         13.3061
          4.2469
         12.1736
         17.4474
         59.0234
         12.9958
         -1.5282
         -9.4889
         -9.0792
          3.2731
          9.2644
          2.8082
         -2.7312
          2.8430
         24.6689
         22.6684
         16.5605
         20.9508
         25.4881
         22.8938
         20.6716
          2.7506
         34.2141
         76.7315
         30.8407
         97.1290
         50.1049
         73.7860
          0.0000
          0.0000
          0.0000
         20.6839
         15.8387
         14.0656
         58.4988
        102.1038
          0.0000
          0.0000
          0.0000
          7.2759
         10.5289
          8.6525
         85.0193
        153.0910
         43.9802
          0.0000
          0.0000
          0.0000
          0.0000
          0.0000
          0.0000
          0.0000
         11.2186
         21.1162
          0.0000
          0.0000
          0.0000
          0.0000
          0.0000
         21.9202
         37.9961
         57.6885
          5.2799
          8.6241
          3.2942
         -4.1148
         -4.6235
         63.0200
        108.8488
         38.6429
          0.0000
          0.0000
          0.0000
         12.1673
         29.2540
          6.6744
         -0.0414
        -13.8781
          3.5090
          5.2554
        -18.9059
        -27.4892
         -8.9843
        -12.4276
         85.7623
         85.9057
          8.6052
          0.8966
          0.0000
          0.0000
          6.4799
          0.0000
         26.3556
         70.8386
          0.0000
          0.0000
          0.0000
          0.0000
          5.8944
          0.0000
         -0.3371
         85.8363
        115.5191
         72.1021
         11.5042
         -2.4027
         -8.4335
         -1.3032
        133.9255
        135.7095
         28.7647
          1.3491
          6.9582
          0.0000
          0.0000
          0.0000
         39.4307
         96.7609
         19.3762
         15.6479
          0.3292
         -8.5507
        -11.5409
         -6.0591
         -4.4760
         57.1073
          4.3377
          9.8527
         -6.1958
        -15.7499
         -3.4687
        -22.8214
         45.7532
         99.7286
        100.4396
         72.5508
         16.7593
        -16.0597
          8.8103
        152.3523
         81.7635
         16.1643
          0.0000
         11.7409
         21.5440
          7.3395
         27.6544
         79.2119
         99.1574
          0.0000
          0.0000
          0.0000
          0.0000
          0.0000
         19.2178
          7.3282
        -12.7633
        -17.5872
          0.0000
          0.0000
          0.0000
          5.1738
         20.9940
         20.7318
          5.4206
          0.0000
          0.0000
          0.0000
          0.0000
          0.0000
          0.0000
          2.1179
          0.7368
          0.0000
          0.0000
          1.4201
          5.7032
          5.6300
          8.6160
          9.7415
         19.8459
         41.8726
          9.8361
          8.4638
        -18.2566
        -19.8854
         12.7175
          0.8467
        131.4829
        136.4122
         32.1072
        -10.1635
        -13.9673
         -1.8327
          7.1422
         -2.7941
         20.0569
        121.9719
         24.9339
         12.9817
         31.0882
         37.8526
        -51.4985
        101.9364
         48.9796
         15.3559
         -0.2024
         -6.1069
         -3.7634
          5.9323
         41.6671
        177.4703
         49.5079
          0.0000
          0.0000
          0.0000
          7.5440
         21.1843
          1.3276
         21.0607
         27.1580
          0.0000
          0.0000
          0.0000
          0.0000
          0.0000
          0.0000
          0.0000
          0.0000
          0.0000
          0.0000
          0.0000
          0.0000
          4.0041
          3.6086
         13.5210
          7.9836
         19.0231
         -1.6424
          0.9865
          3.7948
          0.0000
          0.0000
          0.0000
         -1.4544
          0.0000
          0.0000
          0.0000
          0.0000
          0.0000
          0.0000
          0.0000
         -7.4603
         -0.9072
          0.0000
          0.0000
          1.5082
          0.0000
          0.0000
          0.0000
         -1.1921
          0.0000
          0.0000
          0.0000
          0.0000
          0.0000
          0.0000
          1.8591
         16.7925
         23.9016
         -4.3916
         -5.5508
         -0.7783
         -0.8315
         21.4818
          3.3439
         17.1650
         81.7495
         94.9129
         92.3234
          0.0000
          0.0000
          0.0000
          0.0000
          0.0000
          0.0000
          0.0000
          0.0000
         -6.0034
        -12.6884
         -2.3965
         23.3055
         56.5194
         25.1810
          0.0000
          8.3413
         -6.3731
        -16.1762
        -16.0451
          7.0115
        116.3331
         39.0162
          0.0000
          0.0000
          0.0000
          0.0000
          0.0000
          3.8370
          0.6322
          2.5598
         14.7960
         18.2832
          2.6439
         10.0273
         17.3681
         21.0215
         36.1755
         -9.8869
          1.0753
          6.5635
          1.9431
          4.6073
         17.8741
         51.9708
         46.5918
         -4.0021
         19.7283
         33.2963
         18.3581
         -1.6286
         -8.5970
        -11.1469
         22.0546
          0.0000
          3.8348
         36.6830
          8.1293
         -8.5801
         38.2730
        150.6790
         83.5481
          0.0000
          0.0000
          0.0000
         17.5191
          8.5159
         21.1272
        136.7525
          0.0000
          0.0000
          0.0000
          0.0000
          0.0000
          0.0000
          0.0000
          0.1843
          0.2456
         -3.1411
          0.0000
          0.0000
          0.0000
          0.0000
          0.0000
          0.0000
          5.7879
         -5.4416
        -13.2173
          0.0000
          0.0000
          0.0000
          4.2591
        -10.8987
         83.2460
         99.4468
         18.1232
          6.0474
         -5.1914
        -11.3752
        -25.3721
         53.5155
        160.4818
        192.2409
        138.0477
          0.0000
          0.0000
          0.0000
          0.0000
          0.0000
         27.7381
         13.5396
        -14.3378
        -18.7563
        -12.9496
          8.0695
         -3.6822
         51.1647
        131.5769
         76.7333
         -5.6895
        -26.0902
        -24.8407
        -29.4413
        -39.8721
        -50.3783
         38.6176
         25.8122
         -7.9885
         27.6112
         18.8676
        -29.1806
          3.2446
         13.3596
         94.6342
         69.1197
          3.6095
         21.4122
         -3.5581
         31.5025
         32.9411
         -7.0222
         -3.5193
         -0.0330
          2.6340
          6.2024
         17.4053
         14.6758
         -8.4412
        -40.1114
        -26.6283
          5.7753
         83.1122
        234.4483
         89.8343
         21.3952
         42.2065
         58.8424
        318.0280
        292.2573
        143.1951
         11.7295
         -4.6732
         -2.3092
         16.3105
         -9.5231
         98.8804
        103.2675
          9.6563
        -18.3373
        -16.9311
        -14.9714
        -11.1485
         -6.9599
         92.4651
         95.4058
         -8.8649
        -14.5252
         -1.0012
         -8.7535
          1.4958
        154.2471
         22.4354
         -1.1580
          0.0000
         32.4601
         21.1070
         -7.7517
         -9.3073
         26.7680
         37.4685
          0.0000
          3.6349
         12.8341
          9.2003
          3.9371
          7.7659
        117.8129
         64.0764
          0.0000
          0.0000
          0.0000
          0.0000
          0.0000
          0.0000
          0.0000
         68.5963
         13.2394
        -20.2747
        -26.5841
        -34.9227
        -11.4791
        -15.1778
        -39.6370
         42.4099
         71.9885
         25.9353
         -8.6433
         19.2929
         20.7543
        -12.7881
        -13.9077
        136.5136
          0.0000
          0.0000
          9.6842
        -10.8720
        -12.8362
         -0.4138
         16.7787
        120.9106
         22.3416
          6.4897
          6.8826
         18.5874
         48.7513
         99.0024
          0.0000
          0.0000
          0.0000
          0.0000
          0.0000
          0.0000
          0.0000
          0.0000
          0.0000
          2.6930
          4.5489
          4.4322
          1.5640
         22.2278
         40.9299
         22.8334
         17.4220
         60.2676
         42.3392
        -11.5707
        -15.5364
         10.0765
         50.9184
         -2.7184
        -16.5145
         50.2756
        136.0669
         15.7044
          8.4476
         11.9054
          8.0351
          7.5579
         36.7049
         84.4126
         -0.4286
          7.9778
          7.4976
         18.9647
         17.5483
        -25.5116
         61.7714
         81.1507
        130.4238
         -5.1536
         59.9636
          0.0000
         18.3653
         21.5468
          3.8814
         -8.4605
         31.7411
         40.2851
         26.3955
         14.5261
          8.5335
         -3.6566
         -1.8161
          5.0028
         25.9875
          5.1221
         11.2767
         11.9740
        -26.5998
        -56.9660
          2.6241
         21.7250
         -5.9560
          0.0000
          0.0000
          0.0000
         13.3945
         38.8961
         99.6339
         44.4973
          0.0000
          0.0000
          0.0000
          0.0000
          0.0000
          0.0000
          0.0000
         23.3312
         38.8666
         16.4842
         65.4997
         11.4688
        -18.0737
        -28.9179
         -0.3705
         91.4616
        105.4877
        120.4634
         87.3094
         74.2075
         24.9084
        -32.4433
        -25.8762
        159.9558
        194.5885
        151.0536
        206.7250
        186.7664
        137.9974
         41.9557
         12.8996
        -11.2287
         -1.6839
          0.0000
          0.0000
          0.0000
          0.0000
          0.0000
          0.0000
          3.5576
          0.0000
          0.0000
          0.0000
          4.0108
          0.1454
        -12.2464
        -16.6771
          1.6005
         12.9509
         -3.2385
        -13.5827
        -18.1320
          0.0000
          5.5626
          8.1605
         23.5496
         57.8459
          3.9163
          9.7394
         34.6812
        117.9156
        145.1870
        246.1108
        139.7047
          0.0000
         -0.4789
          0.0000
          0.0000
         13.3341
          6.0215
        146.7931
         10.8831
          0.0000
          0.0000
          0.0000
         -5.2485
         -0.7388
         13.9855
         55.8959
         81.2164
         37.6826
          5.6190
        -23.2955
         -5.1018
         44.5688
        113.4962
        129.7968
        107.0818
        102.8350
          0.0000
          0.0000
          0.0000
          0.0000
          0.0000
          0.0000
          4.9856
          0.0000
          0.0000
          0.0000
          0.0000
          0.0000
          0.0000
          1.1736
         23.4764
         -3.4656
          3.6965
         -5.9175
          6.1769
         -1.7873
         -1.0520
         -4.5022
          5.7155
        -14.9283
         17.0120
          9.7011
          5.2311
          0.0000
          0.0000
          0.0000
          0.0000
          0.0000
          0.0000
         12.8888
          3.9062
          0.0000
          0.0000
          0.0000
          0.0000
          0.0000
          4.8417
         21.8294
         14.6497
          4.4906
         -3.3523
         -7.7948
          0.0000
          0.0000
          8.5600
         38.0353
         16.5110
        -14.7404
         -2.5863
          0.4695
         38.4100
         44.2391
          7.9926
         -6.3523
         -7.6530
         -4.0161
         12.9055
          9.7418
         23.5897
         40.3341
         73.2064
        112.1739
          5.5978
         48.4323
         16.9002
         41.5443
         72.3323
         -0.5125
          0.9055
          9.8279
          8.0395
          0.7487
          6.4808
         69.7407
         -5.9946
          0.0000
          0.0000
         17.3721
         11.5522
          0.0000
          8.8379
          3.4349
         16.1854
         35.5227
         15.5909
         11.0859
          7.5903
        110.9557
        110.8017
         16.8844
         26.8228
         18.7330
         -4.1391
        -16.1595
         -9.1847
         75.5676
        149.4751
         75.8524
          0.0000
          0.0000
          0.0000
          0.0000
          0.0000
          0.0000
          0.0000
          0.0000
         20.0850
         63.1226
        -14.4739
         -5.9589
        -14.1505
        -11.9988
         -8.3267
          0.0000
         28.5158
          0.0000
          0.0000
         27.6458
         23.8407
         14.7878
         25.0125
        160.8695
         24.8387
         10.3927
         -0.7301
          4.5593
         40.0864
         13.4611
          2.6320
         96.4105
        103.5353
          0.0000
          0.0000
         19.9302
         18.1891
         -1.2372
         16.8573
        105.7501
        111.3134
          0.0000
          0.0000
         14.8379
         11.1173
         26.5580
         11.9571
          2.4323
         21.2673
          8.0989
        -20.3425
        -14.5328
         -3.8124
         -6.0054
         -1.0256
         -2.6721
         81.4680
         57.4302
         -2.1364
         -1.6119
          0.0000
          0.6963
          5.5041
          5.9655
        120.7803
          6.6433
         -1.1677
          0.0000
          0.0000
          0.0000
         18.9789
         15.3190
          0.7591
         17.2171
         10.1967
         16.6948
         12.2374
          4.8830
         32.1147
         58.1765
         47.1380
        -20.3112
          9.8868
         47.6757
         15.4910
         -8.5582
         28.6011
         62.0438
          0.0000
          0.0000
          0.0000
         36.2533
         15.5912
         -9.2492
         21.2998
        186.3042
         15.9374
          0.0000
          0.0000
         14.9792
         -6.2938
        -11.2969
         -0.2817
          4.4416
         95.6889
          0.3110
         11.8316
         13.0881
         -4.6510
          3.5849
         14.8262
         -0.5052
          4.2202
         16.0921
         44.7173
         88.8477
         29.7747
        -11.1043
         16.2959
         84.5159
         48.7116
        102.8288
          6.9186
         -3.4001
         16.2690
         42.9576
         91.0867
         32.3330
          9.5030
         33.4040
          1.6275
          8.6496
          2.6622
         47.0170
         24.7776
         16.3494
         25.6531
         56.6606
         41.1133
         63.7022
         39.9961
         72.6725
        112.7786
         69.1299
         -1.2800
         -0.0083
          5.2184
          6.8091
          4.3009
          3.6873
         10.3756
         15.4206
        112.5736
        182.6833
        126.5358
          4.9646
          0.0000
          0.0000
         -2.3845
        -21.9729
        -40.4744
          0.0000
          0.0000
          0.0000
          0.0000
          0.0000
          2.3055
          9.5568
         15.3360
         -8.0249
         -0.5651
         21.1219
          6.1216
          0.6612
        -20.4726
         69.6265
         16.2351
          0.0000
          0.0000
         46.0144
         53.8857
         95.6401
        156.1934
        263.3742
         16.6835
          0.0000
          0.0000
          0.0000
          0.0000
          1.7911
          8.7190
         10.1240
          0.0000
          0.0000
          0.0000
          0.0000
          0.0000
          8.8091
         15.7708
         45.5275
         93.6222
         -5.0559
          4.6534
         17.6378
          5.5841
         25.3490
          8.9532
         -7.4771
          9.7650
         15.5533
          8.1742
          5.5274
         10.9371
         39.0251
         45.5000
        144.9832
         60.5392
          0.0000
          0.0000
          0.0000
          0.0000
          4.4717
         14.9287
         88.5833
         76.3625
         -9.1476
         -5.8714
          2.4049
         -0.7437
          0.0000
          1.7043
         -2.6228
         -5.9924
         -1.6233
          1.2475
         14.3408
         14.5467
         12.4347
         11.3658
         -0.7206
         -1.7232
          3.7981
         21.6922
         41.2864
         40.8360
         21.6701
         20.3370
         26.2534
          0.0000
          0.0000
          0.0000
          0.0000
          0.0000
          3.1529
          4.5135
          5.9923
          3.8221
         -3.8785
          9.7660
          0.0000
          0.0000
         16.5410
         64.9214
         45.3985
          0.0000
         26.7231
         70.3239
         16.3517
         13.4418
          0.2978
          3.2628
          0.6833
          7.5065
         75.2419
         31.5180
          0.0315
         12.0231
         28.4173
         11.6022
         -9.6706
         40.1260
         25.2727
         26.9296
        140.1341
        174.3126
        200.9693
        188.0561
        210.9321
         -3.2900
          0.0000
          0.0000
          0.2337
         -1.7845
          6.1110
          4.2717
         -4.4226
          0.4013
         -7.2672
         12.1762
         -3.2497
         -0.1117
          4.3815
         25.5625
         32.1962
        101.4833
         80.5183
          9.0534
        -25.0420
          0.0000
          0.0000
          0.0000
         78.7642
        136.5253
         20.6485
          0.0000
          0.0000
          3.5427
          0.8292
          7.4264
         11.7258
        115.3329
         17.9764
         -0.5403
          4.3825
         11.7737
          5.7052
         22.5111
         48.7171
         47.8057
         50.9203
         35.1629
         39.6477
         -3.2071
         -7.5438
          5.4249
         14.8478
         35.6296
         19.2013
         28.7173
         60.3697
        121.8471
         31.4697
         15.8705
         37.1336
         92.9247
          5.4121
          0.0000
         17.9833
         14.2596
          2.1355
          5.3351
         -0.4209
         27.7524
         78.9984
         19.7842
         38.9753
         -4.9894
         -0.2429
        -23.1048
        -13.4585
         -2.0953
          0.0000
          0.0000
         13.2287
         23.5712
         10.2356
          2.6093
         14.0223
         57.9595
          0.0000
          0.0000
          7.5984
          7.1121
         12.3959
          1.9043
         13.9295
         29.8980
         21.9889
          7.0683
          0.1454
         -1.9870
          1.5094
         21.3599
         32.7397
         30.4296
        -17.1617
         -0.0819
          9.5409
          1.5518
         -2.2852
          9.0340
         31.2862
          9.7139
         25.1396
          9.6590
          3.2141
         -7.9774
         -7.6101
          7.8817
         16.4676
        170.9691
         -1.3646
          0.0000
         17.8217
          9.1788
          1.9379
         -3.5416
        -14.1110
         -9.2474
         -0.6794
          2.0634
         14.9582
         11.7602
          0.3587
          4.5967
         -5.2672
         -1.7605
         -3.7980
         -4.8364
         -4.3944
          3.0215
         -0.8620
          0.4023
         -2.5474
         -4.4921
          6.9263
         27.7251
         23.9498
         27.8582
         37.4437
         36.0133
         42.5309
          0.0000
          0.0000
          0.0000
         19.0646
         18.1078
          1.4964
        -11.8933
         38.5617
         57.8075
          9.2446
         24.9282
          0.0000
          0.0000
          0.0000
          0.0000
          0.0000
         -8.0963
          0.0000
          2.3521
         10.9666
         10.9425
         18.9246
         12.9127
         48.4960
         79.6948
          0.0000
          0.0000
         38.4403
         16.1015
         -9.7409
        -21.4519
         -0.7746
         63.8729
         -7.5561
          7.4739
         33.5015
         33.0957
         33.6974
          0.0000
          0.0000
          0.0000
          0.0000
          0.0000
          0.0000
          0.0000
          0.0000
          0.0000
          0.0000
         -0.3375
          0.0000
          0.0000
         24.4286
          7.2564
         26.0220
         55.0279
         27.1613
         19.9645
         -5.5687
          0.2865
          0.0000
          0.8828
          9.7940
         17.3984
         26.8986
         79.0789
        -11.6956
          5.4949
         14.5946
          1.1897
        -10.8627
        -18.5046
         -2.4748
         36.5448
         -9.0758
          6.4453
          5.1504
          0.0000
          0.0000
          0.0000
         -0.3450
         -2.7075
          5.2780
          6.4184
          0.0000
          0.0000
          0.0000
          1.4147
         13.0732
         13.4856
         14.2692
         12.5470
         12.0003
         11.8015
          0.6806
         32.7528
        119.7481
        180.7361
         14.5550
         22.9736
         27.0073
          7.6499
          2.0807
          3.0833
        -18.9556
          2.6301
          4.5787
         14.8600
         35.7210
         24.0405
         18.6779
         39.8410
         26.4276
         -8.7841
         -5.3052
          6.2608
         58.4538
         39.1388
         25.9094
        129.4827
        191.5545
          0.0000
          0.0000
          0.0000
          0.0000
          0.0000
          4.1437
          5.7551
         -6.7293
          6.0004
         21.8337
          7.4772
          4.9470
         14.0654
         26.8304
         74.2185
        137.5484
         85.1292
          4.0445
          0.0000
          0.0000
          0.0000
          0.0000
          0.0000
          3.3025
         -4.4287
         -4.7148
          0.0000
          8.3488
          3.6162
          0.1735
          0.6675
         -2.7136
         -0.5713
          0.0000
          0.0000
          0.0000
          0.0000
          0.0000
          0.0000
         25.1396
         20.1385
         -4.5355
         23.5883
         31.3977
         34.3856
         38.4008
        114.2948
        187.8709
         -6.9982
         -2.8613
          0.0000
          6.6089
          9.5287
          0.7278
          8.2076
          8.8068
         28.4529
         -0.0356
          9.6155
          3.3206
         -1.6925
          3.4238
         17.2988
         14.0304
          6.9685
          0.1685
          1.4596
          9.9561
          2.7450
          1.7212
          6.3301
         -0.9869
         -4.5574
         -4.4312
         -6.5659
          0.0000
          0.0000
          0.0000
          0.0000
         -2.0942
        -13.3708
         -0.5546
          0.0000
          0.0000
          0.0000
          0.0000
          0.0000
         17.8153
          5.9309
          4.4980
         11.4625
         32.8594
          4.6975
        -18.7910
         10.9622
         10.5090
         56.7698
         75.3775
         14.5933
         25.4979
         10.2325
          0.4507
         -7.3222
        -15.1472
         -1.3809
          9.9972
         23.0097
         40.3205
          5.0476
         -6.5266
         14.8952
         16.7267
         15.1460
          9.4253
         19.1261
         18.8497
         48.0514
          9.3080
         10.5001
          3.7968
         21.6157
        132.5727
         42.1674
         29.4699
         17.4231
         18.2396
          2.8128
         -3.7783
         -2.8477
          0.0000
          0.0000
          0.0000
          0.0000
          3.7069
          3.5547
         -6.4658
         15.8962
         19.5966
         37.3865
         31.5937
          2.4374
          0.0000
          2.3124
         -0.5937
         -4.1354
          0.0000
          0.0000
         25.9568
         13.8644
          0.9338
          0.9835
          0.7277
         -3.2170
         -3.9970
          0.0000
          3.2152
          7.3698
          0.0000
          2.5663
          1.1696
         -4.5738
         -0.2700
          0.0000
          0.0000
          0.0000
          0.0000
          0.0000
         -1.9315
         -6.1961
          2.0744
         -1.4794
          0.0000
          0.0000
          1.3754
         12.5962
          6.5464
          4.6817
          8.6917
          2.0276
         -3.6863
         -7.0635
         -3.4937
         15.3068
         16.8662
         12.7736
         67.7565
          5.4764
          0.0000
          0.0000
          0.0000
          0.0000
          0.0000
         -1.8747
          1.1053
         10.3081
         16.0948
         38.2223
         79.0159
         97.1233
         26.3926
          0.0000
          0.0000
          0.0000
          0.0000
          0.0000
          0.0000
          0.0000
          6.3388
          0.9925
         -0.9496
          4.5263
          3.9411
          3.4487
          8.9795
          2.9768
         -6.6659
         -5.6385
          7.5504
         13.6029
         -3.7219
          0.0000
          0.0000
          2.8980
         -1.7855
         57.1540
        111.5069
         -6.6156
          0.0000
          0.0000
          0.0000
          8.5122
         62.9566
         98.1170
         79.7702
          1.7255
        -25.9329
         30.0124
         84.1600
         -7.9934
        -17.2955
          7.7554
         16.6943
         33.0801
         29.7821
         26.1280
        106.3438
         88.4929
         96.9396
        175.6313
         59.3899
         17.3634
          2.3943
         46.7867
         73.3323
         14.6104
         -9.4110
         41.1367
         -0.4849
          5.7940
         39.5605
        124.2067
         96.9928
          6.1689
          7.0782
         -9.0975
        -14.6914
         -1.6045
          9.5349
          7.4454
          0.0000
          0.0000
        164.8536
        184.3409
          0.0000
          0.0000
          0.0000
          0.0000
          0.0000
          7.5765
         -3.6198
        116.9180
        138.7483
         -2.8327
          2.3197
          0.0000
          0.0000
         14.1835
         16.9014
         38.4723
         26.0651
         21.6930
         20.5538
         11.7373
        -10.6703
         -1.0571
         -5.8779
          0.0000
          0.0000
          0.0000
          4.8767
          0.0000
          0.0000
          5.3883
         12.9980
          7.0594
          0.0000
          0.0000
          0.0000
          0.0000
          0.0000
          0.0000
          0.0000
        168.9282
         70.5325
          0.0000
          0.0000
          0.0000
          0.0000
          2.5586
          7.6771
         31.5970
         -0.9458
          0.0000
          0.0000
          0.0000
          0.0000
          2.1032
         -0.5909
         15.3782
         -1.1810
          5.7722
         18.1534
          3.2831
          0.0000
          0.0000
          1.0131
         29.6975
         25.0543
          1.7160
         -3.8387
          0.0000
          8.0656
          4.7894
          8.0851
         13.8300
          0.0000
          0.0000
          0.0000
          0.0000
          0.0000
          0.0000
          0.0000
         -8.8667
          0.0000
          0.0000
          0.0000
          8.7908
          5.7134
          6.0684
          0.3449
         73.9973
         51.1588
         15.0748
         21.7819
        -10.9409
         -9.0187
          0.0000
          0.0000
         -6.3014
          0.0000
          0.0000
          0.0000
          0.0000
          0.0000
          0.0000
          0.0000
          0.0000
          0.0000
          0.0000
          0.0000
          0.0000
          0.0000
          0.0000
          0.0000
        -12.1602
         -0.6470
          0.0000
          0.0000
          0.0000
          0.0000
          7.5481
          1.6992
          3.8957
         11.1803
         -4.5373
          0.0000
          0.0000
          0.0000
          0.0000
          0.0000
          0.0000
          0.0000
          0.0000
          0.0000
          0.0000
          0.0000
          0.0000
          0.6156
         -9.5558
         -0.1882
          0.0000
          0.0000
          0.0000
          0.0000
          1.0717
         22.4578
         80.9842
         47.0748
          5.4994
         14.0584
         14.4386
          7.4947
          8.9504
          9.5917
         65.8882
         18.3036
          0.4276
        -14.7586
          0.0000
          0.0000
          0.0000
         -1.9763
         -4.1470
         -4.1059
          0.0000
          5.0506
          0.0000
          0.0000
          0.0000
          0.0000
        -11.7935
          0.0000
          0.0000
          2.1289
          3.7828
          0.2201
         11.0070
         -1.5757
         -5.1438
          0.0000
          0.0000
          0.0000
          0.0000
          0.0000
         32.9222
         19.7431
         24.0547
          0.0000
          0.0000
          0.0000
          0.0000
          9.3049
         31.7678
         56.5562
        170.6017
         39.3248
          0.0000
          0.0000
          5.3984
          0.0000
          0.0000
         -2.3429
         -9.2251
          3.4018
         -6.2550
          0.0000
          0.0000
          0.0000
          0.0000
         37.7506
         29.2438
         -1.1847
          0.0000
          0.0000
          0.0000
          0.0000
         12.0336
          9.2064
         21.9017
         10.1591
          0.0000
          0.0000
          0.0000
          0.0000
          0.0000
          0.0000
         -3.4467
          0.0000
          0.0000
          0.0000
          0.0000
          0.0000
          0.0000
          0.0000
          0.0000
          0.0000
          0.0000
          0.0000
          0.0000
          0.0000
          0.0000
          0.0000
          8.1184
        -10.8732
          7.4266
         21.5823
         81.6851
          6.2938
          1.5094
         -2.4853
        118.1194
         21.5194
         95.4400
         60.3588
         12.5541
        -16.9962
         22.2112
         25.7844
         25.6505
         53.3121
         -0.8424
          0.0000
          0.0000
          0.0000
          0.0000
          0.0000
         -7.9178
          0.0000
          0.0000
          0.0000
          1.5361
          0.0000
          0.0000
          1.2691
         -8.0579
         -4.1813
          7.6680
         14.7216
         29.7529
         93.3719
         96.3066
         12.4721
         -9.2469
         25.9061
          3.5763
         13.5767
         21.3263
         33.6316
         37.2324
        191.8591
         93.1165
          0.0000
          0.0000
          6.3374
         17.8099
          3.8831
         10.4286
         12.9504
         -2.1132
         -4.5706
          8.0809
         10.6909
          4.2049
          0.0000
          0.0000
          0.0000
          0.0000
          0.0000
          0.0000
          0.0000
          0.0000
          0.0000
          4.5113
          0.6987
         33.5040
         12.0109
          7.8849
          3.5019
         10.3191
          5.8439
         17.7541
         26.0237
         99.1912
        -12.3581
         16.8094
         33.5168
         19.2376
         -6.2988
        -10.0606
         -4.5177
         61.3599
          0.0000
          0.0000
          0.0000
          0.0000
          0.0000
          6.9906
          2.5409
         -6.8910
          0.0000
          0.0000
          0.0000
          6.6775
         18.8780
          6.0768
         -9.5236
        -11.0684
         -5.2216
          2.3418
         -0.4800
          0.0000
          0.0000
          0.0000
          3.7969
         -0.0835
         -1.8684
          0.8455
          0.0000
          0.0000
          0.0000
          0.0000
          6.9908
         -1.6939
          0.0000
          0.0000
          0.0000
          0.0000
          0.0000
          0.0000
          0.0000
        -13.3648
          0.0000
          0.0000
          0.0000
          0.0000
          0.0000
          0.0000
          0.0000
          0.0000
          0.0000
          0.0000
          0.0000
          0.0000
          0.0000
          0.0000
          0.0000
          0.0000
          0.0000
          0.0000
          0.0000
          0.0000
          0.0000
          0.0000
          0.0000
          0.0000
          0.0000
          0.0000
          0.0000
          0.0000
          0.0000
         -2.9880
          0.0000
          0.0000
          8.5461
          0.0000
         32.8700
         29.7946
         11.0110
          0.0000
         -3.4598
        -20.3868
        -12.4655
         21.7197
         18.3545
          8.3699
          3.7704
         10.8469
         72.0308
         33.9676
          0.0000
         25.2121
          6.0661
          0.0000
          0.0000
         13.4819
          6.5525
          3.3730
          1.8424
         36.1459
          1.2930
         -0.4421
          0.0000
          0.0000
          0.0000
         -1.4037
          0.0000
          0.0000
          0.0000
          0.0000
          0.0000
         10.6094
          5.8408
          0.7885
         -0.5121
          0.0000
          0.0000
          0.0000
          0.0000
          0.0000
          0.0000
          0.0000
          0.0000
          0.0000
          0.0000
          0.0000
          0.0000
          5.8292
         39.3975
          7.7774
         -1.6223
          0.0000
          0.0000
          0.0000
          0.0000
          0.0000
          0.0000
          0.0000
          0.0000
          0.0000
          0.0000
          0.0000
          0.0000
          0.0000
          0.0000
          4.7292
         -2.3699
         -3.5153
          0.0000
          0.0000
          0.0000
          0.0000
          0.0000
        -15.4466
         -2.7394
          0.8159
          0.0000
          0.0000
          0.0000
          0.0000
         19.1884
         23.1993
          1.2407
         -1.8749
         -1.7683
          0.0000
          0.0000
          0.0000
          1.6674
         -1.5125
         -2.0152
          0.0000
          6.3720
          0.0000
          0.0000
         -1.8301
         -3.9731
          0.0000
          0.0000
          0.0000
          0.0000
          0.0000
          0.0000
          0.0000
          0.0000
          0.4644
          0.0000
          0.0000
         21.0417
          6.7796
          0.0000
          0.0000
         14.8470
          3.6508
         -1.9223
         11.4367
         15.0462
          0.4298
          0.0000
          0.0000
          0.0000
          0.0000
          0.0000
          0.0000
          0.0000
          0.0000
          0.0000
          0.0000
          6.9375
          1.4710
         -2.1992
          1.8762
         13.7564
          9.1309
          5.1590
          5.2308
          3.9467
         54.1862
          0.0000
          0.0000
          0.0000
          0.0000
          0.0000
          9.4082
          0.0000
          0.0000
          0.0000
          0.0000
          0.0000
          0.0000
          0.0000
          0.0000
          0.0000
          0.0000
          0.0000
          0.0000
          0.0000
          0.0000
          0.0000
          0.0000
          0.0000
          0.0000
          0.0000
          0.0000
          0.0000
          0.0000
          0.0000
          0.0000
          0.0000
         -3.3688
         -1.7964
          3.0297
         16.7078
          6.4283
         10.8539
        150.3981
         49.2969
         -6.6742
          0.0000
          0.0000
         52.0731
         23.9469
         37.4289
         25.2699
         -3.4078
          0.0000
          0.0000
          0.0000
          0.0000
          0.0000
          0.0000
          0.0000
          0.0000
         -9.5512
          0.0000
          0.0000
          0.0000
          0.0000
          0.0000
          0.0000
          4.3740
        -21.8814
         -8.4268
         -0.7867
          5.1440
          4.2967
          0.3131
        -12.2107
        -19.2102
          0.0000
          0.0000
         11.8007
         19.7292
         15.0608
          4.0065
          2.2204
         -5.5031
         -2.9811
          0.0000
          0.0000
          0.0000
          4.7103
          7.7703
         25.4315
        194.6558
        155.4298
          0.0000
          0.0000
          1.1388
         34.5891
         40.4057
         19.6245
         46.9013
        124.6114
          0.0000
          0.0000
          6.9641
          0.0000
          0.0000
          3.3168
         -5.0574
         -5.4568
         -1.0199
          0.0000
          0.0000
          0.0000
          0.0000
          0.0000
         10.4641
         20.1298
         18.3519
          5.5365
          0.0000
          0.0000
          0.0000
          0.0000
         15.7617
         12.4099
          8.0843
         10.0324
         10.7548
          0.0144
          0.0000
          0.0000
          1.7438
          5.3338
          1.8960
         10.0506
         34.9463
         13.5442
          0.0000
          0.0000
          0.6608
          5.5985
         -1.2518
          2.7753
          4.6415
          3.3271
        165.6086
        148.3040
        114.9278
          0.0000
          0.0000
          0.6472
          0.0000
          0.0000
          0.0000
          3.0367
         32.2782
          7.7191
        -10.0379
         -2.4508
          0.0000
          0.0000
          0.0000
         22.0592
         40.7536
        124.3339
          8.2926
          0.0000
         19.4107
          5.5215
          0.0000
          8.1521
         18.2934
         13.6313
          0.0000
          0.0000
          4.0641
          0.0000
          0.0000
          1.6278
         17.4086
         27.0809
         -9.9395
          8.7958
         16.1684
         16.5182
        179.3516
         22.1617
         23.3752
         25.1860
        -30.2577
         14.6397
         21.2501
         13.4255
         98.7165
        255.1865
        -32.3483
         -1.6339
         34.1497
          1.1550
          0.0000
          0.0000
          0.0000
          9.7169
          0.0000
          0.0000
          0.0000
          0.0000
          0.0000
          0.0000
          0.0000
          7.9657
         -0.2572
          0.0000
          0.0000
          8.4272
         24.7264
         21.8335
          3.9685
         16.1145
        182.1783
        282.8225
        162.3205
          0.0000
          1.9771
         25.6364
         81.3304
        169.1899
        152.7436
          0.0000
          0.0000
          0.0000
          0.0000
          0.0000
          0.0000
          0.0000
          0.0000
          0.0000
          0.0000
          0.0000
          0.0000
          0.0000
          0.0000
          9.1268
         29.9043
         78.1227
        183.5955
         53.1941
          3.6606
         -2.4647
         -6.5787
         -4.5204
         -1.0413
         56.9549
         -4.3053
          0.0000
         16.2293
          9.5685
         -4.7979
          9.8031
        101.7898
        185.3643
         68.7039
         92.8394
        147.2547
         35.8841
          1.5816
          1.9812
        102.3964
        275.7501
         35.0062
        -11.9196
         16.1496
          3.0008
         -3.0409
        -22.1069
        110.7696
        517.2141
        383.1933
         16.5162
         18.5950
          1.6911
         -2.6713
         -4.5410
         -3.7907
        139.0825
        266.8956
        110.3372
         49.8295
         52.2629
        215.5720
        378.5809
        435.6589
          0.0000
          0.0000
          0.0000
          0.0000
          0.0000
          0.0000
          0.0000
          0.0000
          0.0000
          0.0000
          0.0000
          0.0000
          0.0000
          0.0000
          1.3107
         26.8701
         21.3848
         25.4673
         72.7259
         32.4702
          1.2087
          2.7712
         -3.5906
          0.0000
          0.0000
          0.0000
          0.0000
         13.6533
         23.5799
          4.5228
         12.4683
          3.6126
         -1.1269
         20.6517
         32.4274
         13.5875
          9.2216
         20.3994
         28.5295
        151.0018
        289.2933
         31.9335
          0.0000
          0.0000
          0.0000
          0.0000
          0.0000
          0.0000
          0.8600
          0.0000
          0.0000
          0.0000
          0.0000
          0.0000
          3.8182
         19.8204
        135.5609
        172.0924
          0.0000
          0.0000
          0.0000
          0.0000
         45.5616
         73.3712
         32.9953
          0.0000
          0.0000
         13.2764
          6.8553
          3.5330
          3.1844
         -6.9364
         -3.6239
          0.0000
          0.0000
          0.0000
          0.0000
          0.0000
          0.0000
          0.0000
         -8.3906
          0.0000
          0.0000
          0.0000
          0.0000
          0.0000
          0.0000
          0.8436
          0.0000
          0.0000
          0.0000
          0.0000
          0.0000
          0.0000
          7.7395
         17.4655
         12.9900
          7.1473
         22.2075
         42.4547
         35.4597
         -7.6907
          3.3648
         27.3297
         89.8115
        343.9289
        396.9256
        439.8014
        297.9107
         79.5068
         -2.1284
         -7.7984
         61.6786
         93.3132
         10.3937
         44.0920
         39.9888
         -5.5134
          6.1545
        -14.3075
         85.1356
         30.5924
         18.9374
        -26.6030
        -15.5957
        -12.6521
          0.7232
         31.6627
          8.6812
          0.0000
          0.0000
         12.8283
         -7.3303
         -5.2710
          0.0000
          0.0000
          0.0000
          0.0000
          0.0000
         65.3213
         87.3770
          0.0000
          0.0000
          0.0000
          0.0000
          0.0000
          0.0000
          0.0000
          0.0000
          8.6122
          5.9205
        103.7495
        224.3122
          0.0000
          3.0568
         62.4022
        225.1690
        333.0209
        408.4561
        141.0125
         17.2379
          1.5470
         80.7599
        218.8702
          0.0000
          3.8938
         55.5719
         29.0937
          1.6920
         19.1761
         14.7283
         14.5016
          0.5920
          5.2031
         24.0080
         20.0512
          0.0000
          0.0000
          0.0000
          0.0000
          0.0000
          0.0000
          0.0000
          0.0000
         -0.2147
          0.0000
          0.0000
          0.0000
          0.0000
          0.0000
          0.0000
          0.3585
        -15.9338
         -0.1406
          4.7937
          0.0000
          0.0000
          0.0000
          0.0000
         -1.1034
        -11.3706
          0.0000
          0.0000
          0.0000
          0.0000
         11.6813
          6.7296
        -10.6466
          0.0000
          4.4847
          4.2158
         -0.5832
          5.1755
         12.1217
         28.3310
        235.4725
         17.9331
         -2.5187
          6.2035
          2.4495
          0.0000
         46.7568
        127.2529
          0.0000
         -1.4088
          0.0000
          0.0000
        109.4232
        128.2829
         -3.0186
          1.9174
          2.7355
         36.9074
          0.0000
          0.8957
         42.1747
         10.3909
          6.8558
         43.7166
        241.1258
         -2.3898
          0.0000
          0.0000
          0.0000
          0.0000
          0.0000
          1.6178
          0.0000
          5.0048
          0.0000
          0.0000
          0.0000
          6.8956
          0.0000
          7.7450
          0.0000
          0.0000
          5.8445
         14.4061
         14.1177
          0.0000
          0.0000
          0.0000
          4.8296
         -6.7582
         -5.6844
          0.0000
          0.0000
          0.0000
          0.0000
         18.1946
         14.5090
         13.1135
         20.0794
         10.7868
          3.6840
          7.4555
         16.9951
        124.7811
        193.3465
         -6.1250
          0.0000
          0.0000
          6.2646
         28.3905
         31.3632
          4.2714
          0.0000
          0.0000
         15.5915
         24.2830
         42.7003
         17.7457
         82.2522
         43.7280
          0.0000
          0.0000
          0.0000
          0.0000
         23.2101
          5.1089
          0.0000
          9.9592
          0.0000
          0.0000
         -0.2754
         20.3097
         13.7600
          2.4539
         15.2817
         31.2618
         50.4908
        231.6337
         55.8106
        107.0508
          7.9476
         -6.5152
         -1.1482
          4.4475
         43.4315
         84.1550
          0.0000
          0.0000
         34.3858
         24.8917
         15.3562
         -3.8781
          0.0000
          0.0000
          0.0000
          0.0000
         12.0196
          9.0929
         23.3949
          5.3990
          0.0000
         -0.9451
          0.0000
          0.0000
          0.0000
          0.0000
          6.8119
          8.6778
          0.0000
          0.0000
          0.0000
          0.0000
         32.6884
         24.9946
         21.5343
         15.0788
          5.4349
         16.2742
         -1.2841
         10.7248
         27.5009
         86.8624
         81.9384
         58.5947
         63.0763
         61.4593
          0.0000
          1.1647
         18.8449
          0.0000
        103.8958
        105.2694
         22.7907
          0.0000
          0.0000
          0.0000
          0.0000
          0.0000
          0.0000
         11.2967
         17.9449
        129.3338
         28.0786
          7.0222
          0.0000
          0.0000
          0.0000
         24.3001
          0.0000
         -5.3855
         18.4736
         16.2825
         42.7986
         29.4870
         93.8709
        136.3506
        209.3776
        144.4459
         61.7780
          0.0000
          0.0000
          0.0000
          0.0000
          7.5816
          0.0000
         -5.9979
         -0.3245
          9.7727
         28.3484
         15.4283
          6.2467
         19.8587
          0.0000
          0.0000
          0.0000
          0.6190
         35.7513
          9.9935
          0.9172
          5.3826
         -0.2439
          0.0000
          0.0000
          3.6712
         33.9434
          7.9173
        200.3391
        191.0422
         58.7557
          0.0000
          0.0000
          0.0000
         11.9165
         11.6000
        147.7251
        108.5087
          0.0000
          0.0000
          0.0000
          0.0000
         14.7307
          8.6727
         12.9996
         24.1272
         33.5833
         45.8048
         45.8048
