          0.0000
          0.0000
          0.0000
          0.0000
          0.0000
          0.0000
         -9.6507
         -2.1848
          0.0000
          0.0000
          0.0000
          0.0000
          0.0000
          0.0000
         -5.0664
          0.0000
          0.0000
          0.0000
          3.5485
         15.8554
         13.5631
         -0.9127
         -0.4194
          0.0000
          1.2548
          0.2928
          0.0000
          0.0000
         11.4223
          1.4571
         -3.3973
          0.0000
          8.3655
         12.5858
          7.5561
         23.2542
         21.3407
         24.4045
         96.7930
          0.0000
          0.0000
          0.0000
          6.3472
         23.6198
         -5.5071
         -5.9323
         24.6585
          0.0000
          0.0000
          6.1644
          7.2125
         16.9168
         39.8858
        103.4131
        140.5882
         33.0707
          3.0755
          0.0000
          0.0000
          0.0000
         30.6043
         32.1731
         93.0845
        100.2621
         46.9813
         24.7330
         17.2258
          0.0000
          0.0000
          0.0000
          5.9112
         39.4628
         -9.0565
        -18.2045
          7.5237
         64.1074
         33.6332
         -3.1243
         53.9385
        113.2648
        122.5633
        125.0236
         91.4425
         32.9736
          0.0000
          0.0000
          0.0000
          0.0000
          0.0000
          0.0000
          0.0000
          0.0000
          0.2089
          6.8440
         88.2544
         98.7667
         37.5500
         94.3177
        141.7233
        135.1048
         63.1495
         -0.2565
         -0.4762
          0.0000
          0.0000
          0.0000
          0.0000
          0.0000
          0.0000
          0.0000
         41.6163
         42.0657
         51.2139
          3.1087
         -2.2990
         -8.2296
         -3.1198
          0.4487
         48.0677
         47.1992
          9.5377
          0.0000
          0.0000
          0.0000
          5.9086
          0.0000
          0.0000
          0.0000
          0.0000
          3.2724
         10.0270
          1.5061
          7.6485
         89.4974
         53.5168
          0.0000
          0.0929
         -4.3402
          0.5537
          8.1824
          5.9480
        178.3550
          0.0000
          0.0000
          0.0000
         29.8867
         13.5913
         17.3879
         38.5474
        121.9809
          2.1690
         -0.4026
         15.3889
         58.3084
         58.7401
          3.5510
          2.6397
          0.0000
          0.0000
          0.0000
          9.9217
         31.6352
          2.3767
          0.0000
          0.0000
          0.0000
         -1.8317
          0.0000
          0.0000
          0.0000
          0.0000
          1.5952
          9.1777
          4.6689
         -2.6893
          0.0000
          1.5320
          0.0000
          0.1816
         14.4895
         11.7942
          0.0000
          0.0000
          0.0000
          0.0000
          0.0000
          7.8900
         19.7779
          5.9337
         -2.7812
          0.0000
          0.0000
         17.8292
         15.7487
         27.8386
         12.1439
         13.2120
          4.3103
         68.0953
         60.5469
         90.2361
        106.0362
         85.7751
         78.8618
        -24.5434
        -13.2101
         20.4620
         92.4312
         29.4810
          5.6319
          7.7782
         -5.7007
         -5.0812
        -13.3401
        129.6325
        132.2894
         23.4613
         18.9818
         35.3076
         35.2713
         24.8747
         -0.7497
         75.5180
        105.4133
         19.1472
         35.8851
          6.3594
         -0.0943
          1.7958
          0.0000
         -2.2197
          0.0000
          0.0000
          0.0000
          0.0000
          0.0000
          0.0000
          0.0000
          0.0000
          0.0000
          0.0000
          0.0000
          6.6764
          5.1923
         13.1136
         26.8809
        115.5672
         39.7719
         -9.2698
         -7.7595
         -4.1415
          3.2083
          5.7588
          6.6647
         66.5837
          0.0000
          0.0000
          0.0000
          0.0000
          7.1555
         52.3059
         -3.0236
         -3.5480
          0.0000
          0.0000
          1.2476
          3.6669
          5.6790
          8.3576
          3.7879
          0.9430
         65.9382
        134.9362
         99.0638
         47.9714
         10.2195
          2.6829
         -2.9139
         -4.1884
        120.4001
         21.3712
         -5.8525
        -13.1779
         -3.7264
        -20.8125
         -9.3171
          0.0000
        201.1519
         17.1523
         41.7765
         22.1718
          0.0000
          1.3528
          0.0000
         68.4568
         33.1483
          7.1335
         -2.9838
         10.3477
          7.5335
         -1.1590
        216.2050
        241.4626
        121.2277
          0.0000
          0.0000
          5.1477
          8.0543
         11.4941
         12.2544
         12.0031
         11.2008
          0.0000
          3.9146
          4.1480
          2.1600
          6.8053
          2.4008
         -1.4730
          0.1579
         19.4246
         26.0923
         31.2350
         43.6625
         42.3046
         30.4392
        123.7418
         97.5584
         54.9896
         17.0241
         13.1866
        139.8140
        179.3918
         65.8705
         -2.7594
          0.0000
          0.0000
          8.1289
         21.7039
         97.5882
         90.3653
          1.7409
          7.1642
         20.1608
         36.2783
          8.0634
         -8.3837
         -5.8537
        -26.2463
        -34.7432
          5.3391
         26.7024
         -1.9546
         29.4636
        108.0358
        100.4427
         27.2752
         47.5241
         -3.0999
         41.4702
         47.1495
         33.6719
         17.7595
         16.2574
         16.2897
         28.3409
        145.1453
         82.0978
         -9.7751
        -10.8381
          3.1932
          0.6014
          1.4309
         -0.2146
         61.2044
         87.4953
         44.3795
         -0.1763
          8.7793
          4.8165
         -2.6006
        -18.5730
        115.1165
        165.9269
         23.8519
         -9.4169
          0.0000
          8.9601
         34.4601
          6.4058
         68.0356
         46.1886
          0.0000
          0.0000
          0.0000
          6.3544
          0.0000
          0.0000
          4.0589
          3.8140
          9.4963
         -3.2896
          1.6320
         22.1839
         27.9769
          8.7503
          0.0000
          0.0000
         18.2962
         34.1651
         96.1694
        179.4917
         94.9222
          0.0000
          0.0000
          0.0000
          0.0000
          0.0000
          0.0000
         22.0375
         19.7393
         83.5286
         42.8755
         -2.1831
          0.0000
          0.1389
         11.1087
         24.5096
         32.3229
        117.5546
          0.0000
          0.0000
          0.0000
          2.9634
         14.3756
         13.6133
         23.5896
         99.1766
          0.0000
          0.0000
        -11.4404
         -0.7103
        -14.0997
          1.2142
         14.6163
          5.8797
        173.7417
          6.2858
          0.0866
         10.7510
         62.3072
         53.3341
         95.8053
        208.8603
        121.3175
         40.2108
          0.0000
          0.0000
          0.0000
          0.0000
          0.0000
          0.0000
         25.7734
         20.2227
          2.0896
          0.0000
          0.0000
          2.3818
         10.6135
          0.7921
         45.6811
         58.9485
          0.0000
          0.0000
         18.8510
         53.7661
         21.2538
         17.1292
         69.1926
         67.0338
        204.5874
        224.3703
        185.1296
        106.8409
         66.5689
          0.0000
          0.0000
          0.0000
          0.0000
          0.0000
          0.0000
          0.0000
          0.0000
          0.0000
         26.9563
         27.0902
         20.0339
         18.5605
         13.3728
          9.5802
         53.3218
         66.9836
         34.4787
         60.2765
          3.4959
         15.2931
         45.7497
         85.4149
         -2.3977
          0.0000
         88.4361
         56.9285
          0.0000
          0.0000
          0.0000
          0.0000
          5.4971
          1.8500
         -1.1748
          7.4366
          0.0000
          0.0000
          0.0000
          0.7749
          9.6537
          5.9027
         86.8373
        163.9542
        189.1069
        185.5219
        159.4162
        188.5494
        192.2671
         23.4805
          0.0000
          0.0000
          0.0000
          0.0000
          0.0000
          0.0000
          0.0000
          0.0000
         -2.7222
         -4.1074
          0.0000
          0.0000
          0.0000
          0.0000
          0.0000
          0.0000
          6.3832
         60.7500
          8.3615
        -32.8724
        -10.2149
          9.4753
          3.7783
        118.0419
        217.8309
        140.1788
        149.5324
        163.4289
        172.0661
        166.9817
        122.7127
         58.7548
          0.0000
          0.0000
          0.0000
          0.0000
          0.0000
          0.0000
          0.0000
          9.9832
         75.1588
         42.5730
        -14.9503
        -13.9630
          0.0000
          5.9135
         27.3444
         97.5393
         82.3028
         10.1522
         -4.5009
         -1.3748
          0.0000
          0.0000
          0.0000
          0.0000
          0.0000
          0.0000
          0.0000
          0.0000
          0.0000
          0.0000
          0.0000
          0.0000
         -1.3897
          0.0000
          0.0000
          0.0000
          0.0000
          0.0000
         -3.5653
          0.0000
          0.0000
          0.0000
          0.0000
         33.1750
          7.7110
         20.1941
         -1.6637
          0.0000
          0.0000
          0.0000
          0.0000
         38.2212
         55.6518
        128.0710
        138.8136
        124.6772
          0.0000
          0.0000
          6.0221
         11.8119
         28.5289
        135.5516
        134.2338
          2.9532
          0.0000
          0.0000
          0.0000
         17.1292
         20.5938
        133.6759
        123.5222
          0.0000
          0.0000
          0.8654
         14.8824
         32.2066
         22.8803
         27.7729
         -5.1567
         58.2636
         32.1490
         32.9204
         34.3568
         12.3877
         28.4436
         80.1102
         33.1594
          0.0000
         22.2222
        105.9223
         42.8340
         11.4156
          9.6274
         43.0090
        107.5262
         63.2654
         32.4349
          0.2748
          0.0000
          0.0000
          0.0000
          0.0000
          0.0000
          0.0000
          0.0000
          0.0000
          0.0000
          0.0000
          0.0000
          0.6440
         11.2580
          6.6204
         47.4372
         65.3774
         29.2580
         36.3485
         27.9604
         46.4471
        117.6664
        108.6072
          0.2896
        109.1313
         98.8752
        157.4816
         55.1011
          0.0000
          0.0000
          0.0000
          0.0000
          0.0000
          0.0000
          0.0000
          0.0000
          0.0000
          0.0000
          0.0000
         27.4374
         30.0375
         -3.9392
        -18.0037
        -13.2537
         -5.1099
          3.1488
        -29.0273
         -2.3462
        -20.2401
        -14.2027
         59.9594
        108.6827
          0.2357
          0.0000
         17.7324
         46.3119
         -4.0181
         20.1628
         15.5820
         25.0291
         66.5849
        124.0624
        253.4402
         78.4414
          0.0000
          0.0000
          0.0000
          0.0000
          0.0000
          0.0000
          0.0000
        119.6667
         98.4256
          0.0000
          0.0000
          0.0000
          0.0000
          0.0000
          0.0000
         -1.1299
         -1.2779
          0.0000
          0.0000
        -14.7438
        -13.6458
          0.5207
         -6.6472
         58.8106
         12.5567
         -9.6728
        -17.8107
         -1.4452
         -3.1473
          6.9485
         -7.7751
         54.0555
         89.2122
         57.1857
        -30.5706
        -22.3545
         -5.8655
          7.0735
          0.0000
         13.7512
          8.2657
          2.0673
          0.5359
          3.5306
         20.5630
          5.1438
          0.0000
          0.0000
          0.0000
         19.3849
         55.4038
         -0.1238
         -9.4298
         12.2486
          4.5092
          3.0612
          7.0989
         11.0329
          1.5370
         -0.3066
         27.5036
         31.5306
         75.7768
         12.4587
          9.7690
         27.5915
         89.2101
         38.3985
          0.0000
          4.0781
          8.6110
         46.7693
          0.1054
          1.6800
          0.0000
          0.0000
          0.0000
          0.0000
          0.0000
         -3.2233
         -0.5816
          8.7076
          9.6288
          5.1622
         -1.7053
          5.4386
          3.1004
         26.7380
         34.4099
         32.5191
        136.1749
        169.9525
         60.2785
         -4.7350
          0.0000
         14.4938
         10.1658
          8.8987
         -6.1847
        141.2187
        119.5072
         33.2929
        100.2589
        231.7185
        149.5187
          3.0804
          0.0000
          0.0000
          0.0000
          0.0000
         -0.0280
         -5.2146
         -3.0335
          9.9457
         19.1985
         10.6835
          4.9426
          0.9256
          0.0000
          3.1658
          0.0000
          0.8026
         15.8344
         18.8690
          6.2052
         48.4941
        178.8192
        133.3207
          0.0000
          0.0000
          0.0000
          0.0000
          0.0000
          0.0000
          0.0000
          0.0000
          0.0000
          0.0000
          0.0000
         13.3944
         18.0621
         47.0678
         -1.9717
         39.8732
         31.4257
         -6.6693
         -6.0711
          5.8128
         -0.7580
          0.3377
         50.8463
          0.0000
          0.0000
          0.0000
         78.0054
        110.0565
         98.0816
         17.0636
          0.0000
         52.0214
          0.0000
          0.0000
          0.0000
          0.0000
          0.0000
         10.2681
         31.3148
         65.8855
         20.1060
         32.9987
         69.9157
         28.9757
          1.7853
         11.9992
         55.5801
        163.6376
         40.9904
          3.8955
          0.0000
          0.0000
          0.0000
         18.7064
          4.4632
         38.4502
         16.7679
          5.4315
         45.1014
         63.2786
         22.0431
         15.0587
         25.1713
        167.3609
        162.6536
         17.1001
         27.4858
          8.4016
          5.8430
          3.3392
         10.0632
         72.9781
         54.2661
         -2.5485
         -8.7506
          2.2290
          0.4024
        -17.9427
         73.1933
        137.9360
          0.0000
          0.0000
          0.0000
          0.0000
          0.0000
          3.8565
          0.0000
         19.3632
          0.0000
          0.0000
          0.0000
          0.0000
          0.0000
          1.4232
          0.0000
          1.2444
          0.0000
          0.0000
          5.0975
         18.2753
         31.0137
         24.5482
          9.7377
         24.2392
         94.5242
         89.0049
         41.5027
         48.3502
         80.7477
         71.0943
         41.3150
          1.7853
         -1.8106
          1.4990
          5.1156
          5.2244
         -2.0332
          1.5038
         -2.9241
         -6.2720
          0.0000
          6.9769
         14.9968
         15.9345
         10.1645
         -0.1204
          0.0000
          0.0000
         45.5030
         16.1847
         43.3987
        156.8261
        160.9929
        136.2111
        157.8650
         82.4355
         13.5955
        -10.2387
          0.0000
          0.0000
          0.0000
          0.0000
          0.0000
         24.7753
         37.5702
         75.2352
         54.3677
          1.9472
          0.0000
          0.0000
          0.0000
          0.0000
          0.0000
          0.0000
          0.0000
          0.0000
          0.0000
          0.0000
          0.0000
         -2.8831
         -1.3450
         13.2641
          6.2185
          0.4238
         -7.4454
        -17.3699
          0.0000
         24.1203
         12.0648
         23.9529
         31.2719
         49.8893
         93.8408
        157.2645
        225.6317
        171.2460
         96.9010
          0.0000
          0.0000
          0.0000
          0.0000
          4.1920
          3.3492
         11.6026
         35.5019
         25.7051
         27.5325
         40.3510
         69.0078
         65.8821
         65.9329
        142.2795
         91.4310
          0.0000
          0.0000
          0.0000
          0.0000
          0.0000
          0.0000
          8.6070
         14.0535
         10.1851
         -9.5164
         -3.8545
          1.7510
          7.2038
         19.0227
         66.9743
         63.9323
         28.7723
        -17.5731
        -11.7815
         -3.0667
         -5.7470
          0.0000
          0.0000
          0.0000
          0.0000
          0.0000
          0.0000
          5.9453
          4.9423
          0.0000
          0.0000
          2.6803
         17.9637
         32.5540
         34.1662
         19.4091
         -6.3320
        164.8125
        133.2511
          0.0000
          0.0000
          0.0000
          4.0024
          1.5036
          2.3489
          0.0000
         18.7099
         15.1549
          0.0000
          0.0000
          0.0000
          0.0000
          0.0000
          0.0000
         -2.1035
          0.0000
          0.0000
          0.0000
          8.3394
         12.5285
         33.3516
         49.6433
         26.6287
          8.9664
          4.4182
         -2.4174
          2.5680
          0.0000
          0.0000
          0.0000
          2.1665
          0.0000
          0.0000
          7.0635
         12.1615
          3.1473
          4.5602
         -0.4733
        116.2539
         82.0475
         -8.4289
        -23.0569
         -7.9270
          1.8164
          8.7491
          4.1262
         57.0762
         29.4901
         10.7120
        -13.3522
        -19.8050
         -9.3181
          0.0000
          0.0000
          0.0000
          0.0000
          0.0000
          0.0000
          0.0000
         94.5972
         67.7175
         70.3368
        125.7697
         22.6817
         -5.9798
         -3.9911
          2.6093
          0.0000
          2.4410
          0.0000
          0.0000
          1.2619
          7.8223
          6.3984
         26.7403
         32.6717
         16.5282
         22.6472
         36.1274
        126.9527
         42.5428
         25.5570
         31.6444
         19.6270
         -0.0175
         -0.4253
          0.0000
          0.0000
          0.0000
          0.0000
          0.0000
          0.0000
          7.2243
          6.5409
          7.0485
          4.2105
         20.8177
         28.1995
         26.1168
         18.7976
         27.5456
         35.9021
         95.2310
         20.0150
         13.7900
         11.8134
          6.2088
          4.7007
         54.1493
        108.3662
         -2.5806
          0.0000
          0.0000
          0.0000
          0.0000
          0.0000
          8.1928
          1.6725
         11.2550
         30.8865
         -1.4264
         -2.1436
         -7.5706
         -0.8509
          0.0000
          0.0000
         -1.2470
          0.0000
          0.0000
          9.6440
         10.2575
          0.7849
          2.6302
          0.0000
          0.0000
          0.0000
          0.0611
          2.4459
          1.5804
          0.0000
          0.7171
          0.0000
          0.0000
          0.0000
         20.6847
         51.5431
         44.9728
         14.6769
          8.3771
         -2.1858
          0.0000
          0.0000
          0.0000
         12.6804
         22.1396
         20.0527
          1.9526
         -1.3168
          0.0000
          0.0000
          0.0000
          0.0000
          0.0000
         21.8680
          1.4610
         25.5435
         95.3955
         61.4633
          0.0000
          8.8137
          3.7498
          0.0000
          7.0287
          0.0000
          0.0000
          0.0000
          0.0000
          0.0000
          0.0000
          0.0000
          0.0000
          0.0000
          0.0000
          0.0000
          0.0000
          0.0000
          0.0000
          0.0000
          0.0000
          0.0000
          0.0000
          7.9207
         10.6973
          7.3668
          1.5092
          0.0000
          0.0000
          0.0000
          0.0000
          0.0000
          0.0000
         42.8374
         22.7139
          7.1739
         71.1731
         77.3482
        170.4348
        203.2914
          0.0000
          0.0000
          0.0000
          0.0000
          0.0000
          0.0000
          0.0000
          0.0000
          0.0000
          0.0000
          0.0000
          0.0000
          0.0000
          0.0000
          0.0000
          0.0000
          0.0000
          0.0000
          0.0000
          0.0000
          0.0000
          0.0000
          0.0000
          0.0000
          0.0000
          0.0000
          0.0000
          0.0000
          0.0000
          0.0647
          0.6049
         -6.2654
          0.0389
         16.2824
         10.7109
         -1.1741
          0.0000
         28.0394
         19.1339
          0.0000
          0.0000
          0.0000
          0.0000
          3.9237
         10.2555
          6.4004
          1.8642
         37.3143
         16.0597
          5.1024
         36.8437
          6.1054
          0.0000
         -2.8678
        170.9922
         69.2388
          7.3285
          0.0000
          0.0000
         18.4225
        107.4458
        182.2030
         38.8561
          0.0000
          0.0000
          0.0000
          7.7167
          7.3402
          9.0960
          7.0324
         25.3226
         59.9688
        150.4238
         77.9144
          6.4440
         -0.9243
          0.0000
         -2.2351
         -0.9967
         29.3907
         27.3273
          6.5392
          9.1892
         -5.1599
         -1.5874
          0.0000
          0.0000
          4.7309
          1.0913
          2.0635
         23.2082
          0.0000
          0.0000
          0.0000
          0.0000
          0.0000
          0.0000
          1.0797
          2.2289
          0.0000
          1.5470
          6.8472
         13.5850
          0.2197
          0.1003
         22.8644
          7.1904
          6.4830
         13.4494
         15.7063
          0.0000
          0.0000
         10.9329
         12.2879
          6.3641
         15.5806
         69.3644
         62.6931
         74.2612
          0.0000
          0.0000
          4.8145
          0.0000
          1.5747
          6.5056
          3.9257
          6.5317
         13.4245
         22.9076
         36.7052
         16.0140
         12.9983
          5.3479
        -18.7246
          6.4848
        107.1031
          9.0167
         51.8070
         31.0171
         61.3844
         73.7940
         46.4819
         -6.7292
         -0.9225
          4.2727
          0.0000
         25.8006
         66.6796
          9.8491
          2.2098
          6.8635
          0.1146
          2.8586
          0.9665
          2.4064
          1.1693
          6.8713
          9.2848
         -2.6713
          0.0000
          0.0000
          0.0000
          0.0000
          1.5539
          6.7929
          0.0000
          0.0000
          6.5259
         19.5617
         15.9031
         44.0840
        132.9860
         91.9224
         -5.0062
          6.9129
          0.0000
          8.2720
         27.5740
         19.7633
          7.1120
          2.3161
          3.9097
         10.2929
         -0.7149
          0.0000
          0.0000
          0.0000
          0.0000
          0.0000
          0.0000
          0.0000
          0.0000
          0.0000
          0.0000
          0.7080
          4.2527
          3.7105
          0.0000
          0.0000
          0.0000
          0.0000
          7.8255
          4.4049
         -0.0688
          5.2066
          0.0000
          0.0000
          0.6700
          6.1168
          5.7888
          3.6911
          6.6756
          4.9027
         -5.1855
         -3.3412
         -0.9588
         -0.8436
          8.0599
          3.6980
         15.6121
         32.5056
         58.5337
         59.0875
          0.0000
          0.0000
         10.4142
         17.1448
         33.4744
         43.8882
         33.0345
         -0.2753
          0.0000
          0.0000
         25.9935
         15.8602
         -2.5641
          1.0258
         63.9800
         74.4767
          0.2353
         20.6791
         25.9084
         30.0683
         32.7553
         10.7266
          8.1952
         86.6005
          0.0000
          0.0000
          7.5597
          0.7967
          0.0000
         11.5355
          0.0000
          0.0000
         58.6119
          5.2510
          0.0000
          5.2731
          0.0000
         -2.3151
         -6.6516
         -9.2965
          8.0023
         11.5277
         30.4026
         18.1928
          2.2644
         24.3390
          0.0000
          0.0000
          0.0000
          0.0000
         27.5738
         12.8535
          1.3471
          0.9309
          0.0000
          0.0000
          0.0000
          0.0000
         14.8676
         11.2392
          8.5506
          4.9020
          0.0000
          0.0000
          0.0000
          6.8583
         24.3147
         11.1352
         -2.6832
         -0.2167
         -0.3305
          0.0000
          0.0000
          0.0000
          0.0000
         14.8181
          2.3816
          0.0000
          0.0000
          0.0000
          0.0000
          0.0000
         13.4960
         12.5606
          8.1638
          6.7759
          0.0000
          0.0000
          0.0000
          7.2158
         19.4694
         23.8924
         29.3106
         19.4841
         -4.2884
          0.0000
          0.0000
         12.3254
         82.3978
         19.1020
          2.2750
          4.2805
          0.0000
          0.0000
          0.0000
          0.0000
          0.0000
          0.0000
          0.0000
          0.0000
          0.0000
          2.8187
          0.0000
          0.0000
          0.0000
          0.0000
          0.0000
          4.0334
          1.8964
          0.0000
          0.0000
         18.5694
         29.3969
         13.6611
         18.3773
         11.0275
          0.0000
          0.0000
          0.0000
          0.0000
          0.0000
          0.0000
          2.9422
         12.3882
          0.0000
          0.0000
          0.0000
          0.0000
          0.0000
          7.6172
          0.0748
          6.5045
         20.3051
         18.1960
          0.3282
          0.7966
          0.0000
          0.0000
          0.9256
          0.0000
         39.2345
          8.8549
          0.0000
          0.0000
          0.0000
          0.0000
          0.0000
          9.6233
          0.0000
         38.9539
          0.0000
          0.0000
          0.0000
          0.0000
          0.0000
          0.0000
          0.0000
         -6.7809
         -0.1551
          8.1764
         15.1651
         13.8116
         -2.1915
          4.8376
         27.4520
         62.6003
         13.8469
          1.3950
          0.0000
          0.3971
          0.0000
          0.0000
          0.0000
          0.0000
          0.0000
          0.0000
          0.0000
          0.0000
          0.0000
          0.0000
          0.0000
          0.0000
          0.0000
          0.0000
          0.0000
          0.0000
          0.0000
          0.0000
          0.0000
          3.1029
          0.0000
          6.4000
         16.3412
         10.2455
          4.6292
         15.8985
          6.8450
         41.9801
         32.5115
          0.0000
         21.2458
         16.2097
         -1.8314
        -17.8425
          0.0000
          0.0000
         36.0480
         40.0866
         36.3456
         33.1657
         39.5922
         47.0446
         -8.9984
          0.0000
          0.0000
         15.3782
         15.9555
         18.4698
          9.8063
         -5.3347
         64.5460
         41.5399
          0.0000
          0.0000
          4.5297
         12.3913
          7.1172
         -5.8092
          0.0000
          0.0000
         16.0401
          0.0000
          0.0000
          0.0000
          0.0000
         11.9859
         15.9235
         31.6358
         15.7761
          7.8912
          6.1614
         10.6265
         -4.3445
         20.1094
         56.2695
        127.4912
         50.6757
          0.0000
          8.2265
          9.7234
          0.2713
        -10.6025
         -0.6462
         15.6424
          0.0000
          0.0000
          0.0000
          0.0000
          0.0000
          0.0000
          0.0000
          0.0000
          0.0000
          0.0000
          0.0000
          0.0000
         13.5814
          5.0826
         -6.4604
          0.0000
          0.0000
          1.4565
         13.9354
          8.2607
          1.7802
        -12.4191
        -15.2163
          0.0000
          0.0000
          0.0000
          0.0000
          0.0000
          4.4325
          9.0342
          8.1452
         57.5641
          0.0000
         27.1889
         64.5500
         13.8828
         11.0950
        171.3568
        140.1491
         -5.1366
          0.0000
          0.0000
          0.0000
          0.0000
          0.0000
          0.0000
          0.0000
         -7.3455
         -4.9728
          0.0000
          0.0000
          0.0000
          0.0000
          0.0000
          0.0000
        -13.1806
          0.0000
          0.0000
          0.0000
          0.0000
          0.0000
          0.0000
          0.0000
          0.0000
          0.0000
          0.0000
          0.0000
          0.0000
          0.0000
          0.0000
          0.0000
          0.0000
          0.0000
          0.0000
          0.0000
          0.0000
          0.0000
          0.0000
          0.0000
          0.0000
         -1.5866
          0.0000
          0.0000
          0.0000
          0.0000
          0.0000
          0.0000
          0.0000
         21.1777
         25.4964
         27.6731
          9.8919
          0.0000
          0.0000
          0.0000
          0.0000
          0.0000
          0.0000
          0.0000
          0.0000
          0.0000
          0.0000
          0.0000
          0.0000
          0.0000
          0.0000
          0.0000
          0.0000
          0.0000
          0.0000
          0.0000
          0.0000
          0.0000
          0.0000
          0.0000
          0.0000
          0.0000
         16.4914
          4.9123
         -1.7063
          0.0000
          0.0000
          6.0246
          0.5824
          0.0000
          0.0451
          0.0000
          0.0000
         64.0111
         22.2203
         23.4123
         11.5849
          7.3916
          4.9087
        -13.4242
         -4.5983
          0.0000
          0.0000
          4.8560
         -0.0336
          1.0427
          3.5877
          5.8135
         -1.9477
          0.0000
          0.0000
          2.3451
          2.7641
          8.4277
          7.9071
         -0.9463
          0.0000
          0.0000
          0.0000
          0.0000
          0.0000
         21.6782
         93.9041
          0.0000
          0.0000
          0.0000
          0.0000
          0.0000
          0.0000
          0.0000
          0.0000
          0.0000
         -0.0466
         56.5391
         -5.3082
          0.0000
          0.0000
          0.0000
          0.0000
          0.0000
          0.0000
          0.0000
          0.0000
          0.0000
          0.0000
          0.0000
          0.0000
          0.0000
          0.0000
          0.0000
          0.0000
          0.0000
         -2.1599
          0.0000
          0.0000
          0.0000
          0.0000
          0.0000
          0.0000
          0.0000
          0.0000
          0.0000
          0.0000
          0.0000
          0.0000
          0.0000
          0.0000
          0.0000
          0.0000
          0.0000
          0.0000
          0.0000
         20.7282
         10.6111
         32.0205
         49.6772
          0.4241
         -5.0213
         17.1906
          0.0000
        118.5574
         51.5096
          6.5412
          3.9716
          5.9224
          7.3146
          2.3455
          0.0000
        202.7273
        127.0068
          0.0000
          0.0000
         12.9055
          4.3210
          1.7274
          0.0000
          0.0000
          0.0000
          1.0090
         21.5702
         18.3577
          0.0000
          0.0000
          0.0000
          0.0000
          0.0000
          0.0000
          0.0000
          0.0000
          0.0000
          3.2593
          0.0000
          0.0000
          0.0000
          1.0000
          4.6124
         10.8147
          8.5574
         -7.1919
         45.6603
         31.3384
          0.0000
          0.0000
          0.0000
          2.4076
          5.4180
         11.8771
          0.0000
          0.0000
          0.0000
          0.0000
          0.0000
          1.9621
          0.7589
          0.0000
          0.0000
          0.0000
          0.0000
          0.0000
          0.0000
          0.0000
          0.0000
          0.0000
          0.0000
          0.0000
          0.0000
          0.0000
          0.0000
          0.0000
          0.0000
          5.2760
          0.0000
          0.0000
          0.0000
          0.0000
          0.1795
          6.6851
          3.9124
          2.5758
         33.1850
         72.9241
          0.0000
          0.0000
          3.5607
         29.4654
         72.2092
          1.8938
         -3.5425
         11.7371
          7.3045
          0.0000
          0.0000
          0.0000
          0.0000
         18.1275
         12.7075
         -8.6364
          0.0000
          0.0000
          0.0000
          0.0000
          0.4185
          0.9851
          0.0000
          0.0000
          0.0000
          0.0000
          0.0000
          0.0000
          0.0000
          0.0000
          0.0000
          0.0000
          0.0000
          0.0000
          0.3463
          0.6330
         -0.6387
          3.3259
          0.0000
          0.0000
          0.0000
          0.9886
          2.8347
          6.5641
          9.4724
          4.4012
          0.0000
          0.0000
          0.0000
          0.0000
          0.0000
          8.5563
         15.0875
         19.1444
          0.0000
          0.0000
          0.0000
          0.0000
          0.0000
          0.0000
          0.0000
          5.3957
          0.0000
         38.3069
         17.5634
          9.4086
          0.0000
          0.0000
          0.0000
          0.0000
          0.0000
          0.0000
          0.0000
          0.0000
          0.0000
          1.0629
          0.0000
          0.0000
          0.0000
          0.0000
          0.0000
          0.0000
          0.6519
          0.0485
         -0.3049
          0.0000
          0.0000
          0.0000
          0.0000
          0.0000
          0.0000
          0.0000
          0.0000
          0.0000
          0.0000
          0.0000
          0.0000
          0.0000
          0.0000
          0.0000
          0.0000
          0.0000
          0.0000
          0.0000
          0.9298
          0.0000
         19.2301
          2.3671
          0.0000
          0.0000
          0.0000
          0.0000
          0.0000
         15.8047
         35.6884
         16.6236
         47.8816
         40.0073
          9.6262
          0.0000
          0.0000
          0.0000
          0.0000
          0.0000
          4.1013
          3.4018
          0.0000
         18.4523
         45.8255
          0.0000
         28.6949
         77.5500
         40.1379
         70.7849
         75.4993
          0.0000
          0.0000
          0.0000
          0.0000
          0.0000
          0.0000
          0.0000
          0.0000
          0.0000
          0.0000
          0.0000
          0.0000
          0.0000
          4.7188
         12.8039
         18.1637
        119.0546
          0.0000
          0.0000
         16.7809
         35.5886
         10.9013
         -8.5585
         -0.9476
         -9.7695
         -0.3768
          0.2416
          0.0000
          0.0000
          0.0000
          0.3498
          0.0000
          0.0000
          0.0000
          1.8366
         15.6882
          7.0428
         -0.9481
          6.5188
          0.0000
          0.0000
          0.0000
          0.0000
          0.0000
          0.0000
          1.1293
        196.8454
          0.0000
          0.0000
          0.0000
          0.0000
          8.6857
         11.7800
          0.0000
         -5.4972
          0.0000
          0.0000
          0.0000
          1.6000
         91.3164
        186.6906
        106.3115
         13.1109
          8.9603
         13.2657
          0.0000
          0.0000
          0.0000
          8.1465
        179.9483
        183.6030
        213.7288
          0.0000
          0.0000
          0.0000
          0.0000
          0.0000
          0.0000
          0.0000
          0.0000
         71.3635
          0.0000
          0.0000
         16.3882
          0.0000
        162.9592
          0.0000
          0.0000
          0.0000
          0.0000
          0.0000
          0.0000
         10.5258
          4.3154
         -3.0940
         64.8344
          0.0000
          0.0000
          0.0000
          0.0000
          0.0000
          0.0000
          1.5927
          4.3620
         10.2423
          0.0000
          0.0000
         31.2477
         22.0772
          6.8375
         32.3594
         91.5801
          0.0000
          0.0000
          0.0000
          9.8250
          1.4161
          0.0000
          1.2612
          0.0000
          0.0000
          0.0000
          4.5809
          4.4116
          3.0917
         10.4812
         20.7119
          1.0703
          0.0000
          0.0000
          0.0000
         39.0429
         29.5302
          5.9424
         16.9632
         25.6244
        208.7863
         62.0134
          1.9636
          3.9990
         -5.7739
         -4.8845
          7.9851
         -4.9612
         57.1360
          9.5400
          0.0000
          6.5632
          6.1708
          4.2173
         11.8508
         48.5362
         38.1746
          0.0000
          0.0000
          0.0000
          0.0000
          0.0000
          4.9039
          1.3124
         85.8319
         54.1879
          0.0000
          0.0000
          0.0000
         14.0559
         11.5431
         18.4932
        131.9932
         61.2352
          4.0372
          0.0000
          0.0000
          0.0000
          0.0000
          0.0000
         -5.8105
          0.0000
          0.0000
          0.0000
          0.0000
          0.0000
          0.0000
          0.0000
          0.0000
          0.0000
          0.0000
          0.0000
          0.0000
          0.0000
          5.4605
         24.3755
         14.4744
        -31.3691
         -0.9363
          0.0000
          0.0000
          0.0000
          0.0000
          7.2377
         11.3195
         -0.9464
          8.5938
         18.5967
         10.7810
         -3.5244
          1.7064
        -25.0757
        -25.5949
          0.0000
          0.0000
          0.0000
          0.0000
          0.0000
          0.0000
          0.0000
          0.0000
          0.0000
          0.0000
          0.0000
          0.0000
          0.0000
          0.0000
          0.0000
        -13.0784
         -7.0119
          1.4367
          0.0000
          0.0000
          0.0000
          0.0000
          0.0000
          0.0000
          0.0000
          0.0000
          0.0000
          0.0000
          0.0000
          1.2419
          0.0000
          0.0000
          0.0000
          0.0000
         19.4636
         17.8745
         15.0777
          2.7472
         47.6252
        195.6102
         82.1026
         24.6270
          6.3443
          0.0000
          9.7832
          8.8015
          7.9324
        125.6683
          0.0000
          0.0000
         10.4704
          4.8834
         -0.7685
         11.5457
         -3.1490
         -4.3493
         11.3909
         10.8739
          0.0000
          0.0000
          0.0000
          0.0000
          8.8618
         -2.4224
         -3.2342
          0.0000
          0.0000
          0.0000
          0.0000
          0.0000
          0.0000
        -11.1997
         -3.3716
          0.0000
         29.3648
         10.2608
         -8.5566
        239.4845
        275.6102
        291.9316
          0.0000
          0.0000
          0.0000
          0.0000
          0.0000
          0.0000
         27.1363
          2.2185
        -19.9315
          7.0535
          0.0000
          0.0000
          0.0000
          7.1232
         10.5654
          7.0503
          0.2815
          0.0000
          0.0000
          0.0000
          0.4696
         -3.5836
         51.6902
        152.9875
         15.3407
        -21.3407
         65.1912
         94.6148
         26.7210
        151.3618
        217.0117
        163.3953
          0.0000
          0.0000
          0.0000
          0.0000
          0.0000
          0.0000
        -14.7097
        -13.7640
        -30.5888
         -0.9856
         15.9071
         -1.1514
         27.8159
         99.4679
        180.8626
        151.7219
          0.0000
          0.0000
          0.0000
          0.0000
          0.0000
          0.0000
          0.0000
          0.0000
          0.0000
          0.0000
          0.0000
          0.0000
          5.2486
         -7.8569
          0.0000
          4.5624
        123.0757
         63.2968
         15.0475
          0.0000
          0.0000
          0.0000
          0.0000
         27.7312
          7.8394
          0.0000
          0.0000
          0.0000
          0.0000
         16.1813
         55.0188
        157.1541
        156.4338
         44.3339
         10.7105
         10.3480
        109.3489
        137.0911
        137.0235
         92.1461
          0.9247
          0.0000
          0.0000
          0.0000
          0.0000
          1.2875
         10.9899
         20.3510
         13.0905
         22.6741
        119.7777
        161.3127
         77.6768
         29.1825
         46.4468
          0.0000
          0.0000
          0.0000
          0.0000
          0.0000
          0.0000
          3.8768
          0.0000
         -4.9742
          0.0000
          0.0000
         16.9105
         10.5175
          2.6820
         10.8098
          8.6819
          0.0000
          0.0000
          0.0000
          0.0000
          0.0000
          0.0000
          0.0000
          3.9023
         -0.8999
          0.0000
          0.0000
          1.1848
          0.0000
          0.0000
          0.0000
          0.0000
         -6.9622
         -2.5955
          3.7311
          6.8065
         14.0771
         35.9224
         83.6954
        152.0123
        125.5679
         44.0286
          0.0000
          0.0000
          0.0000
          0.0000
          0.0000
          0.0000
          0.0000
          0.0000
          0.0000
          0.0000
          0.0000
          0.0000
          0.0000
          0.0000
         -9.5284
         -0.8418
          0.0000
          0.0000
          0.0000
          0.0000
          0.0000
          0.0000
         -9.8248
         -0.5503
          0.0000
          2.9238
          4.4630
          3.8976
         14.0606
         17.2956
        -22.2545
         -5.5928
          7.3692
         26.6172
          9.5821
          3.7193
         24.8870
         64.0930
         63.0928
          0.0000
          0.0000
          0.0000
          0.0000
          0.0000
         25.1978
         32.1459
          6.3392
        -10.9533
         14.8947
          5.9767
         -6.1137
          0.0000
          1.5995
         25.0740
          2.5267
         -0.5626
         17.0130
          8.4157
          3.3339
         19.3879
         22.4534
         28.9126
        123.1306
         13.5921
         11.8464
         14.8517
          7.8934
          1.4247
         30.3137
         69.9056
         57.4570
         34.3306
         10.5023
         -5.7164
         -5.6755
         -6.7861
        -18.8474
        111.5181
        131.1696
        -16.6451
          0.0000
         10.4329
          0.0000
         37.3897
         15.4885
          0.0000
          0.0000
          0.0000
          3.2438
          3.1593
          0.0000
          0.0000
          0.0000
          0.0000
         -4.9302
         -2.6269
          0.0000
         37.8121
          4.2094
        -23.2108
         60.3549
        250.6434
         47.0250
          0.0000
          0.0000
         53.8882
         30.9159
         94.3236
        118.6094
        132.5017
         28.3470
          0.0000
          0.0000
          0.0000
          0.0000
          0.0000
          0.0000
          0.0000
         32.3501
         25.3285
        -15.9457
        -19.0764
        -28.0210
        -16.5544
          6.4820
          0.0000
          0.0000
          0.0000
         17.1191
         24.8411
         10.6318
        -11.8137
          0.8103
        196.5946
        207.6643
          0.0000
          0.0000
          0.0000
          0.0000
          0.0000
         10.0094
         -4.2058
          2.9735
         -3.2937
         34.0057
         91.2386
         40.6525
          0.0000
          0.0000
          0.0000
          0.0000
          0.0000
          0.0000
          0.0000
          0.0000
          0.0000
          0.0000
          0.0000
         43.5813
        -10.1834
          9.0495
         19.0806
         24.8842
         18.8046
         -2.1243
        136.7567
         82.4245
          0.0000
          0.0000
          0.0000
         16.7660
         19.9340
         19.5165
          8.2849
         24.4130
         46.1683
         14.9526
         31.0746
         86.6579
          9.7142
          0.0000
          0.0000
         -1.1618
          0.0000
          0.0000
          0.0000
          0.0000
          0.0000
          6.9973
          9.8626
          0.0000
          0.0000
          6.6269
         20.2533
          8.9833
         12.4595
         -9.0180
        -22.8463
          0.0000
          0.0000
          0.0000
         12.7761
         16.4124
         22.6213
         17.8936
         23.5544
         82.2739
         17.1389
         -3.5464
         -0.1969
         13.4893
         21.3739
         37.2930
         88.3638
        143.9485
          0.0000
          0.0000
          0.0000
          5.8727
         25.8437
         16.2445
        103.6127
        147.9824
         13.5871
          0.0000
         12.6745
         -5.7014
        -15.3783
         -0.1223
          8.1955
         -3.2274
         -0.1214
          4.3373
          0.0000
          0.0000
          0.0000
         11.1917
          8.0968
         -0.5092
          0.0000
          0.0000
          0.0000
          0.0000
         11.0991
         20.4606
          0.6341
          0.0000
          0.0000
          2.8500
         41.7218
         11.3020
          2.3301
         60.3264
        157.6010
         14.2804
          0.0000
         20.2437
         27.8561
          7.1758
          0.0000
         16.2696
          0.0000
          0.0000
          0.0000
          0.0000
          0.0000
         11.1275
         15.1118
         17.7578
         47.3604
         41.4455
         41.4455
         10.6053
         10.6053
          2.7792
          2.4528
         15.5934
         11.3231
         21.5725
         34.3117
          0.0000
          0.0000
          0.0000
          0.0000
         13.1168
         43.4799
         70.4810
         -7.3497
         39.1434
         24.5375
          8.4829
          7.9739
          6.5943
          0.0000
          0.0000
          0.0000
          0.0000
         27.1677
         21.7642
          5.3630
         21.4981
         76.8212
         55.6744
          0.0000
          4.9955
         12.3816
         13.7399
         25.5903
         59.0239
         98.6569
          0.0000
          0.0000
          0.0000
          5.2573
         18.1888
          6.2085
         13.5660
         18.9088
         53.0993
          7.6704
         -1.3490
          0.0000
          0.0000
          0.0000
          7.8388
          3.2729
         -2.7964
          2.1314
         24.4038
         22.1124
         17.0238
         20.8735
         24.7771
         17.8088
          9.7844
         -1.3409
         35.0078
         77.4479
         34.9048
         94.5319
         58.0780
         65.9986
          0.0000
          0.0000
          0.0000
          4.4529
         15.2546
         14.2333
         43.7493
         79.6179
          0.0000
          0.0000
          0.0000
          0.0484
         10.0764
         10.5844
         75.7361
        138.5097
         35.7718
          0.0000
          0.0000
          0.0000
          0.0000
          0.0000
          0.0000
          0.0000
          0.0000
          0.0000
          0.0000
          0.0000
          0.0000
          0.0000
          0.0000
         10.8205
         24.8889
         31.4877
          0.0000
          0.0000
          2.6869
          3.5212
          8.9662
         38.9185
         84.4938
         15.3997
          0.0000
          0.0000
          0.0000
          0.0000
         10.3942
          0.0000
         -2.9560
         -0.0497
          5.3145
          9.7867
        -16.3120
        -20.2186
         -6.2604
         -5.8511
         63.4171
         61.3013
          0.0000
          0.0000
          0.0000
          0.0000
          1.4340
          0.0000
          9.9214
         55.1836
          0.0000
          0.0000
          0.0000
          0.0000
          0.0000
          0.0000
          0.0000
         62.8820
         94.0582
         55.3951
         10.8849
         -0.7400
         -5.2363
         -4.2822
        117.1285
        112.2868
         12.1380
          0.0000
          0.0000
          0.0000
          0.0000
          0.0000
         12.9682
         71.3413
          8.4018
         12.0669
          7.7164
          1.6235
         -2.2660
          0.0000
         -1.5792
         31.4108
          0.0000
          0.0000
          3.7254
          0.0000
          7.7460
         -1.0145
         29.2510
         97.2259
         88.8098
         69.8007
         18.0178
        -13.1867
         11.9364
        135.6165
         66.6646
          9.3463
          0.0000
          8.9103
         22.1943
          7.1724
         24.2941
         71.7825
         91.8895
          0.0000
          0.0000
          0.0000
          0.0000
          0.0000
         16.9197
          7.2544
        -13.1504
          0.0000
          0.0000
          0.0000
          0.0000
          2.8652
         20.2126
         18.5975
          4.8709
          0.0000
          0.0000
          0.0000
          0.0000
          0.0000
          0.0000
          0.5811
          0.6939
          0.0000
          0.0000
          0.0000
          2.3257
          4.9235
          9.5085
          9.3478
         11.9596
         18.6139
         11.8231
         18.4643
         -4.9348
          0.0000
         19.1370
         19.8850
        139.7178
        134.0236
         21.1755
          8.2463
          6.3523
         10.0498
          8.2015
         -0.5158
          1.8493
         87.4395
         18.2216
         20.0459
         34.9549
         41.5868
        -37.2676
         95.5576
         37.5834
          9.5815
          5.3385
          2.0239
          1.4291
          8.6579
         41.0918
        162.0225
         40.4492
          0.0000
          0.0000
          0.0000
          6.4579
         21.2570
          2.3921
         19.6656
         21.8371
          0.0000
          0.0000
          0.0000
          0.0000
          0.0000
          0.0000
          0.0000
          0.0000
          0.0000
          0.0000
          0.0000
          0.0000
          0.0000
         10.7369
         15.5732
         12.7294
         15.7169
         -0.9610
          2.5774
          2.7006
          0.0000
          0.0000
          0.0000
         -1.0792
          0.0000
          0.0000
          0.0000
          0.0000
          0.0000
          0.0000
          0.0000
         -6.8522
         -0.6794
          0.0000
          0.0000
          0.0000
          0.0000
          0.0000
          0.0000
         -0.8158
          0.0000
          0.0000
          0.0000
          0.0000
          0.0000
          0.0000
          1.4639
         -3.6490
         -1.3934
          1.4233
          0.0000
          0.0000
          0.4311
         24.2928
          4.3637
          0.0000
         67.8168
         88.5743
         84.0297
          0.0000
          0.0000
          0.0000
          0.0000
          0.0000
          0.0000
          0.0000
          0.0000
          2.0620
         -5.4638
          0.1554
         22.1627
         50.5563
          0.0000
          0.0000
          8.6423
         -0.0175
        -11.0198
          3.7573
         10.7394
        112.4884
         29.1152
          0.0000
          0.0000
          0.0000
          0.0000
          0.0000
          5.0318
          1.1370
          0.8929
         12.3626
         18.3427
         12.6149
         17.1817
         21.6632
         23.8346
         35.8885
         -0.1082
          0.0000
          5.3777
          4.0838
          8.1466
         21.6437
         49.2220
         23.4189
          0.0000
         20.5503
         33.4216
         18.9584
          0.7023
         -4.3585
         -1.2301
          0.0000
          0.0000
          0.0000
         26.8546
         10.7198
         -7.6063
         36.9099
        134.8938
         72.0842
          0.0000
          0.0000
          0.0000
          8.5752
          1.7036
         22.1087
        123.7378
          0.0000
          0.0000
          0.0000
          0.0000
          0.0000
          0.0000
          0.0000
          0.0000
          0.2083
         -1.8449
          0.0000
          0.0000
          0.0000
          0.0000
          0.0000
          0.0000
         -4.9281
          0.0000
          0.0000
          0.0000
          0.0000
          0.0000
          6.3895
         -6.2062
         82.4291
         97.5526
         23.7944
         10.8737
         -0.3660
         -9.4612
        -26.6160
         38.3965
        143.8611
        173.1364
        123.5326
          0.0000
          0.0000
          0.0000
          0.0000
          0.0000
          3.0852
          0.0000
         -2.5077
         -7.7175
         -9.3287
          8.3030
         -0.0382
         51.9392
        128.5793
         73.8617
         -3.6029
        -21.6482
        -20.7235
        -23.5266
        -27.9482
        -25.7993
         32.2429
         22.6432
          5.5521
         31.1843
         21.6824
        -19.0433
         10.6670
         11.7446
         83.0737
         51.5879
          0.0000
          9.2794
         -0.7340
         30.0896
         33.1085
          0.0000
         -2.2476
          0.0000
          1.9751
          4.1052
         13.0199
         15.7483
         -0.9777
        -25.2604
        -35.7426
         -4.5826
         82.0023
        232.4732
         89.7728
         26.6743
         46.0549
         51.0882
        291.4938
        279.6114
        140.1440
          9.4059
          0.0000
          2.0311
         17.5600
          4.3977
         98.3446
        103.3488
         11.0452
        -17.6935
        -10.4578
        -10.1301
          1.2075
          3.8315
         83.2460
         81.4576
        -10.3404
         -3.1068
          4.9736
         -1.4900
          9.4638
        140.4108
          6.8054
         -1.0865
          0.0000
         24.0794
         28.4252
          0.2621
         -2.6432
          6.4989
         18.2552
          0.0000
          0.0000
          8.6987
          9.8379
         -1.3672
          0.7427
        105.8589
         56.0030
          0.0000
          0.0000
          0.0000
          0.0000
          0.0000
          0.0000
          0.0000
         64.0106
         11.5235
        -16.2204
        -22.0531
        -20.2314
         -3.1860
         -6.3268
        -33.9952
         39.5447
         70.6193
         28.2399
         -3.8753
         18.5908
         24.4117
         -6.8509
         -6.3291
        117.8588
          0.0000
          0.0000
         11.2244
          5.3911
         -5.5626
          6.1768
         15.8586
        102.5937
         16.5672
         12.5767
         16.0645
         23.3133
         50.1067
         87.8141
          0.0000
          0.0000
          0.0000
          0.0000
          0.0000
          0.0000
          0.0000
          0.0000
          0.0000
          1.3396
          3.3797
          4.8885
          2.2634
         21.9965
         39.6520
         24.6950
         19.5425
         56.8570
         39.8127
         -3.9690
        -12.5463
          9.5671
         48.2483
          1.2401
         -9.8827
         34.4299
        124.3317
         18.9203
         11.2868
         12.3863
          9.2965
          8.8477
         35.8351
         81.3852
         -0.0635
         19.9014
         14.6366
         14.6951
         20.8865
        -20.5088
         57.4749
         84.5914
        136.0711
          0.0000
         57.4780
          0.0000
         21.0762
         25.6037
          6.6174
        -12.2533
         27.8190
         36.1826
         24.9670
         14.3492
          8.3764
         -2.0754
        -14.0805
         19.0319
         26.5859
          9.1308
         14.9328
         14.8159
        -24.9930
        -57.2350
          1.4916
         13.8263
          0.0000
          0.0000
          0.0000
          0.0000
         10.7212
         38.8161
         89.2154
         37.8488
          0.0000
          0.0000
          0.0000
          0.0000
          0.0000
          0.0000
          0.0000
         14.2219
         32.9598
         14.0115
         55.5268
          0.0000
          0.0000
        -10.5037
         -2.8274
         64.1967
         96.4702
        120.4054
         89.2296
         72.1470
         25.0816
        -20.5305
        -16.1051
        154.6028
        191.9225
        133.2455
        192.9506
        169.2814
        125.8407
         35.5314
          0.0000
        -10.2576
          0.0000
          0.0000
          0.0000
          0.0000
          0.0000
          0.0000
          0.0000
         -5.5142
          0.0000
          0.0000
          0.0000
          3.6489
         10.7620
         -0.5705
         -2.8484
          0.0000
          0.0000
          0.0000
          0.0000
          0.0000
          0.0000
          0.0000
          3.8918
         20.8233
         53.2336
         11.4186
         18.8543
         36.9284
        117.5171
        134.4987
        231.4001
        121.5151
          0.0000
          0.0000
          0.0000
          0.0000
         10.6384
          8.8216
        134.3767
          0.5557
          0.0000
          0.0000
          0.0000
          0.0000
          0.0000
         16.9504
         53.4990
         72.2994
         26.3999
          5.7210
        -15.0352
          0.0000
         42.7894
        104.0829
        114.7590
         86.9778
         84.3988
          0.0000
          0.0000
          0.0000
          0.0000
          0.0000
          0.0000
         -5.3539
          0.0000
          0.0000
          0.0000
          0.0000
          0.0000
          0.0000
          0.0000
         -6.5037
          0.0653
          9.4798
         -0.7370
          5.3580
          0.2805
          5.5628
          1.4462
          1.5825
         -6.8377
         17.9592
          9.7773
          3.1261
          0.0000
          0.0000
          0.0000
          0.0000
          0.0000
          0.0000
         10.1302
          3.6751
          0.0000
          0.0000
          0.0000
          0.0000
          0.0000
          2.3279
         17.0501
         13.7160
          4.8467
         -2.2503
         -2.7339
          0.0000
          0.0000
          0.5317
         35.9719
         17.3310
         -4.5721
          6.0242
          2.8299
         12.7128
         44.2733
          8.9040
          1.0791
          3.8292
          2.4293
         14.3084
         10.8994
          7.3242
         36.7643
         65.9035
        107.5089
          9.1671
         38.9516
         17.0069
         24.8151
         40.3690
          0.0000
          0.0000
          0.0000
          4.7747
          7.9625
         14.1909
         50.3762
         -4.4134
          0.0000
          0.0000
          6.3263
         12.4407
          0.0000
          7.1320
          3.8573
          9.0529
         27.0099
         22.4413
         14.2328
          8.7298
        107.1907
        107.0424
         16.4572
         13.3278
          8.9611
          0.2551
         -8.2726
         -8.1543
         74.6009
        142.1237
         52.8457
          0.0000
          0.0000
          0.0000
          0.0000
          0.0000
          0.0000
          0.0000
          0.0000
          8.5675
         54.8598
         -5.8082
         -4.5051
          0.0000
          0.0000
          0.0000
          0.0000
          0.0000
          0.0000
          0.0000
         17.9197
         30.1556
         19.4689
         27.9105
        148.7200
          7.3961
          0.0000
          0.9992
          0.0000
         32.4716
          6.6768
          2.2213
         76.0437
         77.5373
          0.0000
          0.0000
         11.3840
         18.9628
          6.4854
         25.5998
         95.9425
         94.7021
          0.0000
          0.0000
          2.7920
          9.4865
         27.3813
         17.9369
          8.5597
         17.9552
         -6.0952
         -2.3938
          0.0000
          0.0000
          1.3829
         11.3402
          5.7429
         56.8909
         52.9507
          5.1518
          0.0000
          0.0000
          0.0000
          6.6559
          3.4574
         92.1159
          0.0000
          0.0000
          0.0000
          0.0000
          0.0000
         12.6831
         13.1058
         -1.8147
          0.0000
          4.5868
         17.6117
         14.4717
          7.4354
         33.4118
         57.2528
         38.6761
        -12.7240
          1.4898
         51.1163
         16.7767
         -0.8724
         28.9681
         49.2199
          0.0000
          0.0000
          0.0000
         25.5845
         19.7569
          0.0000
         21.4532
        163.2260
          0.0000
          0.0000
          0.0000
          7.0926
          6.4931
          0.0000
          4.9156
          2.5902
         69.1884
          0.0000
          1.4085
         12.4111
         -2.4889
          7.0294
         16.0054
          1.7720
          4.5061
         16.4060
         48.1627
         88.1491
         28.4588
        -12.0253
         18.2883
         71.1390
         33.3279
         89.6518
          8.5742
         -1.7349
         13.8292
         42.1587
         84.4004
         33.5967
          4.4096
         14.6167
          0.0000
          3.5043
          2.7659
         41.2956
         21.3805
         18.8082
         16.6251
         55.3820
         44.4282
         64.6347
         40.9743
         76.6044
        102.0331
         57.3253
         -1.8349
          0.0000
          3.6254
          5.0024
          2.0246
          0.0000
         11.3353
         16.8000
        105.5709
        176.7520
        119.8337
          0.0000
          0.0000
          0.0000
          1.7244
        -11.7377
        -17.2946
          0.0000
          0.0000
          0.0000
          0.0000
          0.0000
          2.2055
          2.3161
         12.7629
         -3.1724
          0.0000
         13.9970
          0.0000
          2.4916
        -17.5656
         51.6504
          0.0000
          0.0000
          0.0000
         41.1200
         58.6151
         91.6145
        145.8387
        236.2918
          2.5285
          0.0000
          0.0000
          0.0000
          0.0000
          0.0000
          8.2316
          7.0048
          0.0000
          0.0000
          0.0000
          0.0000
          0.0000
          3.8872
         18.5750
         44.4890
         81.5689
        -14.1107
          3.8361
         21.6557
         14.1533
         28.4887
         11.5730
         -2.4331
         -3.0928
          3.8984
          1.3696
          8.2054
         13.9872
         42.4616
         49.2426
        134.8861
         44.1470
          0.0000
          0.0000
          0.0000
          0.0000
          0.0000
         17.0060
         84.4469
         66.8871
         -7.6412
          0.0000
          0.0000
          0.0000
          0.0000
          0.0000
          0.0000
         -5.2693
          0.0000
          0.0000
          9.4559
         13.8843
         12.7586
         11.5583
         -0.0285
         -1.7347
          3.1386
         18.9933
         37.1069
         34.1463
         20.7995
         21.1701
         18.6205
          0.0000
          0.0000
          0.0000
          0.0000
          0.0000
          0.0000
          4.8519
          5.2366
         -0.6958
         -2.9804
          2.8318
          0.0000
          0.0000
          9.2241
         64.9343
         37.5112
          0.0000
         18.3659
         61.2239
         12.9657
          8.5381
          0.0000
          2.6307
          1.9533
          4.6204
         50.9562
         34.0568
         18.1875
         19.6254
         27.1659
         13.8730
         -4.9600
         22.7056
         18.8241
         33.7127
        137.3791
        168.6488
        187.7541
        167.6413
        190.7047
         -2.4986
          0.0000
          0.0000
          0.0000
          0.0000
          0.8527
          0.5134
          0.0000
         -3.6902
         -0.4526
          9.2916
          0.0000
         -1.3366
          2.3502
         26.4420
         36.5074
         96.6541
         76.0126
          7.1796
        -14.7685
          0.0000
          0.0000
          0.0000
         65.4192
        120.3110
          1.0923
          0.0000
          0.0000
          1.4166
          0.0000
          7.3904
         10.6961
         84.9945
          0.0000
          0.0000
          2.5579
         11.2581
          5.5999
         22.1118
         42.7165
         32.5380
         32.4533
         42.5006
         40.6384
         -1.8649
         -6.5423
          7.2580
         16.1889
         30.1245
         15.5268
         27.1464
         60.0899
        115.5318
         28.8627
         16.6006
         34.9166
         86.4540
          0.0000
          0.0000
          9.3022
         14.6736
          3.5249
          8.2531
          2.0527
         28.2717
         78.2357
         21.6357
         48.1875
         -2.3923
          5.7892
        -11.1484
         -2.1316
         -4.1525
          0.0000
          0.0000
          4.3272
         17.4403
          8.0211
          9.2977
         13.1564
         43.2290
          0.0000
          0.0000
          0.2684
          3.0581
         12.5132
          6.7447
         13.5727
         22.0561
         10.9165
          0.5742
          0.0000
          0.0000
          0.3660
         20.0552
         23.7884
         25.9348
         -5.4465
          0.0000
         13.1053
         10.3570
          1.5584
          8.8614
         27.8075
          6.9891
         19.1877
         12.3253
          9.3312
          4.1640
         -0.2497
          8.1656
         17.7724
        159.5198
          0.0000
          0.0000
         11.3026
          5.8622
          1.7004
         -3.5756
         -5.2479
         -2.3026
          0.0000
          0.0000
         10.1388
          8.7402
          0.0000
          0.3309
         -0.8471
         -4.2164
          0.0000
          0.0000
          0.0000
          4.7813
          2.5697
          1.8728
          0.9823
         -0.5439
          3.1087
         19.9988
         20.9242
         26.2379
         35.0375
         31.7713
         25.1859
          0.0000
          0.0000
          0.0000
         18.5063
         24.6461
          5.5096
         -7.6081
         33.7276
         39.1490
          0.0000
         11.6140
          0.0000
          0.0000
          0.0000
          0.0000
          0.0000
         -4.2073
          0.0000
          0.0000
          0.5046
          2.3211
         18.7903
         16.9335
         35.9450
         47.2684
          0.0000
          0.0000
         23.3418
         20.8737
         -6.2960
        -18.7383
         -1.7293
         50.5846
          0.0000
          0.0000
         27.2083
         37.1502
         27.3757
          0.0000
          0.0000
          0.0000
          0.0000
          0.0000
          0.0000
          0.0000
          0.0000
          0.0000
          0.0000
          0.0000
          0.0000
          0.0000
         19.1594
          6.0489
         18.9523
         45.4325
         20.6994
         12.8376
          0.0000
          0.0000
          0.0000
          0.0000
         10.1667
         18.4969
         26.2233
         73.2244
         -1.8630
          6.9778
         18.9376
          5.0406
         -5.3197
         -5.0037
         -2.0463
         18.1984
        -10.2680
          9.6022
          1.8115
          0.0000
          0.0000
          0.0000
          0.0000
         -2.2259
          4.7339
          5.1796
          0.0000
          0.0000
          0.0000
          0.0000
          9.9842
         10.1651
          9.9113
         12.9279
         12.7373
         11.8428
          3.9195
         31.1319
        113.5464
        160.1169
         10.1366
         21.6130
         26.6832
          6.2431
          3.9071
          5.2009
        -13.1874
         -1.3628
          3.4900
         17.8445
         33.7241
         22.4659
         17.0028
         36.9510
         23.6615
         -9.9308
         -0.6939
          0.3527
         47.5217
         39.4951
         25.5175
        115.5853
        173.0441
          0.0000
          0.0000
          0.0000
          0.0000
          0.0000
          0.1848
          6.0020
         -5.0044
          0.9281
         18.8341
          8.7105
          6.2812
         15.4049
         27.2176
         69.9937
        125.3397
         72.4250
          0.0000
          0.0000
          0.0000
          0.0000
          0.0000
          0.0000
          3.2643
         -2.6831
         -3.2591
          0.0000
          6.4273
          2.6710
         -0.7809
          0.4930
         -2.3376
         -0.0709
          0.0000
          0.0000
          0.0000
          0.0000
          0.0000
          0.0000
         22.0076
         17.7314
         -4.8766
         16.2334
         32.1749
         37.7404
         38.6055
         97.7231
        171.0206
         -5.0929
         -0.8755
          0.0000
          0.0000
          3.5430
          0.0000
          4.5343
          7.7252
         12.9493
         -0.5728
          3.2701
          0.0000
         -0.1482
          2.7964
         16.2975
         13.1899
          7.0344
          2.0420
          3.3096
          6.7387
          0.0000
          0.0000
          6.2292
         -0.4187
         -3.6542
         -2.3521
          0.0000
          0.0000
          0.0000
          0.0000
          0.0000
          0.0000
        -11.5047
          0.0000
          0.0000
          0.0000
          0.0000
          0.0000
          0.0000
         11.7702
          3.0921
          0.9515
          9.0000
         29.0484
          3.5814
         -4.4782
         11.4819
         11.3239
         36.2650
         50.3556
          5.8811
         22.7348
         12.2626
          2.3148
         -2.0834
         -5.5361
         -1.9546
          8.6327
         21.7761
         36.0286
          5.0069
         -4.4277
         14.3929
         15.4595
         11.2080
          8.4249
         18.4582
         15.4180
         38.4238
          7.8553
          9.3373
          4.3579
         15.8374
        121.2681
         26.7464
         20.6601
         17.7100
         18.4097
          4.1913
         -1.6052
         -4.6465
          0.0000
          0.0000
          0.0000
          0.0000
          0.0000
          0.0000
          0.0000
         12.3365
         17.2958
         36.1645
         24.8430
          0.0000
          0.0000
          0.0000
          0.0000
         -0.6650
          0.0000
          0.0000
         11.2002
         12.8753
          0.0000
          0.0000
          1.7038
         -1.0522
         -2.6013
          0.0000
          1.9131
          7.0959
          0.0000
          0.0000
          0.8593
         -9.4567
         -0.5320
          0.0000
          0.0000
          0.0000
          0.0000
          0.0000
          0.0000
         -5.8254
          1.2884
         -2.6708
          0.0000
          0.0000
          0.0000
          7.5902
          6.6366
          4.0017
          7.5308
          2.2434
         -3.2287
         -6.6290
          0.0000
          9.4469
         14.5744
          8.6222
         57.2463
          0.0000
          0.0000
          0.0000
          0.0000
          0.0000
          0.0000
         -2.7341
         -0.0159
          8.8227
         12.9576
         35.8255
         76.7326
         92.7288
         22.1182
          0.0000
          0.0000
          0.0000
          0.0000
          0.0000
          0.0000
          0.0000
          5.4234
          0.7061
         -1.2994
          1.5155
          3.5531
          3.4224
          7.8928
          3.7090
         -5.1798
         -4.1734
          7.4870
         13.6555
         -1.2577
          0.0000
          0.0000
          0.0000
          0.0000
         44.0281
         99.5136
         -7.9798
          0.0000
          0.0000
          0.0000
          3.0115
         48.8575
         88.8269
         72.4566
          0.2725
        -12.2746
          5.8679
         77.4094
          6.0628
         -4.5818
         -0.2257
         11.9691
         30.0076
         27.0903
         21.3338
        100.1305
         85.3703
         89.4027
        161.6528
         53.1822
         17.9615
          4.4936
         40.7545
         65.5848
         15.1867
         -2.6358
         22.8578
          1.8305
         10.7546
         40.3141
        119.1957
         83.0355
          6.8787
          7.8193
         -4.9444
         -5.4190
          0.0000
          0.0000
          0.0000
          0.0000
          0.0000
        143.8470
        173.6761
          0.0000
          0.0000
          0.0000
          0.0000
          0.0000
          3.2544
         -0.5161
        104.2094
        126.3778
          0.0000
          0.0000
          0.0000
          0.0000
          9.6702
         15.8494
         33.7547
         24.7213
         22.3038
         20.9055
         11.5441
        -10.4129
         -0.5284
          0.0000
          0.0000
          0.0000
          0.0000
          0.0000
          0.0000
          0.0000
          0.0000
          1.0416
          0.0000
          0.0000
          0.0000
          0.0000
          0.0000
          0.0000
          0.0000
          0.0000
        144.0297
         51.0092
          0.0000
          0.0000
          0.0000
          0.0000
          0.0000
          2.3264
         26.3950
          0.0000
          0.0000
          0.0000
          0.0000
          0.0000
          0.0000
          0.0000
          2.6806
          0.0000
          3.1462
         13.3825
          0.4858
          0.0000
          0.0000
          0.0000
         24.1118
         23.0543
          1.7518
          0.0000
          0.0000
          0.0000
          4.7553
          3.3284
          4.7459
          0.0000
          0.0000
          0.0000
          0.0000
          0.0000
          0.0000
          0.0000
         -7.8707
          0.0000
          0.0000
          0.0000
          0.0000
          0.0000
          0.0000
          0.0000
         48.4876
         30.5232
         17.3634
         22.8466
         -4.7118
         -0.6947
          0.0000
          0.0000
          0.0000
          0.0000
          0.0000
          0.0000
          0.0000
          0.0000
          0.0000
          0.0000
          0.0000
          0.0000
          0.0000
          0.0000
          0.0000
          0.0000
          0.0000
          0.0000
        -10.9490
          0.0000
          0.0000
          0.0000
          0.0000
          0.0000
          1.1888
          0.0000
         -0.2989
          8.6671
          0.0000
          0.0000
          0.0000
          0.0000
          0.0000
          0.0000
          0.0000
          0.0000
          0.0000
          0.0000
          0.0000
          0.0000
          0.0000
          0.0000
         -4.2390
          0.0000
          0.0000
          0.0000
          0.0000
          0.0000
          0.0000
         16.5362
         68.9457
         41.7082
          0.0000
          5.9085
          8.7002
          4.4907
          8.0994
          9.1839
         55.3771
         16.5884
          0.4251
         -0.0685
          0.0000
          0.0000
          0.0000
         -0.7877
         -2.6444
         -2.9659
          0.0000
          0.0000
          0.0000
          0.0000
          0.0000
          0.0000
          0.0000
          0.0000
          0.0000
          1.4124
          3.4333
          0.0000
          6.5586
         -1.0546
         -2.9450
          0.0000
          0.0000
          0.0000
          0.0000
          0.0000
         25.5879
         18.4298
         19.7740
          0.0000
          0.0000
          0.0000
          0.0000
          4.2843
         31.7894
         54.6422
        163.6001
         15.2078
          0.0000
          0.0000
          5.0700
          0.0000
          0.0000
          0.0000
         -7.8598
          2.5173
         -3.7575
          0.0000
          0.0000
          0.0000
          0.0000
         29.0570
         27.8216
          0.0000
          0.0000
          0.0000
          0.0000
          0.0000
          1.6696
          5.3613
         18.0915
          4.9716
          0.0000
          0.0000
          0.0000
          0.0000
          0.0000
          0.0000
          0.0000
          0.0000
          0.0000
          0.0000
          0.0000
          0.0000
          0.0000
          0.0000
          0.0000
          0.0000
          0.0000
          0.0000
          0.0000
          0.0000
          0.0000
          0.0000
          4.4713
          0.0000
          0.0000
         11.8195
         78.2060
          8.6725
          6.0017
         -0.6135
         98.0416
          7.9980
         81.4543
         62.1412
         14.4502
         -7.7218
         15.5956
         26.5006
          5.9954
         35.5273
         -2.6013
          0.0000
          0.0000
          0.0000
          0.0000
          0.0000
         -6.5027
          0.0000
          0.0000
          0.0000
          0.0000
          0.0000
          0.0000
          0.0000
         -0.6281
          0.0000
          0.0000
         10.6482
         26.6306
         86.8273
         86.3993
         12.5763
        -13.5026
         12.5816
          8.2235
         16.0879
         22.0161
         34.0087
         36.5859
        175.9181
         72.4180
          0.0000
          0.0000
          0.0000
          9.4997
          0.6001
          9.1922
         12.9650
         -2.3743
         -3.1913
          9.3455
         10.2541
          0.0000
          0.0000
          0.0000
          0.0000
          0.0000
          0.0000
          0.0000
          0.0000
          0.0000
          0.0000
          0.0000
          0.5134
         27.2939
          8.1375
          6.4414
          0.0000
          2.0172
          5.8362
         20.2540
         26.8305
         73.9400
         -2.3374
          6.0125
         33.0323
         19.1386
         -4.7326
         -6.7281
          0.0000
         35.0770
          0.0000
          0.0000
          0.0000
          0.0000
          0.0000
          0.2925
          0.0000
         -2.5470
          0.0000
          0.0000
          0.0000
          0.0000
         10.6789
          9.2187
         -5.3862
         -3.7798
         -4.2382
          4.0509
          0.0000
          0.0000
          0.0000
          0.0000
          0.9261
          1.7841
         -1.0481
          0.2857
          0.0000
          0.0000
          0.0000
          0.0000
          4.3099
         -1.7530
          0.0000
          0.0000
          0.0000
          0.0000
          0.0000
          0.0000
          0.0000
          0.0000
          0.0000
          0.0000
          0.0000
          0.0000
          0.0000
          0.0000
          0.0000
          0.0000
          0.0000
          0.0000
          0.0000
          0.0000
          0.0000
          0.0000
          0.0000
          0.0000
          0.0000
          0.0000
          0.0000
          0.0000
          0.0000
          0.0000
          0.0000
          0.0000
          0.0000
          0.0000
          0.0000
          0.0000
          0.0000
          0.0000
          0.0000
          0.0000
          0.0000
          0.0000
         23.0835
         27.8842
         10.4774
          0.0000
          0.0000
        -11.2922
         -1.8769
         13.2166
         12.2126
          6.4253
          0.9972
         12.5446
         62.6396
         20.2806
          0.0000
          9.7822
          0.0000
          0.0000
          0.0000
          7.2582
          4.5162
          0.0000
          2.2406
         33.5244
          1.2746
          0.0000
          0.0000
          0.0000
          0.0000
          0.0000
          0.0000
          0.0000
          0.0000
          0.0000
          0.0000
          1.4114
          3.1988
         -2.0736
          0.0000
          0.0000
          0.0000
          0.0000
          0.0000
          0.0000
          0.0000
          0.0000
          0.0000
          0.0000
          0.0000
          0.0000
          0.0000
          0.1839
         30.7821
          6.9809
          0.0000
          0.0000
          0.0000
          0.0000
          0.0000
          0.0000
          0.0000
          0.0000
          0.0000
          0.0000
          0.0000
          0.0000
          0.0000
          0.0000
          0.0000
          3.4814
         -0.0333
         -1.4280
          0.0000
          0.0000
          0.0000
          0.0000
          0.0000
        -13.7905
         -2.8280
          4.0211
          0.0000
          0.0000
          0.0000
          0.0000
         10.7607
         19.5345
          0.0000
          0.0000
          0.0000
          0.0000
          0.0000
          0.0000
          0.0000
          0.0000
          0.0000
          0.0000
          1.7766
          0.0000
          0.0000
          0.0000
         -0.0892
          0.0000
          0.0000
          0.0000
          0.0000
          0.0000
          0.0000
          0.0000
          0.0000
          0.0000
          0.0000
          0.0000
         11.2182
          6.9981
          0.0000
          0.0000
          5.0639
          1.4081
          0.0000
         10.7292
         10.6964
          0.0000
          0.0000
          0.0000
          0.0000
          0.0000
          0.0000
          0.0000
          0.0000
          0.0000
          0.0000
          0.0000
          1.4030
         -2.4764
          0.0000
          0.0000
          3.3338
          2.2733
          4.9356
          7.6809
          0.0000
         31.6873
          0.0000
          0.0000
          0.0000
          0.0000
          0.0000
          5.1266
          0.0000
          0.0000
          0.0000
          0.0000
          0.0000
          0.0000
          0.0000
          0.0000
          0.0000
          0.0000
          0.0000
          0.0000
          0.0000
          0.0000
          0.0000
          0.0000
          0.0000
          0.0000
          0.0000
          0.0000
          0.0000
          0.0000
          0.0000
          0.0000
          0.0000
         -5.6498
          0.0000
          0.0000
         13.5542
          7.6832
         11.9019
        140.1517
         45.7310
          0.0000
          0.0000
          0.0000
         39.2573
         24.9485
         35.9559
         24.7551
          0.0000
          0.0000
          0.0000
          0.0000
          0.0000
          0.0000
          0.0000
          0.0000
          0.0000
          0.0000
          0.0000
          0.0000
          0.0000
          0.0000
          0.0000
          0.0000
          5.2636
        -17.6123
          0.0000
          0.0000
          3.1884
          3.4151
          0.8474
        -10.9840
         -6.8446
          0.0000
          0.0000
          4.6279
         19.0154
         14.5124
          3.3059
          4.9957
          0.0000
          0.0000
          0.0000
          0.0000
          0.0000
          0.0000
          8.3544
         25.2330
        168.1534
        125.7483
          0.0000
          0.0000
          0.0000
         32.4061
         37.9954
         18.5493
         23.9995
         88.0418
          0.0000
          0.0000
          0.0000
          0.0000
          0.0000
          0.0000
         -0.5834
         -9.1661
         -0.5290
          0.0000
          0.0000
          0.0000
          0.0000
          0.0000
          5.1394
         17.5009
         16.6413
          6.4470
          0.0000
          0.0000
          0.0000
          0.0000
          9.3827
         10.8870
          8.7148
         11.3113
         10.6440
          0.8642
          0.0000
          0.0000
          0.0000
          6.7696
          2.8965
          8.6743
         28.3323
          6.4606
          0.0000
          0.0000
          1.0108
          4.6714
         -0.5030
          0.3548
          0.8960
          0.0000
        140.4339
        127.8260
         92.5814
          0.0000
          0.0000
          0.0000
          0.0000
          0.0000
          0.0000
          0.0000
         23.7802
          4.5340
          0.0000
          0.0000
          0.0000
          0.0000
          0.0000
         12.2664
         33.8765
        111.4630
          0.0000
          0.0000
          7.4194
          5.4865
          0.0000
          0.0000
         13.0350
          9.3203
          0.0000
          0.0000
          0.0000
          0.0000
          0.0000
          0.0000
         17.4811
         24.9723
        -11.1160
          4.6150
         12.5946
         14.2887
        170.4253
         18.8253
         22.5855
         11.3810
        -25.2108
         15.9740
         22.9114
         11.0953
         94.8435
        232.3821
        -21.5202
          0.0000
         17.0481
          0.0000
          0.0000
          0.0000
          0.0000
          1.3726
          0.0000
          0.0000
          0.0000
          0.0000
          0.0000
          0.0000
          0.0000
          1.3060
          0.0000
          0.0000
          0.0000
          0.0000
         16.3892
         21.1860
          5.0531
         17.7346
        165.3922
        247.8452
        140.3310
          0.0000
          0.0000
         18.5937
         76.2151
        156.6633
        134.4730
          0.0000
          0.0000
          0.0000
          0.0000
          0.0000
          0.0000
          0.0000
          0.0000
          0.0000
          0.0000
          0.0000
          0.0000
          0.0000
          0.0000
          0.4088
         21.7706
         64.7761
        169.7548
         42.4978
          0.0000
          0.0000
          0.0000
          1.6018
         -1.3718
         52.9869
          0.0000
          0.0000
          9.2330
         13.5084
         -1.5044
         13.1814
         98.6641
        175.9077
         57.4367
         79.0883
        130.1653
         23.8390
          5.7324
         16.2846
        101.8078
        271.1132
         30.7457
          0.0000
         14.6474
          5.9831
          3.9737
        -13.1668
         97.9419
        459.4688
        344.3214
          0.0000
          9.3352
          0.0000
          0.0000
          6.4993
         -1.5628
        121.6009
        243.5886
         90.8745
         47.6282
         54.1260
        202.3306
        346.4627
        392.0560
          0.0000
          0.0000
          0.0000
          0.0000
          0.0000
          0.0000
          0.0000
          0.0000
          0.0000
          0.0000
          0.0000
          0.0000
          0.0000
          0.0000
          0.0000
         20.7996
         21.6702
          7.9995
         66.3132
         28.0762
          2.3505
          5.5536
          0.3194
          0.0000
          0.0000
          0.0000
          0.0000
          9.1385
         18.5723
          3.5636
         13.9401
          6.2651
         -0.8078
         18.1192
         25.8009
         12.5072
          8.7111
         19.6468
         28.6009
        138.5083
        264.5653
         19.4872
          0.0000
          0.0000
          0.0000
          0.0000
          0.0000
          0.0000
          0.0000
          0.0000
          0.0000
          0.0000
          0.0000
          0.0000
          0.0000
         11.6751
        114.3599
        142.1830
          0.0000
          0.0000
          0.0000
          0.0000
         34.2213
         56.7748
         16.7198
          0.0000
          0.0000
          5.1106
          1.8751
          1.9952
          2.9556
         -1.9550
          0.0000
          0.0000
          0.0000
          0.0000
          0.0000
          0.0000
          0.0000
          0.0000
          0.0000
          0.0000
          0.0000
          0.0000
          0.0000
          0.0000
          0.0000
          0.5126
          0.0000
          0.0000
          0.0000
          0.0000
          0.0000
          0.0000
          4.3224
         14.4265
          9.0277
          4.5253
         19.9828
         39.5502
         34.7047
         -6.4212
          9.0440
         23.0440
         76.0624
        329.6268
        368.3793
        397.4748
        265.5410
         76.3713
          0.0000
          0.0000
         45.7167
         66.8046
          0.0000
         40.1828
         36.7092
          0.7321
          8.8942
         -3.3079
         76.2262
         29.8358
         30.5159
         -5.7573
         -0.4650
          0.0000
         11.9075
         23.6104
          5.0513
          0.0000
          0.0000
          2.4761
         -4.3089
          0.0000
          0.0000
          0.0000
          0.0000
          0.0000
          0.0000
         56.0722
         71.3310
          0.0000
          0.0000
          0.0000
          0.0000
          0.0000
          0.0000
          0.0000
          0.0000
          9.9287
          8.8493
         86.2181
        194.4533
          0.0000
          0.0000
         55.8805
        210.4782
        312.7785
        376.0256
        129.9445
          5.4331
          0.0000
         76.8356
        207.9485
          0.0000
          0.0000
         45.4296
         23.2178
          0.0000
          9.9154
          8.1737
         14.5289
          3.6027
          9.7444
         24.5149
         19.5683
          0.0000
          0.0000
          0.0000
          0.0000
          0.0000
          0.0000
          0.0000
          0.0000
          0.2233
          0.0000
          0.0000
          0.0000
          0.0000
          0.0000
          0.0000
          0.0000
        -14.8689
         -1.4850
          4.1025
          0.0000
          0.0000
          0.0000
          0.0000
          0.0000
        -10.4761
          0.0000
          0.0000
          0.0000
          0.0000
          6.0091
          7.8484
         -2.5253
          0.0000
          0.0000
          3.6209
          0.0000
          0.0000
         10.0006
         27.2672
        221.4137
         11.9939
          0.0000
          2.6401
          0.0000
          0.0000
         32.0737
        107.8989
          0.0000
          0.0000
          0.0000
          0.0000
         98.4731
        122.4232
          0.0000
          0.4680
          0.0000
         15.6162
          0.0000
          0.0000
         35.1537
         14.9653
         11.6752
         36.1415
        210.6150
          0.0000
          0.0000
          0.0000
          0.0000
          0.0000
          0.0000
          0.0000
          0.0000
          0.0000
          0.0000
          0.0000
          0.0000
          7.3553
          0.0000
          2.3670
          0.0000
          0.0000
          4.2710
         12.2446
         12.2711
          0.0000
          0.0000
          0.0000
          1.6784
         -6.0837
         -5.0844
          0.0000
          0.0000
          0.0000
          0.0000
         15.0220
          9.0860
          0.0000
          2.8442
          4.6395
          0.0000
          6.2008
         17.0514
        110.4160
        178.9213
          0.0000
          0.0000
          0.0000
          0.0000
         24.6403
         31.8807
          7.2149
          0.0000
          0.0000
          7.8303
         19.2461
         41.0101
         18.2639
         68.7669
         40.1189
          0.0000
          0.0000
          0.0000
          0.0000
         15.6699
          0.0000
          0.0000
          0.5640
          0.0000
          0.0000
          0.0000
         16.8322
         16.0242
          6.2449
         21.7748
         32.4529
         36.0317
        215.2092
         29.5934
         88.8381
          1.3755
         -7.5137
          0.6980
          8.1649
         24.7060
         61.0602
          0.0000
          0.0000
         24.0523
         23.9588
         15.5053
         -0.9273
          0.0000
          0.0000
          0.0000
          0.0000
          8.5978
          4.7383
         16.2804
          0.0000
          0.0000
         -0.5619
          0.0000
          0.0000
          0.0000
          0.0000
          4.7429
          6.6938
          0.0000
          0.0000
          0.0000
          0.0000
         26.8334
         24.2106
         20.6540
         15.8291
          0.0134
         -5.4951
         -2.4657
          8.6887
         21.0230
         85.7168
         79.8415
         54.6878
         57.0149
         50.3700
          0.0000
          0.0000
         16.3997
          0.0000
         90.4625
         89.4968
         16.3845
          0.0000
          0.0000
          0.0000
          0.0000
          0.0000
          0.0000
          7.4203
         15.4272
        106.8401
         21.0771
          0.9079
          0.0000
          0.0000
          0.0000
         16.8241
          0.0000
         -2.0932
          9.8911
          8.1340
         32.4637
         27.5783
         82.3197
        126.0031
        190.8935
        130.1309
         41.4514
          0.0000
          0.0000
          0.0000
          0.0000
          3.9297
          0.0000
         -3.9535
          0.0000
          5.6425
         24.3588
         13.3073
          4.2098
         18.7015
          0.0000
          0.0000
          0.0000
          0.0000
         35.0781
          9.9660
          0.4707
          5.6445
          0.0000
          0.0000
          0.0000
          0.0000
         27.9310
          8.7442
        190.1720
        179.3351
         41.3381
          0.0000
          0.0000
          0.0000
          9.3460
          9.6760
        130.9370
         95.4299
          0.0000
          0.0000
          0.0000
          0.0000
         14.4753
         10.1554
         13.4874
         22.4802
         31.7631
         27.1334
         27.1334
