          0.0000
          0.0000
          0.0000
          0.0000
          0.0000
          0.0000
         -7.8981
          0.0000
          0.0000
          0.0000
          0.0000
          0.0000
          0.0000
          0.0000
         -4.9907
          0.0000
          0.0000
          0.0000
          2.1386
         11.7866
         11.7037
          0.0000
          0.0000
          0.0000
          0.0000
          0.0000
          0.0000
          0.0000
         12.9455
          1.7439
         -1.5916
          0.0000
          0.0000
          1.0389
          1.3708
         20.3136
         22.5078
         21.4816
         64.5506
          0.0000
          0.0000
          0.0000
          0.0000
         22.4967
          5.3406
         -1.6942
         -1.1300
          0.0000
          0.0000
          0.0000
          0.6851
         18.9506
         39.2789
         94.0235
        135.0325
         21.5899
          0.0000
          0.0000
          0.0000
          0.0000
          7.8633
          5.9592
         67.3753
         75.4055
         27.1715
          5.0924
          6.3224
          0.0000
          0.0000
          0.0000
          0.0000
         17.0965
          7.4968
         -2.8693
         10.3895
         62.8093
         36.3366
          2.2880
         36.0202
        105.6048
        108.1913
        117.6399
         81.0757
         23.5263
          0.0000
          0.0000
          0.0000
          0.0000
          0.0000
          0.0000
          0.0000
          0.0000
          0.0000
          0.0000
         52.7038
         83.3765
         36.9052
         71.7328
        120.4325
         99.3420
         52.2755
         -0.2106
         -1.7209
          0.0000
          0.0000
          0.0000
          0.0000
          0.0000
          0.0000
          0.0000
         19.6903
         23.1226
         47.2282
          0.9798
         -1.0002
          0.0000
          3.8867
          4.3980
         15.1667
         22.7695
          0.0000
          0.0000
          0.0000
          0.0000
          5.9431
          0.0000
          0.0000
          0.0000
          0.0000
          0.0000
          5.2267
          0.0000
          6.2249
         51.5439
          9.0743
          0.0000
          0.0000
          0.0000
          2.4055
         13.7389
         15.9625
        138.8547
          0.0000
          0.0000
          0.0000
         25.0017
         23.8977
         24.8019
         34.6083
         94.0896
          1.6293
         -0.0845
         10.4375
         45.2478
         43.1485
          0.0000
          0.0000
          0.0000
          0.0000
          0.0000
          4.2496
         21.0049
          0.0000
          0.0000
          0.0000
          0.0000
         -1.8232
          0.0000
          0.0000
          0.0000
          0.0000
          0.0000
          7.0050
          3.3154
          0.0000
          0.0000
          0.0000
          0.0000
          0.0000
          9.7634
         11.8127
          0.0000
          0.0000
          0.0000
          0.0000
          0.0000
          2.5489
         14.9971
          7.2361
          0.0000
          0.0000
          0.0000
         16.2164
         12.6511
         24.0065
          8.3267
          9.6553
         14.5814
         67.1070
         59.8395
         82.9757
         93.1193
         66.0913
         74.6701
         -7.5211
          0.0000
          0.0000
         64.7370
         28.7554
          8.4248
          8.5951
         -4.7559
         -2.3313
         -2.0257
        102.6785
        122.2138
         21.5504
          6.7034
         31.1240
         35.5419
         27.0913
          0.0000
         43.6249
         76.2703
          3.9543
         13.4194
          0.0652
         -0.0937
         -0.0987
          0.0000
          0.0000
          0.0000
          0.0000
          0.0000
          0.0000
          0.0000
          0.0000
          0.0000
          0.0000
          0.0000
          0.0000
          0.0000
          0.6154
          0.8828
         10.0482
         19.6838
         95.2696
         20.0265
          0.0000
          0.0000
          5.7123
          5.8234
          7.8588
          0.0000
         36.2695
          0.0000
          0.0000
          0.0000
          0.0000
          2.5511
         36.2275
         -0.3669
          0.0000
          0.0000
          0.0000
          0.0000
          0.0000
          0.4880
          8.0459
          2.5740
          0.0000
         50.8756
        121.7426
         80.9238
         32.6765
          0.0000
          0.0000
          0.0000
         -6.1381
         96.6929
         28.3335
          2.4805
         -4.6580
          0.7933
        -12.6052
          0.0000
          0.0000
        170.6836
          0.0000
         17.5364
          3.8261
          0.0000
          1.3020
          0.0000
         36.0982
         18.5158
          5.1488
         -1.9362
          7.3388
          7.4003
         -0.8453
        192.4695
        204.4477
         99.5382
          0.0000
          0.0000
          2.3337
          5.2495
          9.4996
         13.3081
          3.6261
          0.0000
          0.0000
          0.0000
          3.6478
          0.0000
          3.3237
          0.0000
         -0.8552
         -0.0992
         15.7729
         20.6710
         21.9315
         34.8223
         41.3500
         17.0119
         79.2857
         56.8938
         30.8218
          4.2798
         16.2572
        133.8893
        167.4464
         33.3574
         -3.9092
          0.0000
          0.0000
          0.0000
         18.9865
         84.4631
         74.7038
          0.0000
         -2.6117
          0.0000
         18.1580
         11.6066
          1.5696
         -3.3966
        -18.4559
        -29.5305
         12.9029
         33.0368
          3.6644
         31.3095
        101.9368
         93.9714
         32.4254
         23.1558
          0.0000
         17.4587
         36.1477
         25.0607
         12.5123
         16.8942
         17.2097
         27.9047
        125.4034
         67.3481
         -2.2689
          0.0000
          0.0000
          0.0000
          4.4337
          0.0000
         52.1177
         94.1480
         43.7043
         -0.4709
         10.0040
          5.9116
         -0.5503
         -6.7381
        124.0723
        169.2614
         27.2283
          0.0000
          0.0000
          1.8941
         34.3412
          2.8899
         37.4132
         28.4369
          0.0000
          0.0000
          0.0000
          0.0000
          0.0000
          0.0000
          2.0164
          0.2155
          3.3593
          0.0000
          3.2530
         19.9022
         26.6487
          9.0316
          0.0000
          0.0000
          5.7335
         29.9665
         85.2674
        149.8806
         73.5237
          0.0000
          0.0000
          0.0000
          0.0000
          0.0000
          0.0000
         17.3004
         19.7475
         76.7038
         26.0344
          0.0000
          0.0000
          0.0000
         11.0441
         20.2795
         23.7891
         96.5703
          0.0000
          0.0000
          0.0000
          2.1133
         14.0421
         11.8554
         16.6550
         72.6868
          0.0000
          0.0000
          0.0000
          0.9449
          9.9774
         11.8440
         12.3077
          4.9429
        126.1646
          0.0000
          0.0000
          0.0000
         46.5968
         43.6571
         80.4015
        179.8156
         88.5625
          8.7374
          0.0000
          0.0000
          0.0000
          0.0000
          0.0000
          0.0000
          1.4646
          0.0000
          0.0000
          0.0000
          0.0000
          0.0000
          8.0052
          0.0000
         20.5122
         27.9375
          0.0000
          0.0000
         17.0213
         40.1276
         28.5555
         20.3906
         41.1699
         56.9880
        198.7456
        204.3664
        161.0320
         97.5301
         49.7041
          0.0000
          0.0000
          0.0000
          0.0000
          0.0000
          0.0000
          0.0000
          0.0000
          0.0000
          9.3871
          5.4133
         11.3918
         19.2341
         15.1855
         11.5733
         49.9085
         58.3318
          9.7951
         34.3752
          0.0000
          5.4148
         35.2350
         67.9521
          0.0000
          0.0000
         64.0538
         31.2944
          0.0000
          0.0000
          0.0000
          0.0000
          7.0398
          1.2511
         -1.6205
          0.0000
          0.0000
          0.0000
          0.0000
          0.0000
          3.7437
          9.1244
         79.4704
        156.2218
        168.3120
        162.7085
        133.7814
        159.4786
        176.6755
          4.6180
          0.0000
          0.0000
          0.0000
          0.0000
          0.0000
          0.0000
          0.0000
          0.0000
          0.0000
         -3.6529
         -0.6090
          0.0000
          0.0000
          0.0000
          0.0000
          0.0000
          0.0000
         59.1269
          7.8391
        -19.6956
          6.7830
         17.2944
          7.0601
        105.8591
        196.5182
        132.8620
        143.8874
        141.6018
        158.9751
        137.6295
         94.7853
         26.5642
          0.0000
          0.0000
          0.0000
          0.0000
          0.0000
          0.0000
          0.0000
          2.3705
         51.4857
         25.2842
        -17.3733
          0.0000
          0.0000
          0.0000
         19.7657
         87.5159
         42.3376
          1.7545
          2.2301
          0.0000
          0.0000
          0.0000
          0.0000
          0.0000
          0.0000
          0.0000
          0.0000
          0.0000
          0.0000
          0.0000
          0.0000
          0.0000
         -0.3277
          0.0000
          0.0000
          0.0000
          0.0000
          0.0000
          2.3006
          0.0000
          0.0000
          0.0000
          0.0000
         23.8628
         12.5531
         20.1256
          0.0000
          0.0000
          0.0000
          0.0000
          0.0000
         18.9101
         51.6603
        118.5154
        121.8086
        115.7258
          0.0000
          0.0000
          3.6919
          5.0975
         12.6058
        119.0704
        114.4711
          1.1679
          0.0000
          0.0000
          0.0000
         12.4556
         19.4968
        119.3158
        112.3675
          0.0000
          0.0000
          0.0000
          8.7190
         33.8325
         22.9790
         30.0212
         -9.9816
         52.7686
         15.6498
         23.3934
         30.3226
         13.8524
         19.5138
         69.4947
         29.0685
          0.0000
          2.1998
         80.6277
         37.7625
         10.3208
          8.4419
         38.4709
         94.7355
         56.0477
         11.2727
          0.0000
          0.0000
          0.0000
          0.0000
          0.0000
          0.0000
          0.0000
          0.0000
          0.0000
          0.0000
          0.0000
          0.0000
          0.0000
          7.4394
          3.8988
         19.7818
         33.3053
         22.8655
         38.1138
         30.4687
         40.0669
        104.7532
         97.5223
          0.0000
         84.1840
        100.1534
        146.1682
         39.3885
          0.0000
          0.0000
          0.0000
          0.0000
          0.0000
          0.0000
          0.0000
          0.0000
          0.0000
          0.0000
          0.0000
         16.9361
         15.2120
        -15.1342
         -0.0518
          0.0000
          0.0000
          5.3032
          0.0000
         -3.2949
         -1.3997
          3.5274
         35.6266
         76.7242
          0.0000
          0.0000
          0.0000
         12.0071
         -1.6120
         15.7487
         15.3098
         27.0494
         63.8214
        114.8941
        224.4229
         54.8717
          0.0000
          0.0000
          0.0000
          0.0000
          0.0000
          0.0000
          0.0000
         88.4357
         73.0657
          0.0000
          0.0000
          0.0000
          0.0000
          0.0000
          0.0000
         -0.7235
          0.0000
          0.0000
          0.0000
          0.0000
          0.0000
          9.5676
         -3.7532
         32.7236
          6.2292
         -1.4538
          0.0000
          0.0000
          0.0000
          6.5615
          4.8644
         36.0689
         81.8065
         56.0145
        -21.3242
         -4.2781
          0.0000
          1.8398
          0.0000
          0.0000
          0.0000
          3.7180
          0.0000
          0.1975
         10.4692
          4.5256
          0.0000
          0.0000
          0.0000
          2.5304
         54.5089
          4.8442
         -3.0526
         16.0850
          2.2410
          1.1488
          2.8574
          8.4961
          0.6663
         -0.4524
         27.6844
         28.2858
         63.9859
         10.6345
          5.1769
         24.2330
         69.1939
         21.0068
          0.0000
          0.0000
          3.7873
         20.6530
          0.3426
          1.4711
          0.0000
          0.0000
          0.0000
          0.0000
          0.0000
         -1.6923
         -0.3114
          6.2394
          7.6354
          4.5878
          0.0000
          0.0000
          0.0000
          0.0000
          2.1616
         15.8495
        110.3354
        145.0536
         43.4494
          0.0000
          0.0000
          0.0000
          0.0000
          8.1293
         -6.1052
        131.9457
        112.4765
         36.5296
         93.1836
        196.3668
        122.0717
          0.0000
          0.0000
          0.0000
          0.0000
          0.0000
          0.0000
         -3.7478
         -1.8717
          5.3113
         12.8236
          5.4900
          3.1287
          0.0000
          0.0000
          0.0000
          0.0000
          0.0000
         10.3066
         19.3440
          6.7402
         45.2641
        151.6241
        111.7379
          0.0000
          0.0000
          0.0000
          0.0000
          0.0000
          0.0000
          0.0000
          0.0000
          0.0000
          0.0000
          0.0000
          6.9357
          8.1640
         34.2635
         -0.0277
         13.4210
         19.2886
         -1.0533
         -6.5737
          5.3210
          1.5555
          4.9166
         36.4854
          0.0000
          0.0000
          0.0000
         65.9745
         86.8814
         74.7174
         10.6514
          0.0000
         31.9501
          0.0000
          0.0000
          0.0000
          0.0000
          0.0000
          4.3716
         16.6512
         57.8851
         10.8072
         27.2762
         59.5375
         16.1410
          0.0000
         14.7075
         54.5407
        144.2907
         32.2872
          0.0000
          0.0000
          0.0000
          0.0000
         11.5803
          0.0000
         18.4128
          0.0000
          1.1776
         25.6927
         51.4190
         16.3239
         15.1906
         21.5059
        141.9439
        138.7553
          2.7529
         19.5479
          8.0785
          5.5366
          1.0408
          0.0000
         28.6586
         21.7574
          0.0000
          0.0000
         11.0932
         10.4817
         -6.5718
         51.9270
        102.3507
          0.0000
          0.0000
          0.0000
          0.0000
          0.0000
          2.4657
          0.0000
          0.0000
          0.0000
          0.0000
          0.0000
          0.0000
          0.0000
          1.3555
          0.0000
          0.0000
          0.0000
          0.0000
          0.0000
          8.7512
         33.8463
         26.5513
          5.3790
         12.6736
         69.6190
         73.6328
         42.2095
         45.2523
         69.8751
         62.6996
         25.8938
         -4.2169
          0.0000
          0.8745
          3.5902
          5.4277
          0.0000
          0.0000
          0.0000
          0.0000
          0.0000
          1.7214
          9.4203
         12.6445
          8.4327
          1.1182
          0.0000
          0.0000
         20.5967
          8.5223
         29.3604
        141.3033
        149.6221
        125.0397
        140.7753
         64.0396
          3.9164
         -3.5891
          0.0000
          0.0000
          0.0000
          0.0000
          0.0000
         -3.6165
         15.4125
         67.7706
         39.3082
          0.0000
          0.0000
          0.0000
          0.0000
          0.0000
          0.0000
          0.0000
          0.0000
          0.0000
          0.0000
          0.0000
          0.0000
         -2.2578
         -0.3490
          4.3280
          0.0000
          0.0000
          0.0000
          0.0000
          0.0000
          0.0000
          0.0000
          7.3738
         25.4830
         49.5176
         84.2929
        140.4361
        199.9092
        138.6038
         69.6691
          0.0000
          0.0000
          0.0000
          0.0000
          2.1589
          0.3400
         -2.5224
         27.5475
         26.4743
         26.9909
         41.6808
         62.8588
         60.0693
         58.2100
        118.3491
         69.3710
          0.0000
          0.0000
          0.0000
          0.0000
          0.0000
          0.0000
          0.0000
          0.0000
          3.6041
          0.0000
          0.0000
          8.5152
         16.2545
         15.4246
         35.7947
         57.9642
         32.2904
         -8.9024
          0.0000
          0.0000
          0.8650
          0.0000
          0.0000
          0.0000
          0.0000
          0.0000
          0.0000
          2.9672
          9.1764
          0.0000
          0.0000
          0.0000
          3.4525
         15.8821
         19.1037
         17.6753
         -2.4897
        130.1112
         90.6001
          0.0000
          0.0000
          0.0000
          0.1133
          0.0000
          0.0000
          0.0000
          5.9325
          1.4951
          0.0000
          0.0000
          0.0000
          0.0000
          0.0000
          0.0000
         -0.5781
          0.0000
          0.0000
          0.0000
          5.4117
          8.4738
         31.0429
         45.8607
          9.6312
         -1.3519
          0.0000
          0.0000
          0.0000
          0.0000
          0.0000
          0.0000
          0.0000
          0.0000
          0.0000
          0.0000
         10.4264
          3.9568
          6.6981
          1.1163
         87.8035
         81.5575
          0.2795
         -9.6800
          0.0000
          0.0000
          8.3474
          1.6902
         34.5726
          9.8439
          9.9808
         -2.6885
         -1.1508
          0.0000
          0.0000
          0.0000
          0.0000
          0.0000
          0.0000
          0.0000
          0.0000
         75.9698
         62.7228
         53.8862
         97.2045
         11.2039
         -3.3038
          0.0000
          1.2258
          0.0000
          2.4184
          0.0000
          0.0000
          0.0792
          5.6036
          3.4568
         21.0195
         28.2241
         16.2655
         21.5855
         17.4765
         91.5721
         21.4053
         15.5221
         22.8146
         13.1452
          0.2963
          0.0000
          0.0000
          0.0000
          0.0000
          0.0000
          0.0000
          0.0000
          0.6026
          0.0000
          0.0000
          0.0000
          5.1248
         15.1745
         20.1168
         15.6182
         28.3631
         30.5180
         76.9041
         18.1688
         17.1032
         13.1007
          0.0000
          0.9481
         53.1198
         97.4903
          0.0000
          0.0000
          0.0000
          0.0000
          0.0000
          0.0000
          3.2287
          0.0000
         -3.2848
         13.6895
          0.0000
          0.0000
          0.0000
          0.0000
          0.0000
          0.0000
          0.0000
          0.0000
          0.0000
          3.1769
          8.2443
          0.0000
          0.0000
          0.0000
          0.0000
          0.0000
          0.3105
          0.9106
          0.1661
          0.0000
          0.0000
          0.0000
          0.0000
          0.0000
         10.4753
         40.3160
         38.2736
         14.1917
         10.3593
          0.0000
          0.0000
          0.0000
          0.0000
          2.1325
          7.9108
         16.8506
          4.3700
          0.0000
          0.0000
          0.0000
          0.0000
          0.0000
          0.0000
         10.9708
          6.9422
         25.5296
         70.9514
         32.0263
          0.0000
          0.0000
          0.0000
          0.0000
          4.2439
          0.0000
          0.0000
          0.0000
          0.0000
          0.0000
          0.0000
          0.0000
          0.0000
          0.0000
          0.0000
          0.0000
          0.0000
          0.0000
          0.0000
          0.0000
          0.0000
          0.0000
          0.0000
          0.0000
          5.4449
          2.1221
          0.0000
          0.0000
          0.0000
          0.0000
          0.0000
          0.0000
          0.0000
         28.1299
         24.6683
          8.2849
         62.0934
         65.1070
        135.5112
        161.4171
          0.0000
          0.0000
          0.0000
          0.0000
          0.0000
          0.0000
          0.0000
          0.0000
          0.0000
          0.0000
          0.0000
          0.0000
          0.0000
          0.0000
          0.0000
          0.0000
          0.0000
          0.0000
          0.0000
          0.0000
          0.0000
          0.0000
          0.0000
          0.0000
          0.0000
          0.0000
          1.2704
          0.0000
          0.0000
          0.2254
        -10.3705
         -6.5517
          0.0563
         13.7180
         10.0799
         -1.7629
          0.0000
         22.0830
         10.8678
          0.0000
          0.0000
          0.0000
          0.0000
          2.6494
          8.1878
          3.9366
          0.0000
         21.0323
         16.9813
          5.2984
         24.5083
          0.6655
          0.0000
          0.0000
        127.5661
         34.2041
          0.0000
          0.0000
          0.0000
          7.5360
        100.3136
        153.8071
         25.7464
          0.0000
          0.0000
          0.0000
          2.3737
          5.8588
          8.7232
          7.9159
          8.1078
         44.9718
        132.1601
         64.6116
          5.4346
          0.0000
          0.0000
          0.0000
          0.0000
         16.1378
         16.8819
          2.7690
          4.3790
          0.0000
          0.0000
          0.0000
          0.0000
          0.0000
          0.0000
          0.0000
         16.7192
          0.0000
          0.0000
          0.0000
          0.0000
          0.0000
          0.0000
          0.0000
          0.0000
          0.0000
          0.0000
          5.8301
         12.1373
          0.1694
          0.0000
         19.3607
          6.2159
          5.9012
         13.2056
          7.8682
          0.0000
          0.0000
          3.5963
          6.1160
          4.9691
         10.3850
         63.5975
         53.8819
         44.6170
          0.0000
          0.0000
          0.5200
          0.0000
          0.0000
          3.1080
          0.0000
          0.9222
          7.8955
         22.5764
         36.1078
         15.0305
         13.0892
          5.6917
        -17.6457
          4.2478
         92.6538
          5.3186
         45.2828
         21.8246
         56.1153
         69.2829
         40.2187
         -4.7264
         -0.6757
          2.8661
          0.0000
         19.6496
         61.7836
          9.9214
          1.8954
          5.7410
         -0.0298
          2.3132
          0.4894
          0.8895
          0.6198
          6.3643
          7.7192
         -1.4737
          0.0000
          0.0000
          0.0000
          0.0000
          0.0000
          2.7934
          0.0000
          0.0000
          0.0000
          5.9226
         14.6094
         43.1936
        122.0941
         84.4221
          0.0000
          0.0000
          0.0000
          0.0000
         15.9818
         18.8999
          8.2405
          4.7242
          0.0000
          0.1443
          0.0000
          0.0000
          0.0000
          0.0000
          0.0000
          0.0000
          0.0000
          0.0000
          0.0000
          0.0000
          0.0000
          0.0000
          0.0000
          2.3583
          0.0000
          0.0000
          0.0000
          0.0000
          0.5973
          0.9709
          0.0000
          0.0000
          0.0000
          0.0000
          0.0000
          2.5367
          2.2808
          1.9156
          6.1670
          5.3048
          0.0000
          0.0000
          0.0000
          0.0000
          0.0000
          0.0547
          8.2719
         30.8530
         44.2036
         35.8971
          0.0000
          0.0000
          0.0000
          7.1785
         30.6722
         42.6129
         19.8938
          0.0000
          0.0000
          0.0000
         12.9036
         18.3127
         -0.7167
          1.4573
         53.4979
         49.8393
          0.0000
         14.4761
         25.1439
         28.6587
         32.0247
         11.2947
          3.9311
         57.5074
          0.0000
          0.0000
          0.0000
          0.0000
          0.0000
          5.2763
          0.0000
          0.0000
         39.1167
          0.0000
          0.0000
          0.0000
          0.0000
          0.0000
          0.0000
          0.0000
          5.2563
         14.0888
         26.2486
         15.2914
          1.9809
         22.6521
          0.0000
          0.0000
          0.0000
          0.0000
         11.9331
         10.4214
          1.8093
          4.9221
          0.0000
          0.0000
          0.0000
          0.0000
         10.1169
          7.8280
          3.7295
          4.5331
          0.0000
          0.0000
          0.0000
          0.0000
         12.6155
          6.5193
         -3.2695
         -0.6467
          0.0000
          0.0000
          0.0000
          0.0000
          0.0000
          1.0183
          0.0000
          0.0000
          0.0000
          0.0000
          0.0000
          0.0000
          0.0000
          6.7728
          6.1156
          6.1045
          0.0000
          0.0000
          0.0000
          2.0083
         11.8210
         15.5938
         23.2090
         18.2893
          0.0000
          0.0000
          0.0000
          0.0000
         54.0659
         15.9957
          0.8988
          3.4753
          0.0000
          0.0000
          0.0000
          0.0000
          0.0000
          0.0000
          0.0000
          0.0000
          0.0000
          0.0000
          0.0000
          0.0000
          0.0000
          0.0000
          0.0000
          2.5836
          0.0000
          0.0000
          0.0000
          7.9690
         25.4722
         16.9799
         19.5129
          9.2001
          0.0000
          0.0000
          0.0000
          0.0000
          0.0000
          0.0000
          0.0000
         10.3544
          0.0000
          0.0000
          0.0000
          0.0000
          0.0000
          0.0000
          0.0000
          0.0000
         12.7433
         11.8400
          0.0000
          0.0000
          0.0000
          0.0000
          0.0000
          0.0000
         29.0961
          0.0000
          0.0000
          0.0000
          0.0000
          0.0000
          0.0000
          9.3865
          0.0000
         20.2572
          0.0000
          0.0000
          0.0000
          0.0000
          0.0000
          0.0000
          0.0000
          0.0000
          0.0000
          0.8285
          5.5190
         11.3082
          0.5387
          5.8551
         24.8357
         51.2117
          0.0000
          0.0000
          0.0000
          0.0000
          0.0000
          0.0000
          0.0000
          0.0000
          0.0000
          0.0000
          0.0000
          0.0000
          0.0000
          0.0000
          0.0000
          0.0000
          0.0000
          0.0000
          0.0000
          0.0000
          0.0000
          0.0000
          0.0000
          0.0000
          0.0000
          0.0000
          6.4705
          2.3297
          0.0000
          9.1980
          0.0000
         20.7881
         12.5682
          0.0000
          5.1851
         13.3140
         -2.2487
        -13.7187
          0.0000
          0.0000
         15.2407
         21.9045
         26.6675
         28.5256
         36.2874
         44.2444
          0.0000
          0.0000
          0.0000
          0.4404
          1.5795
          2.3556
          9.4758
          3.2224
         41.8026
         15.3618
          0.0000
          0.0000
          0.0000
          0.0000
          3.9265
         -6.1162
          0.0000
          0.0000
          0.6430
          0.0000
          0.0000
          0.0000
          0.0000
          4.5190
          4.5769
         11.7555
         12.4808
         10.0250
          4.8239
          0.5749
          0.0000
         14.8358
         46.9393
         93.7477
         13.6025
          0.0000
          0.0000
          8.4937
          1.9516
         -5.6433
          0.0000
          0.0000
          0.0000
          0.0000
          0.0000
          0.0000
          0.0000
          0.0000
          0.0000
          0.0000
          0.0000
          0.0000
          0.0000
          0.0000
          0.0000
          9.1950
          0.0000
          0.0000
          0.0000
          0.0000
         12.5979
          8.1060
          1.0010
         -9.1766
          0.0000
          0.0000
          0.0000
          0.0000
          0.0000
          0.0000
          0.0000
          7.7098
          0.5868
         25.0828
          0.0000
         12.7639
         39.8527
          0.0000
          2.6488
        149.9147
        114.3078
          0.0000
          0.0000
          0.0000
          0.0000
          0.0000
          0.0000
          0.0000
          0.0000
          0.0000
          0.0000
          0.0000
          0.0000
          0.0000
          0.0000
          0.0000
          0.0000
        -11.7349
          0.0000
          0.0000
          0.0000
          0.0000
          0.0000
          0.0000
          0.0000
          0.0000
          0.0000
          0.0000
          0.0000
          0.0000
          0.0000
          0.0000
          0.0000
          0.0000
          0.0000
          0.0000
          0.0000
          0.0000
          0.0000
          0.0000
          0.0000
          0.0000
          0.0000
          0.0000
          0.0000
          0.0000
          0.0000
          0.0000
          0.0000
          0.0000
          8.2570
         19.6000
         17.3066
          1.5676
          0.0000
          0.0000
          0.0000
          0.0000
          0.0000
          0.0000
          0.0000
          0.0000
          0.0000
          0.0000
          0.0000
          0.0000
          0.0000
          0.0000
          0.0000
          0.0000
          0.0000
          0.0000
          0.0000
          0.0000
          0.0000
          0.0000
          0.0000
          0.0000
          0.0000
          4.2529
          0.0000
          0.0000
          0.0000
          0.0000
          0.0000
          0.0000
          0.0000
          0.0000
          0.0000
          0.0000
         35.8385
          9.1573
         22.9863
         11.4346
         11.0933
          9.5228
         -0.2034
          0.0000
          0.0000
          0.0000
          2.9982
          0.9184
          0.5678
          0.8676
          2.6413
          0.0000
          0.0000
          0.0000
          0.0000
          0.0000
          7.8739
          7.3278
          0.0000
          0.0000
          0.0000
          0.0000
          0.0000
          0.0000
         10.7975
         82.5638
          0.0000
          0.0000
          0.0000
          0.0000
          0.0000
          0.0000
          0.0000
          0.0000
          0.0000
          0.0000
         25.8928
          0.0000
          0.0000
          0.0000
          0.0000
          0.0000
          0.0000
          0.0000
          0.0000
          0.0000
          0.0000
          0.0000
          0.0000
          0.0000
          0.0000
          0.0000
          0.0000
          0.0000
          0.0000
          0.0000
          0.0000
          0.0000
          0.0000
          0.0000
          0.0000
          0.0000
          0.0000
          0.0000
          0.0000
          0.0000
          0.0000
          0.0000
          0.0000
          0.0000
          0.0000
          0.0000
          0.0000
          0.0000
          0.0000
          9.9488
          0.0000
         26.7486
         39.2331
          0.5932
          0.0000
         14.8403
          0.0000
         84.1737
         24.6130
          0.0000
          0.0000
          0.0000
          9.5205
          5.8364
          0.0000
        173.3829
        100.7345
          0.0000
          0.0000
          1.9132
          1.9079
          6.1261
          0.0000
          0.0000
          0.0000
          0.0000
         10.2300
          9.3794
          0.0000
          0.0000
          0.0000
          0.0000
          0.0000
          0.0000
          0.0000
          0.0000
          0.0000
          0.0000
          0.0000
          0.0000
          0.0000
          0.0000
          0.0000
          4.4458
          4.1535
          0.0000
         31.5352
         16.5794
          0.0000
          0.0000
          0.0000
          1.8279
          1.6843
          6.8306
          0.0000
          0.0000
          0.0000
          0.0000
          0.0000
          1.5812
          0.4965
          0.0000
          0.0000
          0.0000
          0.0000
          0.0000
          0.0000
          0.0000
          0.0000
          0.0000
          0.0000
          0.0000
          0.0000
          0.0000
          0.0000
          0.0000
          0.0000
          0.0000
          0.0000
          0.0000
          0.0000
          0.0000
          0.0000
          4.8229
          2.1479
          0.2899
         18.3476
         51.8776
          0.0000
          0.0000
          0.0000
         18.1429
         57.7519
          3.0546
          0.0000
          0.0000
          0.0000
          0.0000
          0.0000
          0.0000
          0.0000
         11.3143
          5.3403
          0.0000
          0.0000
          0.0000
          0.0000
          0.0000
          0.0000
          0.6305
          0.0000
          0.0000
          0.0000
          0.0000
          0.0000
          0.0000
          0.0000
          0.0000
          0.0000
          0.0000
          0.0000
          0.0000
          0.0000
          1.3785
          0.3955
          0.0000
          0.0000
          0.0000
          0.0000
          0.0000
          1.3912
          4.0812
          6.3810
          4.6481
          0.0000
          0.0000
          0.0000
          0.0000
          0.0000
          0.0000
         13.4747
         19.4239
          0.0000
          0.0000
          0.0000
          0.0000
          0.0000
          0.0000
          0.0000
          2.0905
          0.0000
          3.2707
          8.4432
          8.8444
          0.0000
          0.0000
          0.0000
          0.0000
          0.0000
          0.0000
          0.0000
          0.0000
          0.0000
          1.3387
          0.0000
          0.0000
          0.0000
          0.0000
          0.0000
          0.0000
          0.0000
          1.8589
          0.0000
          0.0000
          0.0000
          0.0000
          0.0000
          0.0000
          0.0000
          0.0000
          0.0000
          0.0000
          0.0000
          0.0000
          0.0000
          0.0000
          0.0000
          0.0000
          0.0000
          0.0000
          0.0000
          0.0000
          0.0000
          0.0000
         17.9732
          2.8910
          0.0000
          0.0000
          0.0000
          0.0000
          0.0000
          9.3646
         30.3840
         13.8751
         44.3493
         41.3245
          0.0000
          0.0000
          0.0000
          0.0000
          0.0000
          0.0000
          0.0000
          4.6275
          0.0000
          0.0000
         20.8845
          0.0000
         20.0456
         73.4429
         39.4003
         56.8488
         64.4071
          0.0000
          0.0000
          0.0000
          0.0000
          0.0000
          0.0000
          0.0000
          0.0000
          0.0000
          0.0000
          0.0000
          0.0000
          0.0000
          0.0000
          9.3418
          6.6848
         82.0820
          0.0000
          0.0000
          0.1669
         21.7381
          8.3921
          1.8981
          0.0000
         -5.7126
         -1.9859
          0.0000
          0.0000
          0.0000
          0.0000
          0.0000
          0.0000
          0.0000
          0.0000
          0.0000
          7.7316
          3.4658
          0.0000
          1.1108
          0.0000
          0.0000
          0.0000
          0.0000
          0.0000
          0.0000
          0.0000
        170.3543
          0.0000
          0.0000
          0.0000
          0.0000
          2.4342
          6.5467
          0.0000
          0.0000
          0.0000
          0.0000
          0.0000
          0.0000
         72.5070
        145.4137
         78.5054
         13.7461
          0.0000
          0.0000
          0.0000
          0.0000
          0.0000
          0.0000
        163.7166
        155.3619
        174.7652
          0.0000
          0.0000
          0.0000
          0.0000
          0.0000
          0.0000
          0.0000
          0.0000
         36.5043
          0.0000
          0.0000
          6.3291
          0.0000
        149.3098
          0.0000
          0.0000
          0.0000
          0.0000
          0.0000
          0.0000
          7.4927
          0.5479
          0.0000
         31.5439
          0.0000
          0.0000
          0.0000
          0.0000
          0.0000
          0.0000
          0.0000
          0.0000
          0.0000
          0.0000
          0.0000
         20.7352
         20.8424
          7.5602
         29.0211
         57.2688
          0.0000
          0.0000
          0.0000
          2.5214
          0.0000
          0.0000
          0.0000
          0.0000
          0.0000
          0.0000
          0.0000
          0.0000
          0.0000
          5.5481
         18.0344
          0.0000
          0.0000
          0.0000
          0.0000
         22.6948
         22.3308
         10.1190
         22.1092
         27.5312
        194.9915
         33.7669
          0.0000
          0.0000
          0.0000
          1.8628
         13.0352
          0.0000
         22.6054
          0.0000
          0.0000
          1.5320
          7.6785
          3.9103
          7.4941
         22.8189
          5.3769
          0.0000
          0.0000
          0.0000
          0.0000
          0.0000
          0.0000
          0.0000
         60.2234
         28.4305
          0.0000
          0.0000
          0.0000
          0.0000
         18.3946
         11.2538
        104.1488
         31.3037
          0.0000
          0.0000
          0.0000
          0.0000
          0.0000
          0.0000
         -1.1785
          0.0000
          0.0000
          0.0000
          0.0000
          0.0000
          0.0000
          0.0000
          0.0000
          0.0000
          0.0000
          0.0000
          0.0000
          0.0000
          0.4017
          7.6952
          3.0577
         -3.0063
          0.0000
          0.0000
          0.0000
          0.0000
          0.0000
          2.2698
         -0.5453
         -0.6279
          7.5798
          7.6294
         10.5373
          5.9086
         10.5855
          0.0000
          0.0000
          0.0000
          0.0000
          0.0000
          0.0000
          0.0000
          0.0000
          0.0000
          0.0000
          0.0000
          0.0000
          0.0000
          0.0000
          0.0000
          0.0000
          0.0000
          0.0000
          0.0000
          3.4326
          0.0000
          0.0000
          0.0000
          0.0000
          0.0000
          0.0000
          0.0000
          0.0000
          0.0000
          0.0000
          0.0000
          0.0000
          0.0000
          0.0000
          0.0000
          0.0000
          6.7811
         17.1649
         17.8102
         11.8675
         41.1651
        163.9365
         57.9239
          1.7556
          0.0000
          0.0000
          2.2373
         14.5097
          7.2125
        104.2710
          0.0000
          0.0000
          0.9845
          9.6145
          6.3769
         13.9653
          0.1674
          0.0000
          2.0314
          7.3709
          0.0000
          0.0000
          0.0000
          0.0000
          3.2083
         -1.8513
          0.0000
          0.0000
          0.0000
          0.0000
          0.0000
          0.0000
          0.0000
         -9.2474
          0.0000
          0.0000
         21.8790
          9.7259
         -7.6597
        202.4273
        223.5764
        242.0417
          0.0000
          0.0000
          0.0000
          0.0000
          0.0000
          0.0000
          8.0725
         -3.1213
         -1.4910
          0.0000
          0.0000
          0.0000
          0.0000
          0.0000
          0.0000
          0.0000
          0.0000
          0.0000
          0.0000
          0.0000
          0.0000
         12.2226
         54.8387
        146.5357
          7.4331
        -17.5134
         43.8728
         69.8475
         28.2550
        121.3936
        190.8153
        146.8490
          0.0000
          0.0000
          0.0000
          0.0000
          0.0000
          0.0000
          0.0000
        -11.1056
          0.0000
          0.0000
         13.6296
          4.5261
         25.5675
         88.6222
        151.0342
        112.3527
          0.0000
          0.0000
          0.0000
          0.0000
          0.0000
          0.0000
          0.0000
          0.0000
          0.0000
          0.0000
          0.0000
          0.0000
          0.0000
          1.2933
          0.0000
          0.0000
         91.9547
         46.5524
          0.0000
          0.0000
          0.0000
          0.0000
          0.0000
          0.0000
          0.0000
          0.0000
          0.0000
          0.0000
          0.0000
          5.8342
         45.0457
        138.3345
        152.7722
         45.3825
         13.1534
         12.3616
        108.6223
        133.2843
        113.9235
         57.8102
          0.0000
          0.0000
          0.0000
          0.0000
          0.0000
          0.0000
          4.4119
         20.6913
          7.8790
         20.5873
        111.2936
        145.3730
         70.0429
         13.6261
         23.8623
          0.0000
          0.0000
          0.0000
          0.0000
          0.0000
          0.0000
          0.0000
          0.0000
         -0.4819
          0.0000
          0.0000
          6.5812
          6.2560
          5.9843
         13.7582
          5.2251
          0.0000
          0.0000
          0.0000
          0.0000
          0.0000
          0.0000
          0.0000
          0.0000
          0.0000
          0.0000
          0.0000
          0.0000
          0.0000
          0.0000
          0.0000
          0.0000
         -4.5669
         -0.3140
          0.0000
          0.0000
          3.5876
         30.0736
         69.7519
        133.7640
        104.0852
         25.5022
          0.0000
          0.0000
          0.0000
          0.0000
          0.0000
          0.0000
          0.0000
          0.0000
          0.0000
          0.0000
          0.0000
          0.0000
          0.0000
          0.0000
         -7.9490
         -1.7749
          0.0000
          0.0000
          0.0000
          0.0000
          0.0000
          0.0000
         -7.7572
         -0.8672
          0.0000
          1.7147
          4.5954
          2.1217
         10.3783
         14.7431
        -11.8888
          0.0000
          0.0000
         16.6451
         10.6905
          0.0000
         11.6427
         50.6676
         35.9427
          0.0000
          0.0000
          0.0000
          0.0000
          0.0000
         13.7549
         27.6468
          7.4510
          0.0000
          2.2927
          0.0000
          0.0000
          0.0000
          0.0000
         17.2069
          3.0697
         -3.0545
         15.2650
          0.0000
          1.5823
         15.5859
         23.4716
         27.2377
         89.8070
          6.7756
          8.2851
          6.0383
          0.0000
          0.0000
         28.8281
         65.9061
         31.4601
         22.8247
         10.9681
         -5.6193
          3.9709
          8.1689
          1.5919
        111.0798
        115.9917
          0.0000
          0.0000
          0.9511
          0.0000
         23.6173
          0.0000
          0.0000
          0.0000
          0.0000
          4.0463
          2.1898
          0.0000
          0.0000
          0.0000
          0.0000
         -5.5653
         -1.1288
          0.0000
         19.2439
          9.9128
         -6.9994
         50.5338
        215.6131
         18.8689
          0.0000
          0.0000
         44.0726
         31.7237
         80.0704
         92.7414
        115.7872
          5.7968
          0.0000
          0.0000
          0.0000
          0.0000
          0.0000
          0.0000
          0.0000
          6.2290
         24.4048
          0.0000
          0.0000
         -4.1287
          0.0000
          0.8903
          0.0000
          0.0000
          0.0000
          0.0000
         20.2728
         15.8445
         -3.4934
          7.0489
        181.7371
        191.8066
          0.0000
          0.0000
          0.0000
          0.0000
          0.0000
          4.4953
          0.0000
          1.5786
         -3.8183
         34.4888
         80.2256
         32.0580
          0.0000
          0.0000
          0.0000
          0.0000
          0.0000
          0.0000
          0.0000
          0.0000
          0.0000
          0.0000
          0.0000
         22.6748
          0.0000
          0.0000
         23.9539
         26.7479
         28.5711
         -0.1657
        122.7628
         56.2165
          0.0000
          0.0000
          0.0000
         12.2635
         13.8623
         17.9958
          0.0000
          0.0000
         15.4299
          2.6815
         18.7830
         67.8361
          0.0000
          0.0000
          0.0000
         -0.8235
          0.0000
          0.0000
          0.0000
          0.0000
          0.0000
          3.9137
          6.8199
          0.0000
          0.0000
          0.6259
         13.9354
         14.2524
         15.3902
         -3.7736
         -4.6167
          0.0000
          0.0000
          0.0000
          4.3991
         14.6660
         22.6271
         21.5019
         24.5194
         41.5246
          0.0000
          0.6293
          2.7011
         12.4863
         18.4864
         34.7026
         81.8772
        115.4144
          0.0000
          0.0000
          0.0000
          0.9971
         29.0775
         19.2689
         83.7863
        114.5323
          0.0000
          0.0000
          8.0662
         -4.9792
          0.0000
          0.0000
          0.8927
          0.0000
          0.0000
          0.0000
          0.0000
          0.0000
          0.0000
          0.0331
          1.1199
          0.0000
          0.0000
          0.0000
          0.0000
          0.0000
          4.2933
         19.4321
          0.0000
          0.0000
          0.0000
          0.0000
         38.0307
         13.3336
          6.6507
         49.8374
        144.2239
          0.0000
          0.0000
          6.3697
         18.8804
          7.0922
          0.0000
          6.4563
          0.0000
          0.0000
          0.0000
          0.0000
          0.0000
          5.4397
         11.4552
         16.8962
         30.1019
         26.5670
         26.5670
          0.0000
          0.0000
          5.3224
          5.9194
         17.6488
         17.5060
         14.6366
         11.1158
          0.0000
          0.0000
          0.0000
          0.0000
          6.9726
         35.4790
         51.3792
          0.0000
         17.8610
         23.2756
          9.1284
          3.3797
          2.0522
          0.0000
          0.0000
          0.0000
          0.0000
         13.7531
         14.7910
          9.8010
         26.1946
         67.4823
         28.8320
          0.0000
          0.0000
         10.8773
         16.8608
         26.6784
         54.1722
         82.9148
          0.0000
          0.0000
          0.0000
          0.0000
         16.4740
          7.8212
         14.3760
         19.1492
         39.3706
         -1.1768
          0.0000
          0.0000
          0.0000
          0.0000
          0.0000
          0.0000
         -2.0950
          0.0000
         20.5577
         21.4956
         16.5685
         19.6067
         23.0701
         11.8467
          0.0000
          0.0000
         33.4161
         76.7204
         37.8799
         88.0360
         57.0632
         54.6837
          0.0000
          0.0000
          0.0000
          0.0000
          7.9323
         13.2212
         36.8536
         52.1424
          0.0000
          0.0000
          0.0000
          0.0000
          4.9523
         10.7837
         60.9015
        114.8835
         25.4016
          0.0000
          0.0000
          0.0000
          0.0000
          0.0000
          0.0000
          0.0000
          0.0000
          0.0000
          0.0000
          0.0000
          0.0000
          0.0000
          0.0000
          1.7737
          2.4504
          0.0000
          0.0000
          0.0000
          2.7433
          2.4068
          8.2118
         10.6908
         51.1917
          0.0000
          0.0000
          0.0000
          0.0000
          0.0000
          0.0000
          0.0000
         -1.7380
          0.0000
          0.0000
         14.8351
        -10.1232
        -10.1913
         -1.9411
          0.0000
         32.5671
         31.0513
          0.0000
          0.0000
          0.0000
          0.0000
          0.0000
          0.0000
          0.0000
         35.5773
          0.0000
          0.0000
          0.0000
          0.0000
          0.0000
          0.0000
          0.0000
         33.7329
         67.3489
         37.1570
          1.8152
          0.0000
          0.0000
          0.0000
         89.7080
         82.1048
          0.0000
          0.0000
          0.0000
          0.0000
          0.0000
          0.0000
          0.0000
         40.0425
          0.0000
          0.0000
          0.0000
          0.0000
          0.0000
          0.0000
          0.0000
          0.8787
          0.0000
          0.0000
          0.0000
          0.0000
          5.6171
          0.5405
         -0.5095
         91.5217
         97.4562
         65.8146
         19.2790
        -10.3400
         13.5631
        108.4488
         47.1630
          0.6534
          0.0000
          6.1441
         23.4116
          6.8578
         19.1172
         66.2026
         71.8517
          0.0000
          0.0000
          0.0000
          0.0000
          0.0000
         11.2772
          3.9533
         -2.1144
          0.0000
          0.0000
          0.0000
          0.0000
          0.1952
         17.0771
         14.1263
          4.0359
          0.0000
          0.0000
          0.0000
          0.0000
          0.0000
          0.0000
          0.0000
         -2.7808
          0.0000
          0.0000
          0.0000
          0.0000
          0.4474
          7.8117
          7.3171
          3.2152
          0.0000
          0.0000
          6.3633
          0.0000
          0.0000
         12.0514
         16.7239
        109.8570
        119.0900
         30.7295
          9.1586
         13.9307
         18.4232
          7.9809
          0.0000
          0.0000
         43.6146
         11.7681
         16.4071
         36.6557
         43.5661
        -19.5318
         80.6455
         19.9262
          0.0000
          0.0000
          2.7241
          8.5744
         16.2976
         36.4958
        139.9038
         29.4412
          0.0000
          0.0000
          0.0000
          5.3241
         19.4775
          3.3347
         16.4171
         20.8194
          0.0000
          0.0000
          0.0000
          0.0000
          0.0000
          0.0000
          0.0000
          0.0000
          0.0000
          0.0000
          0.0000
          0.0000
          0.0000
         10.0147
         13.5143
          8.6872
          7.9834
          0.0000
          0.0000
          0.0000
          0.0000
          0.0000
          0.0000
         -0.4922
          0.0000
          0.0000
          0.0000
          0.0000
          0.0000
          0.0000
          0.0000
         -5.7388
         -0.5754
          0.0000
          0.0000
          0.0000
          0.0000
          0.0000
          0.0000
         -0.0455
          0.0000
          0.0000
          0.0000
          0.0000
          0.0000
          0.0000
          0.0000
         -4.6510
          0.0000
          0.0000
          0.0000
          0.0000
          0.0000
         18.6576
          0.0000
          0.0000
         44.1828
         81.3472
         63.7303
          0.0000
          0.0000
          0.0000
          0.0000
          0.0000
          0.0000
          0.0000
          0.0000
          0.0000
          0.0000
          9.1014
          3.5571
         13.0148
          0.0000
          0.0000
          0.0000
          9.1254
         10.0816
         17.1400
         20.2880
        119.6751
          0.0000
          0.0000
          0.0000
          0.0000
          0.0000
          0.0000
          2.8895
          1.5781
          0.1576
          9.7311
         14.9802
         12.7732
         18.2924
         23.0253
         22.7893
          3.3726
          0.0000
          0.0000
          0.0000
          0.0000
          6.9612
         23.6764
         37.8719
          0.3197
          0.0000
          7.6689
         26.1452
         18.9578
          4.3389
          0.6550
          0.0000
          0.0000
          0.0000
          0.0000
         15.7638
         11.5688
         -4.3746
         35.0512
        112.3943
         58.3262
          0.0000
          0.0000
          0.0000
          0.0000
          0.8623
         12.9733
        106.7949
          0.0000
          0.0000
          0.0000
          0.0000
          0.0000
          0.0000
          0.0000
          0.0000
          0.2714
         -0.4053
          0.0000
          0.0000
          0.0000
          0.0000
          0.0000
          0.0000
         -3.8327
          0.0000
          0.0000
          0.0000
          0.0000
          0.0000
          0.0000
          1.0743
         81.0567
         94.8594
         26.2827
         16.9676
          3.0775
         -7.4725
        -22.9203
         10.6188
        122.4916
        156.8543
        102.8903
          0.0000
          0.0000
          0.0000
          0.0000
          0.0000
          0.0000
          0.0000
          0.0000
          0.0000
         -1.5314
          3.6363
         10.2746
         44.6255
         94.9973
         71.9437
         -0.2344
        -17.5249
         -8.4615
         -9.4944
        -12.7110
          0.0000
          0.0000
          6.9875
         15.8146
         37.1828
         22.7673
          0.0000
          1.4261
          0.0000
         44.2425
         14.1544
          0.0000
          0.0000
          0.0000
         20.5286
         26.5078
          0.0000
          0.0000
          0.0000
          2.0382
          2.0935
          8.3823
          7.4469
          5.7451
         -7.7667
        -17.1167
          0.0000
         49.9421
        219.0433
         86.5096
         33.2289
         51.2460
         33.4386
        262.3257
        244.5178
        107.2912
          0.0000
          0.0000
          0.0000
         18.3178
          6.1446
         87.6646
        100.6497
         12.7400
         -5.7086
          0.0000
         -1.0019
         16.0477
         13.3711
         58.6899
         52.9489
          0.0000
          0.0000
          0.0000
          0.0000
         13.7044
        116.1460
         -0.2588
          0.0000
          0.0000
         14.0762
         31.7600
          0.0000
          0.0000
          0.0000
          0.0000
          0.0000
          0.0000
          2.7759
          9.7734
          0.0000
          0.0000
         88.4891
         44.6635
          0.0000
          0.0000
          0.0000
          0.0000
          0.0000
          0.0000
          0.0000
         21.9864
          0.0000
         -0.9259
         -7.9346
          1.9989
          8.3647
          8.4228
        -15.2700
         24.1266
         60.7649
         25.9493
         -8.7220
         19.1617
         27.0372
          0.0463
          0.0000
         78.9720
          0.0000
          0.0000
          0.0421
         19.0554
          7.3548
          7.8621
          5.6978
         66.6455
          0.0000
         11.8225
         21.2787
         23.4519
         43.6343
         73.4702
          0.0000
          0.0000
          0.0000
          0.0000
          0.0000
          0.0000
          0.0000
          0.0000
          0.0000
         -4.7113
          2.4777
          5.8772
          2.4800
         19.5243
         35.5901
         26.1862
         20.1057
         47.0412
         34.8794
          2.3362
         -8.4709
          8.3094
         44.6874
          5.8247
          0.0000
         10.1527
        108.4445
         21.4455
         13.4496
          7.7973
         10.5768
          7.2977
         35.3124
         69.5882
          3.6506
         16.9720
          6.7689
          0.0000
         22.9950
        -14.8929
         50.6928
         82.7385
        121.5909
          0.0000
         40.9036
          0.0000
         11.2035
         31.2026
         10.3196
        -18.0139
         22.2204
         30.4352
         23.3561
         -3.1832
          8.0285
         -0.0578
          0.0000
          0.0000
         26.2731
         12.0721
         18.7267
         18.1571
        -23.2174
        -55.2896
          3.6491
          0.0000
          0.0000
          0.0000
          0.0000
          0.0000
          6.5474
         38.3684
         78.9397
         28.6155
          0.0000
          0.0000
          0.0000
          0.0000
          0.0000
          0.0000
          0.0000
          0.0000
          9.2723
          0.0000
         31.0652
          0.0000
          0.0000
          0.0000
          0.0000
         18.0999
         53.1293
         95.8366
         83.2029
         70.7748
         25.3802
          0.0000
          0.0000
        126.0038
        185.7747
        112.4667
        173.0046
        142.7103
        105.6692
         21.8693
          0.0000
         -5.1080
          0.0000
          0.0000
          0.0000
          0.0000
          0.0000
          0.0000
          0.0000
         -3.9595
          0.0000
          0.0000
          0.0000
          0.0000
          4.3854
          3.7376
          0.0000
          0.0000
          0.0000
          0.0000
          0.0000
          0.0000
          0.0000
          0.0000
          0.0000
          9.6514
         35.7902
          4.3544
         26.1010
         41.2737
        117.9644
        139.1989
        207.2627
         98.4013
          0.0000
          0.0000
          0.0000
          0.0000
          2.1207
         12.5523
        118.0601
          0.0000
          0.0000
          0.0000
          0.0000
          0.0000
          0.0000
         11.0053
         44.8254
         43.9751
         14.6440
          5.2967
         -0.5654
          0.0000
         40.4211
         92.3560
         96.6592
         61.8508
         51.7770
          0.0000
          0.0000
          0.0000
          0.0000
          0.0000
          0.0000
          0.0000
          0.0000
          0.0000
          0.0000
          0.0000
          0.0000
          0.0000
          0.0000
         -6.0623
         -1.6172
          2.9509
         -0.0999
          4.0530
          1.0138
          3.6461
          5.2159
          0.3550
         -0.0972
          7.3229
          0.0000
          0.0000
          0.0000
          0.0000
          0.0000
          0.0000
          0.0000
          0.0000
          7.8481
          2.1346
          0.0000
          0.0000
          0.0000
          0.0000
          0.0000
          1.2042
         11.7452
         11.2375
          3.6393
         -1.5945
          0.0000
          0.0000
          0.0000
          0.0000
         22.2346
         16.5171
         -0.2389
          6.9913
          0.0000
          0.0000
          6.6421
          0.0000
          0.0000
          0.0000
          0.0000
         10.4840
          5.8119
          0.0000
         17.2085
         67.1004
         93.6687
          2.9852
         29.6343
         14.0651
          9.0703
          1.6413
          0.0000
          0.0000
          0.0000
          0.0000
          0.0058
         14.3986
         23.1020
          0.0000
          0.0000
          0.0000
          0.0000
          1.3431
          0.0000
          1.1988
          0.0000
          0.0000
         11.6462
         18.2646
         19.6459
          9.9664
        102.6535
         96.1997
          7.6723
          0.0000
          0.0000
          2.3967
          2.2335
         -6.3046
         71.4831
        121.0701
         23.2313
          0.0000
          0.0000
          0.0000
          0.0000
          0.0000
          0.0000
          0.0000
          0.0000
          0.0000
         17.4800
          0.0000
          0.0000
          0.0000
          0.0000
          0.0000
          0.0000
          0.0000
          0.0000
          0.0000
          5.2691
         26.2687
         22.0222
         29.8027
        133.4299
          0.0000
          0.0000
          0.0000
          0.0000
         23.1090
          0.0000
          0.0000
         51.6049
         44.6979
          0.0000
          0.0000
          1.2239
          9.8428
          6.9269
         27.5116
         82.9522
         66.3849
          0.0000
          0.0000
          0.0000
          0.0000
         15.6714
         18.7561
         15.8589
         13.1337
         -1.0820
          0.0000
          0.0000
          0.0000
          0.0000
          3.8997
          0.0000
         19.3192
         16.4606
          0.0000
          0.0000
          0.0000
          0.0000
          1.1381
          0.0000
         52.4784
          0.0000
          0.0000
          0.0000
          0.0000
          0.0000
          4.9373
          6.5692
          0.0000
          0.0000
          1.0140
          8.5965
         16.6012
          6.7550
         25.5057
         53.2212
         30.5393
         -0.8719
          0.0000
         41.7698
         20.9924
          6.0226
         21.1790
         35.6938
          0.0000
          0.0000
          0.0000
         12.0480
          9.8631
          0.0000
         15.7674
        133.2849
          0.0000
          0.0000
          0.0000
          0.0000
          0.0000
          0.0000
          2.8839
          0.0000
         21.3730
          0.0000
          0.0000
          2.6226
          2.9890
          8.6183
         11.3905
          0.0000
          2.0353
          0.7478
         50.5585
         87.5496
         29.0415
        -10.6092
         18.4210
         63.6647
         19.3483
         76.3096
          8.4991
          0.0000
          0.6508
         38.3292
         76.4674
         30.7560
          0.0000
          0.0000
          0.0000
          0.0000
          0.0000
         35.0090
         16.9744
         14.4562
         15.5909
         46.1197
         50.6378
         65.3204
         41.6512
         67.4515
         84.1197
         36.4667
         -0.6583
          0.0000
          1.3808
          2.9448
          1.2926
          0.0000
          0.6974
         14.3724
         95.2074
        158.0778
        105.6288
          0.0000
          0.0000
          0.0000
          1.8810
          0.0000
          0.0000
          0.0000
          0.0000
          0.0000
          0.0000
          0.0000
          2.0524
          0.0000
          3.4261
          0.0000
          0.0000
          2.2883
          0.0000
          0.0000
         -5.9067
         28.9258
          0.0000
          0.0000
          0.0000
         28.9517
         59.3224
         86.1783
        118.1616
        195.8825
          0.0000
          0.0000
          0.0000
          0.0000
          0.0000
          0.0000
          7.7020
          6.0351
          0.0000
          0.0000
          0.0000
          0.0000
          0.0000
          0.0000
         16.6198
         41.5645
         61.1574
          0.0000
          0.0000
         23.9433
         22.0259
         32.6677
         11.0307
         -1.8961
         -2.2761
          0.0000
          0.0000
          0.0000
         10.8533
         42.0413
         47.6850
        120.8792
         22.6746
          0.0000
          0.0000
          0.0000
          0.0000
          0.0000
         10.0462
         81.6597
         57.8604
          0.0000
          0.0000
          0.0000
          0.0000
          0.0000
          0.0000
          0.0000
          0.0000
          0.0000
          0.0000
          4.0368
         12.9396
         11.8268
         12.2198
          0.9560
         -1.5508
          2.5803
         16.6041
         33.5976
         28.4886
         18.5614
         19.0720
         12.6097
          0.0000
          0.0000
          0.0000
          0.0000
          0.0000
          0.0000
          0.0000
          3.8954
         -1.6841
          0.0000
          0.0000
          0.0000
          0.0000
          1.9365
         54.6912
         23.9269
          0.0000
          4.3741
         50.7433
          1.8935
          2.7796
          0.0000
          0.0000
          0.0000
          1.2651
         31.4014
         31.1136
         16.7979
         17.1772
         22.5521
         12.1710
          0.0000
          0.0000
          6.2876
         39.8050
        127.3297
        164.4530
        164.7470
        148.7910
        158.0727
          0.0000
          0.0000
          0.0000
          0.0000
          0.0000
          0.0000
          0.0000
          0.0000
          0.0000
          0.0000
          0.2842
          0.0000
          0.0000
          0.0000
         11.3227
         36.7488
         85.4902
         77.6718
          4.3824
          0.0000
          0.0000
          0.0000
          0.0000
         48.4657
         92.9297
          0.0000
          0.0000
          0.0000
          0.0000
          0.0000
          5.6301
          6.9124
         47.0699
          0.0000
          0.0000
          0.4627
         10.4635
          5.3648
         21.8050
         37.3926
         13.2345
          6.0227
         33.4111
         36.6393
         -0.1559
         -2.5308
          6.2846
         13.0739
         15.9337
          2.7041
         14.6326
         56.7012
        107.6622
         25.9139
         17.7585
         32.4555
         63.6314
          0.0000
          0.0000
          0.0000
          4.5917
          0.0000
         11.5949
          3.4494
          0.0000
         73.0814
         23.3519
         35.2286
         11.3648
          3.8865
          1.4012
          0.0000
          0.0000
          0.0000
          0.0000
          2.0238
         12.6416
          5.8070
          9.2501
          5.0464
         21.5898
          0.0000
          0.0000
          0.0000
          0.0000
          8.5508
          7.3695
          5.9749
         -1.0687
          0.0000
          0.0000
          0.0000
          0.0000
          0.0000
         11.8301
         20.3404
          8.2531
          0.0000
          0.0000
          5.2998
         10.1672
          0.0000
          3.8529
         18.1109
          1.5821
          7.9274
          6.0309
          5.2496
          3.9365
          0.3991
          5.5746
         14.4674
        142.0629
          0.0000
          0.0000
          3.2211
          0.0000
          0.0000
         -0.2435
          0.0000
          0.0000
          0.0000
          0.0000
          5.0877
          3.6392
          0.0000
          0.0000
          0.0000
          0.0000
          0.0000
          0.0000
          0.0000
          0.3403
          0.0000
          0.0000
          0.0000
          0.0000
          0.0000
          4.8958
          7.0850
         15.0629
         27.0627
         27.5646
          5.7868
          0.0000
          0.0000
          0.0000
          4.2431
         17.5898
          3.6187
         -2.9043
         20.6274
         15.8901
          0.0000
          0.0000
          0.0000
          0.0000
          0.0000
          0.0000
          0.0000
          0.0000
          0.0000
          0.0000
          0.0000
          0.0000
         11.3467
         17.1376
         11.6410
          6.3930
          0.0000
          0.0000
          5.2478
         24.0850
         -2.4350
        -14.1580
          0.0000
         12.3129
          0.0000
          0.0000
         15.5606
         27.4255
         15.0951
          0.0000
          0.0000
          0.0000
          0.0000
          0.0000
          0.0000
          0.0000
          0.0000
          0.0000
          0.0000
          0.0000
          0.0000
          0.0000
         11.6528
          5.3129
         14.8419
         34.5894
          9.2284
          0.0000
          0.0000
          0.0000
          0.0000
          0.0000
          5.1360
         19.3981
         20.5335
         49.7225
          0.0000
          0.0000
          5.1250
          0.0000
          0.0000
          0.0000
          0.0000
         -0.6639
          0.0000
          0.0000
          0.0000
          0.0000
          0.0000
          0.0000
          0.0000
         -1.9145
          3.8505
          3.5844
          0.0000
          0.0000
          0.0000
          0.0000
          5.8205
          7.0961
          6.5378
         11.5864
         12.3826
         12.3976
          3.5013
         27.3259
        103.0710
        135.4268
          5.0038
          1.9038
          9.7895
          0.0000
          0.0000
          6.7483
         -0.6402
         -2.2142
          3.2872
         16.5214
         28.7219
         20.1711
         14.0930
         31.0479
         18.3109
         -3.5297
          0.0000
          0.0000
         28.5055
         38.3510
         25.2360
        105.6345
        144.3596
          0.0000
          0.0000
          0.0000
          0.0000
          0.0000
          0.0000
          4.8798
          0.0000
          0.0000
          7.0970
          9.8721
          8.1290
         15.9626
         26.4682
         65.9052
        114.2925
         56.8047
          0.0000
          0.0000
          0.0000
          0.0000
          0.0000
          0.0000
          0.0000
         -1.0173
         -2.4166
          0.0000
          5.3782
          2.5744
         -0.4701
         -0.1314
         -1.6145
          0.0000
          0.0000
          0.0000
          0.0000
          0.0000
          0.0000
          0.0000
         19.7740
         13.6865
          0.0000
          2.4481
         32.3557
         40.3763
         38.9307
         75.9827
        155.2157
         -2.6015
          0.0000
          0.0000
          0.0000
          0.0000
          0.0000
          0.0000
          3.9339
         10.0838
          0.0000
          0.0000
          0.0000
          0.0000
          0.0000
          6.7860
          7.5473
          5.5108
          1.0217
          0.5324
          2.3711
          0.0000
          0.0000
          3.1204
         -0.2114
         -2.1460
          0.0000
          0.0000
          0.0000
          0.0000
          0.0000
          0.0000
          0.0000
         -9.2743
          0.0000
          0.0000
          0.0000
          0.0000
          0.0000
          0.0000
          5.1278
          1.1658
         -1.8307
          6.1154
         17.0114
          0.9600
          0.0000
          3.0957
          9.4455
         15.0314
         18.0730
          0.0000
          7.8488
          9.6302
          0.0000
          0.0000
          0.0000
          0.0000
          5.2315
         19.0126
         32.6397
          6.3013
         -2.9334
         13.4227
         11.2939
          0.3784
          6.3431
         16.5362
         12.5206
         21.7687
          0.5543
          0.5166
          4.6743
          9.5008
         95.5394
          6.7706
          6.0114
         11.4720
         18.0726
          5.8354
         -0.4100
         -1.2605
          0.0000
          0.0000
          0.0000
          0.0000
          0.0000
          0.0000
          0.0000
          1.5624
          4.0617
         20.8857
          7.3121
          0.0000
          0.0000
          0.0000
          0.0000
          0.0000
          0.0000
          0.0000
          0.4372
          7.8403
          0.0000
          0.0000
          2.3427
          0.8782
         -4.0196
          0.0000
          1.1035
          6.1196
          0.0000
          0.0000
          0.0000
         -5.8321
         -1.0893
          0.0000
          0.0000
          0.0000
          0.0000
          0.0000
          0.0000
         -4.9877
         -0.4688
         -2.5327
          0.0000
          0.0000
          0.0000
          2.0311
          3.7521
          2.8341
          5.8790
          1.4045
         -1.6752
         -1.0072
          0.0000
          0.0000
          5.9063
          3.7984
         38.5911
          0.0000
          0.0000
          0.0000
          0.0000
          0.0000
          0.0000
         -1.5986
         -0.7818
          5.1881
          8.9824
         29.9483
         73.8031
         89.9346
         11.8655
          0.0000
          0.0000
          0.0000
          0.0000
          0.0000
          0.0000
          0.0000
          2.6243
         -0.3222
         -1.6710
          0.0000
          0.0000
          3.4823
          7.0668
          3.2876
         -4.0019
         -2.2320
          6.9220
         13.2986
          0.0000
          0.0000
          0.0000
          0.0000
          0.0000
         21.7557
         75.5593
          0.0000
          0.0000
          0.0000
          0.0000
          0.0000
         30.1693
         65.3886
         58.0059
         -2.0667
          0.0000
          0.0000
         54.8891
          9.8372
         -0.7132
         -0.3784
          0.0679
         12.9227
         17.3603
         18.5568
         91.0806
         79.6316
         76.1533
        129.1206
         34.4772
         14.6534
          0.3977
         31.4315
         55.0981
         13.2292
          0.0000
          0.0000
          0.0000
          4.9633
         38.6153
        107.6539
         63.7733
          0.9105
          8.2168
          0.0012
          0.0000
          0.0000
          0.0000
          0.0000
          0.0000
          0.0000
        123.6739
        142.8988
          0.0000
          0.0000
          0.0000
          0.0000
          0.0000
          0.0000
          0.0000
         85.2435
        103.2103
          0.0000
          0.0000
          0.0000
          0.0000
          3.1196
          9.3582
         21.3205
         20.3180
         21.7267
         21.2354
         11.3848
         -6.2824
          0.0000
          0.0000
          0.0000
          0.0000
          0.0000
          0.0000
          0.0000
          0.0000
          0.0000
          0.0000
          0.0000
          0.0000
          0.0000
          0.0000
          0.0000
          0.0000
          0.0000
          0.0000
        114.0924
         28.2514
          0.0000
          0.0000
          0.0000
          0.0000
          0.0000
          0.0000
         12.5676
          0.0000
          0.0000
          0.0000
          0.0000
          0.0000
          0.0000
          0.0000
          0.0000
          0.0000
          0.0000
          5.0782
          0.0000
          0.0000
          0.0000
          0.0000
         15.5846
         16.2117
          0.0000
          0.0000
          0.0000
          0.0000
          0.0000
          0.0000
          0.0000
          0.0000
          0.0000
          0.0000
          0.0000
          0.0000
          0.0000
          0.0000
          0.0000
          0.0000
          0.0000
          0.0000
          0.0000
          0.0000
          0.0000
          0.0000
         24.4909
         21.6495
         18.2173
         22.3785
          1.2267
          0.0000
          0.0000
          0.0000
          0.0000
          0.0000
          0.0000
          0.0000
          0.0000
          0.0000
          0.0000
          0.0000
          0.0000
          0.0000
          0.0000
          0.0000
          0.0000
          0.0000
          0.0000
          0.0000
          0.0000
          0.0000
          0.0000
          0.0000
          0.0000
          0.0000
          0.0000
          0.0000
          0.0000
          0.0000
          0.0000
          0.0000
          0.0000
          0.0000
          0.0000
          0.0000
          0.0000
          0.0000
          0.0000
          0.0000
          0.0000
          0.0000
          0.0000
          0.0000
          0.0000
          0.0000
          0.0000
          0.0000
          0.0000
          0.0000
          0.0000
          7.1933
         52.0196
         28.6602
          0.0000
          0.0000
          4.3249
          0.0000
          2.3423
          8.6977
         48.9693
         13.7752
          2.0494
          0.0000
          0.0000
          0.0000
          0.0000
          0.0000
         -0.8831
         -4.3694
          0.0000
          0.0000
          0.0000
          0.0000
          0.0000
          0.0000
          0.0000
          0.0000
          0.0000
          1.3111
          2.9944
          0.0000
          3.3600
         -0.8827
         -5.2947
          0.0000
          0.0000
          0.0000
          0.0000
          0.0000
         20.6433
         15.4661
         15.0334
          0.0000
          0.0000
          0.0000
          0.0000
          1.9331
         27.2238
         50.9315
        139.6401
          0.0000
          0.0000
          0.0000
          0.0000
          0.0000
          0.0000
          0.0000
         -4.9530
          2.8771
          0.0000
          0.0000
          0.0000
          0.0000
          0.0000
         18.9499
         25.6807
          0.0000
          0.0000
          0.0000
          0.0000
          0.0000
          0.0000
          0.0000
         11.6566
          1.1577
          0.0000
          0.0000
          0.0000
          0.0000
          0.0000
          0.0000
          0.0000
          0.0000
          0.0000
          0.0000
          0.0000
          0.0000
          0.0000
          0.0000
          0.0000
          0.0000
          0.0000
          0.0000
          0.0000
          0.0000
          0.0000
          0.0000
          0.0000
          0.0000
          0.0000
          0.0000
         59.0106
          6.1326
          9.1620
          1.8241
         79.1106
          2.7968
         66.4365
         61.5781
         16.9160
          0.0000
          3.2356
         24.5934
          0.9235
         16.8543
          0.0000
          0.0000
          0.0000
          0.0000
          0.0000
          0.0000
         -4.3505
          0.0000
          0.0000
          0.0000
          0.0000
          0.0000
          0.0000
          0.0000
          0.0000
          0.0000
          0.0000
          0.0000
         17.6946
         78.5637
         72.8621
         12.6558
         -6.2809
          0.0000
          0.0000
          0.8747
         11.0121
         30.8464
         34.9722
        151.4062
         31.4968
          0.0000
          0.0000
          0.0000
          2.5446
          0.0000
          5.4954
          5.8933
          0.0000
          0.0000
          2.3892
          0.0000
          0.0000
          0.0000
          0.0000
          0.0000
          0.0000
          0.0000
          0.0000
          0.0000
          0.0000
          0.0000
          0.0000
          0.0000
         19.2753
          0.0000
          0.0000
          0.0000
          0.0000
          0.0000
         16.8348
         27.0587
         57.7839
          0.0000
          0.0000
         19.8696
         17.7223
         -0.3276
          0.0000
          0.0000
         10.9052
          0.0000
          0.0000
          0.0000
          0.0000
          0.0000
          0.0000
          0.0000
          0.0000
          0.0000
          0.0000
          0.0000
          0.0000
          3.7723
          9.6370
          0.0000
          0.0000
          0.0000
          1.2697
          0.0000
          0.0000
          0.0000
          0.0000
          0.0000
         -0.9388
         -0.6127
          0.1852
          0.0000
          0.0000
          0.0000
          0.0000
          2.2824
         -1.3351
          0.0000
          0.0000
          0.0000
          0.0000
          0.0000
          0.0000
          0.0000
          0.0000
          0.0000
          0.0000
          0.0000
          0.0000
          0.0000
          0.0000
          0.0000
          0.0000
          0.0000
          0.0000
          0.0000
          0.0000
          0.0000
          0.0000
          0.0000
          0.0000
          0.0000
          0.0000
          0.0000
          0.0000
          0.0000
          0.0000
          0.0000
          0.0000
          0.0000
          0.0000
          0.0000
          0.0000
          0.0000
          0.0000
          0.0000
          0.0000
          0.0000
          0.0000
         11.0868
         20.2302
          5.1416
          0.0000
          0.0000
         -0.0562
          0.0000
          0.0000
          0.0000
          0.0000
          0.0000
          9.0812
         52.3084
          2.7562
          0.0000
          0.0000
          0.0000
          0.0000
          0.0000
          0.0000
          0.0000
          0.0000
          0.0000
         18.3381
          0.0000
          0.0000
          0.0000
          0.0000
          0.0000
          0.0000
          0.0000
          0.0000
          0.0000
          0.0000
          0.0000
          0.0000
          0.0000
          0.0000
          0.0000
          0.0000
          0.0000
          0.0000
          0.0000
          0.0000
          0.0000
          0.0000
          0.0000
          0.0000
          0.0000
          0.0000
          0.0000
          0.0000
         21.6104
          5.1300
          0.0000
          0.0000
          0.0000
          0.0000
          0.0000
          0.0000
          0.0000
          0.0000
          0.0000
          0.0000
          0.0000
          0.0000
          0.0000
          0.0000
          0.0000
          0.0000
          0.0000
         -0.8642
          0.0000
          0.0000
          0.0000
          0.0000
          0.0000
          0.0000
          0.0000
          4.5482
          0.0000
          0.0000
          0.0000
          0.0000
          2.3385
         11.9215
          0.0000
          0.0000
          0.0000
          0.0000
          0.0000
          0.0000
          0.0000
          0.0000
          0.0000
          0.0000
          0.0000
          0.0000
          0.0000
          0.0000
          0.0000
          0.0000
          0.0000
          0.0000
          0.0000
          0.0000
          0.0000
          0.0000
          0.0000
          0.0000
          0.0000
          0.0000
          1.0120
          4.5413
          0.0000
          0.0000
          0.0000
          0.0000
          0.0000
          7.4878
          8.6657
          0.0000
          0.0000
          0.0000
          0.0000
          0.0000
          0.0000
          0.0000
          0.0000
          0.0000
          0.0000
          0.0000
          0.0000
         -3.6808
          0.0000
          0.0000
          0.0000
          0.0000
          0.0000
          3.0169
          0.0000
          7.5328
          0.0000
          0.0000
          0.0000
          0.0000
          0.0000
          0.0000
          0.0000
          0.0000
          0.0000
          0.0000
          0.0000
          0.0000
          0.0000
          0.0000
          0.0000
          0.0000
          0.0000
          0.0000
          0.0000
          0.0000
          0.0000
          0.0000
          0.0000
          0.0000
          0.0000
          0.0000
          0.0000
          0.0000
          0.0000
          0.0000
          0.0000
          0.0000
          0.0000
          0.0000
          5.7141
          8.7251
         12.1789
        126.5998
         37.8473
          0.0000
          0.0000
          0.0000
         25.2974
         22.2196
         27.6507
         17.3537
          0.0000
          0.0000
          0.0000
          0.0000
          0.0000
          0.0000
          0.0000
          0.0000
          0.0000
          0.0000
          0.0000
          0.0000
          0.0000
          0.0000
          0.0000
          0.0000
          5.8656
         -8.9207
          0.0000
          0.0000
          0.0000
          2.5775
          0.7516
         -9.1906
          0.0000
          0.0000
          0.0000
          0.0000
         14.1703
         14.1250
          4.3635
          7.5141
          0.0000
          0.0000
          0.0000
          0.0000
          0.0000
          0.0000
          0.0000
         17.9571
        138.4674
         99.0848
          0.0000
          0.0000
          0.0000
         21.3473
         26.3839
         10.0364
          0.0000
         47.3016
          0.0000
          0.0000
          0.0000
          0.0000
          0.0000
          0.0000
          0.0000
         -6.1359
          0.0000
          0.0000
          0.0000
          0.0000
          0.0000
          0.0000
          0.6891
         11.2958
         13.5117
          8.0605
          0.0000
          0.0000
          0.0000
          0.0000
          2.2541
          8.6701
          8.7200
         12.7224
          9.9897
          1.1128
          0.0000
          0.0000
          0.0000
          6.3894
          2.5055
         10.1958
         23.0064
          0.0000
          0.0000
          0.0000
          0.0000
         -5.0057
         -0.1329
          1.9096
          1.2362
          0.0000
        109.1295
         97.3445
         59.4586
          0.0000
          0.0000
          0.0000
          0.0000
          0.0000
          0.0000
          0.0000
         13.3901
          0.0000
          0.0000
          0.0000
          0.0000
          0.0000
          0.0000
          0.0000
         19.6150
         77.8832
          0.0000
          0.0000
          0.0000
          0.0000
          0.0000
          0.0000
          0.8562
          0.0000
          0.0000
          0.0000
          0.0000
          0.0000
          0.0000
          0.0000
          0.6326
         21.4484
          0.0000
          0.0000
          0.4422
         11.4079
        135.9014
          0.0000
         19.7628
          2.1074
        -11.4932
          9.0626
         23.7329
         10.2950
         77.7230
        208.3122
         -5.0818
          0.0000
          0.0000
          0.0000
          0.0000
          0.0000
          0.0000
          0.0000
          0.0000
          0.0000
          0.0000
          0.0000
          0.0000
          0.0000
          0.0000
          0.0000
          0.0000
          0.0000
          0.0000
          0.0000
          9.9066
         16.8669
          5.7245
         18.7677
        136.7287
        203.5537
        113.3038
          0.0000
          0.0000
         12.1941
         66.4670
        146.0620
        100.9630
          0.0000
          0.0000
          0.0000
          0.0000
          0.0000
          0.0000
          0.0000
          0.0000
          0.0000
          0.0000
          0.0000
          0.0000
          0.0000
          0.0000
          0.0000
          8.7091
         48.5368
        141.9213
         15.6861
          0.0000
          0.0000
          0.0000
          0.0000
          0.0000
         10.0001
          0.0000
          0.0000
          0.0000
         12.5919
          3.3245
         16.8566
         86.1208
        160.0711
         34.8678
         60.9052
        101.9487
         17.4311
          8.2842
         22.4398
         98.7676
        262.4026
         14.2541
          0.0000
          0.0000
          0.0000
          7.6092
         -7.5805
         56.3708
        381.4765
        295.9825
          0.0000
          0.0000
          0.0000
          0.0000
          7.6019
          0.0000
         99.1517
        206.5361
         69.9473
         38.9740
         50.9006
        185.3481
        297.5853
        338.1568
          0.0000
          0.0000
          0.0000
          0.0000
          0.0000
          0.0000
          0.0000
          0.0000
          0.0000
          0.0000
          0.0000
          0.0000
          0.0000
          0.0000
          0.0000
         16.5325
          4.9276
          1.0486
         53.7103
         21.9116
          3.8246
          8.2165
          4.8630
          0.0000
          0.0000
          0.0000
          0.0000
          6.7267
         11.9500
          0.0000
          8.8498
          1.5517
          0.0000
         12.4005
         23.0728
         10.6814
          7.8635
         17.4589
         27.4390
        122.1377
        229.7742
          4.8126
          0.0000
          0.0000
          0.0000
          0.0000
          0.0000
          0.0000
          0.0000
          0.0000
          0.0000
          0.0000
          0.0000
          0.0000
          0.0000
          0.9902
         71.6351
         93.1876
          0.0000
          0.0000
          0.0000
          0.0000
         22.4365
         38.1840
          0.0000
          0.0000
          0.0000
          0.0000
          0.0000
          0.0000
          0.0000
          0.0000
          0.0000
          0.0000
          0.0000
          0.0000
          0.0000
          0.0000
          0.0000
          0.0000
          0.0000
          0.0000
          0.0000
          0.0000
          0.0000
          0.0000
          0.0000
          1.5124
          0.0000
          0.0000
          0.0000
          0.0000
          0.0000
          0.0000
          2.0602
         10.8340
          7.1809
          3.4536
         18.1151
         38.8837
         33.0160
         -3.1753
          7.7440
          9.4658
         39.0577
        305.9511
        328.1418
        338.6340
        229.1609
         58.4989
          0.0000
          0.0000
         14.5543
         38.1594
          0.0000
         24.0098
         40.5519
          2.6119
         10.4755
          0.0000
         50.9183
         10.3133
         29.4603
          0.0000
          0.0000
          0.0000
          0.8781
          0.0000
          0.0000
          0.0000
          0.0000
          0.0000
          0.0000
          0.0000
          0.0000
          0.0000
          0.0000
          0.0000
          0.0000
         45.8749
         55.6380
          0.0000
          0.0000
          0.0000
          0.0000
          0.0000
          0.0000
          0.0000
          0.0000
          0.5785
         12.6170
         55.5716
        159.7909
          0.0000
          0.0000
         39.0226
        196.5293
        283.4318
        322.9311
        102.1231
          0.0000
          0.0000
         74.0331
        184.0432
          0.0000
          0.0000
         34.6257
         16.6221
          0.0000
          0.8713
          3.0618
         14.2549
          6.8253
         10.6347
         22.1108
         16.4598
          0.0000
          0.0000
          0.0000
          0.0000
          0.0000
          0.0000
          0.0000
          0.0000
          0.4038
          0.0000
          0.0000
          0.0000
          0.0000
          0.0000
          0.0000
          0.0000
        -13.0585
         -3.7118
          7.0603
          0.0000
          0.0000
          0.0000
          0.0000
          0.0000
          0.0000
          0.0000
          0.0000
          0.0000
          0.0000
          0.9663
          7.4591
          0.0000
          0.0000
          0.0000
          0.0000
          0.0000
          0.0000
          5.4419
         24.3952
        187.6581
          0.0000
          0.0000
          0.0000
          0.0000
          0.0000
         18.6252
         81.9979
          0.0000
          0.0000
          0.0000
          0.0000
         86.3073
        110.1188
          0.0000
          0.0000
          0.0000
          0.0000
          0.0000
          0.0000
         26.9320
         15.4161
          8.8833
         25.8605
        169.0081
          0.0000
          0.0000
          0.0000
          0.0000
          0.0000
          0.0000
          0.0000
          0.0000
          0.0000
          0.0000
          0.0000
          0.0000
          7.8687
          0.0000
          0.0000
          0.0000
          0.0000
          2.4929
         13.9883
         13.9801
          0.0000
          0.0000
          0.0000
          0.0000
        -14.8841
         -4.2892
          0.0000
          0.0000
          0.0000
          0.0000
          6.4194
          3.4031
          0.0000
          0.0000
          0.0000
          0.0000
          3.4202
         16.1803
         82.0284
        148.4626
          0.0000
          0.0000
          0.0000
          0.0000
         15.8285
         31.1749
         10.6088
          0.0000
          0.0000
          0.0000
         13.8207
         37.4092
         17.4572
         54.0230
         26.8090
          0.0000
          0.0000
          0.0000
          0.0000
          8.9440
          0.0000
          0.0000
          0.0000
          0.0000
          0.0000
          0.0000
         17.2715
         15.4237
          7.7288
         21.8715
         33.0847
         24.4010
        181.9260
          0.0000
         57.9061
          0.0000
          0.0000
          2.8388
         11.8502
         10.1922
         32.6329
          0.0000
          0.0000
         10.7612
         18.1415
         13.8021
          2.9909
          0.0000
          0.0000
          0.0000
          0.0000
          8.7019
          2.8915
          9.2473
          0.0000
          0.0000
          0.0000
          0.0000
          0.0000
          0.0000
          0.0000
          5.6998
          3.9662
          0.0000
          0.0000
          0.0000
          0.0000
         21.8186
         21.9917
         19.7903
         16.8553
          0.0000
          0.0000
          0.0000
          2.1294
         10.4798
         70.0506
         73.1382
         48.2959
         47.0642
         37.6262
          0.0000
          0.0000
         14.1759
          0.0000
         73.6584
         68.8024
          2.2525
          0.0000
          0.0000
          0.0000
          0.0000
          0.0000
          0.0000
          0.8967
         11.0624
         78.1685
         10.3867
          0.0000
          0.0000
          0.0000
          0.0000
          7.1323
          0.0000
          0.0000
          0.0000
          0.7312
         22.9574
         17.3350
         69.3248
        105.5584
        168.3870
        105.1973
         17.1756
          0.0000
          0.0000
          0.0000
          0.0000
          0.0000
          0.0000
         -1.0932
          0.0000
          2.0253
         21.7838
         13.3729
          2.1315
         12.6015
          0.0000
          0.0000
          0.0000
          0.0000
         28.5894
          9.2795
          0.3244
          7.2298
          0.0000
          0.0000
          0.0000
          0.0000
         22.3812
          7.9113
        170.3524
        152.5328
         18.8284
          0.0000
          0.0000
          0.0000
          8.9261
          9.2061
        111.1162
         79.8966
          0.0000
          0.0000
          0.0000
          0.0000
         14.1516
         10.7020
         13.0089
         20.7325
         29.7050
          5.7188
          5.7188
