          0.0000
          0.0000
          0.0000
          0.0000
          0.0000
          0.0000
         -9.3058
         -2.1985
          0.0000
          0.0000
          0.0000
          0.0000
          0.0000
          0.0000
         -7.3622
          0.0000
          0.0000
          0.0000
          3.1343
         14.7938
         13.6976
          0.0000
          0.0000
          0.0000
          0.0000
          0.0000
          0.0000
          0.0000
         13.2830
          1.5275
         -2.9505
          0.0000
          5.7385
          9.9193
          5.8769
         23.3470
         21.8886
         23.7015
         90.7944
          0.0000
          0.0000
          0.0000
          4.6632
         22.4051
         -3.5009
         -3.1077
         17.4622
          0.0000
          0.0000
          2.8532
          7.4680
         17.5448
         39.7585
        103.1088
        139.2928
         31.6476
          0.9296
          0.0000
          0.0000
          0.0000
         25.6689
         26.3879
         87.4353
         94.8906
         42.7213
         19.9752
         14.8764
          0.0000
          0.0000
          0.0000
          0.0000
         39.6869
         -6.1699
        -16.2596
          8.0447
         63.7959
         34.4055
         -1.0479
         50.0927
        112.2178
        119.7676
        123.4770
         89.2794
         31.0428
          0.0000
          0.0000
          0.0000
          0.0000
          0.0000
          0.0000
          0.0000
          0.0000
          0.0000
          4.3549
         80.6852
         97.6688
         37.5869
         92.2753
        135.7310
        129.0492
         60.7123
         -0.2484
         -0.4610
          0.0000
          0.0000
          0.0000
          0.0000
          0.0000
          0.0000
          0.0000
         36.8343
         37.5763
         50.7760
          2.9930
         -2.2750
         -7.3556
         -1.2703
          4.6762
         39.4784
         42.0100
          6.6614
          0.0000
          0.0000
          0.0000
          7.8134
          0.0000
          0.0000
          0.0000
          0.0000
          1.9449
          9.2710
          2.1693
          8.7194
         81.0126
         43.8850
          0.0000
          0.2806
          0.0000
          5.7214
         11.1962
          7.4885
        169.4580
          0.0000
          0.0000
          0.0000
         28.7221
         16.2755
         19.0345
         38.5363
        116.0596
          1.8786
         -0.4331
         14.3453
         55.9845
         55.7309
          2.3394
          1.4688
          0.0000
          0.0000
          0.0000
          8.6386
         29.2760
          1.6020
          0.0000
          0.0000
          0.0000
         -1.8307
          0.0000
          0.0000
          0.0000
          0.0000
          0.9797
          9.2810
          4.6359
         -2.3370
          0.0000
          0.0000
          0.0000
          0.0000
         13.7996
         11.7435
          0.0000
          0.0000
          0.0000
          0.0000
          0.0000
          6.7228
         19.6339
          6.3096
         -1.8103
          0.0000
          0.0000
         17.9843
         15.3059
         27.1219
         11.8939
         13.4851
          5.3803
         67.5609
         60.1619
         88.4740
        103.1960
         83.2205
         78.0216
        -20.0274
         -7.1922
         13.3331
         86.3569
         29.9695
          6.2812
          7.9512
         -5.4833
         -4.5057
        -10.8792
        125.0168
        131.4749
         23.4121
         17.4300
         32.7929
         35.3152
         25.4905
         -0.5033
         72.6774
        104.6308
         19.4800
         31.6246
          2.8681
         -0.0942
          0.8215
          0.0000
         -1.9337
          0.0000
          0.0000
          0.0000
          0.0000
          0.0000
          0.0000
          0.0000
          0.0000
          0.0000
          0.0000
          0.0000
          5.3038
          4.2080
         12.1095
         26.8254
        114.9602
         38.8737
         -1.1583
         -3.6132
         -0.3105
          6.4969
          6.1179
          4.8022
         60.1871
          0.0000
          0.0000
          0.0000
          0.0000
          5.3236
         48.1001
         -2.4551
         -3.1172
          0.0000
          0.0000
          0.5845
          2.7876
          4.7266
          8.3853
          3.7195
          0.2040
         63.2862
        133.4929
         96.6472
         44.4361
          7.6061
          1.1336
         -0.4521
        -10.4426
        120.3408
         23.6958
         -4.5024
        -11.6137
         -2.8738
        -19.0599
         -5.4976
          0.0000
        194.4645
         11.3613
         36.5270
         18.3388
          0.0000
          1.3469
          0.0000
         62.1658
         29.5107
          6.7308
         -2.5491
         10.3660
          7.6298
         -0.9925
        211.7683
        236.1922
        116.5901
          0.0000
          0.0000
          3.8777
          6.8065
         11.8663
         12.6100
          9.5171
          6.7204
          0.0000
          1.5590
          5.1543
          1.5602
          6.0104
          2.2473
         -1.4201
          0.1797
         18.5230
         25.0033
         28.9362
         42.7428
         42.4101
         29.3480
        113.9557
         90.2215
         54.9858
         17.1263
         15.3988
        139.1263
        177.0924
         59.0550
         -2.5112
          0.0000
          0.0000
          5.2353
         20.9442
         94.6210
         87.0143
          2.2336
          4.1265
         19.3862
         36.6564
          8.5788
         -8.0637
         -5.2601
        -25.4104
        -31.4371
          4.9050
         26.1788
          0.7997
         26.9339
        106.8564
         99.3440
         29.0887
         42.0811
         -2.4979
         36.1792
         44.7653
         31.7259
         17.7722
         16.4024
         16.4823
         28.2855
        140.1041
         79.0645
         -8.0960
         -7.4440
          2.0860
          1.0216
          2.0292
          0.0943
         69.7803
         86.9102
         44.1430
         -7.6068
          9.0370
          5.1630
         -2.0534
        -15.6440
        114.9686
        176.6353
         24.1011
         -5.6058
          0.0000
          7.3042
         34.6869
          5.6412
         61.4701
         40.1287
          0.0000
          0.0000
          0.0000
          3.6876
          0.0000
          0.0000
          3.4785
          2.5688
          7.8930
         -1.7062
          1.9965
         22.0907
         27.6497
          9.3903
          0.0000
          0.0000
         15.3084
         34.1373
         93.8333
        173.1235
         90.3615
          0.0000
          0.0000
          0.0000
          0.0000
          0.0000
          0.0000
         22.1949
         19.8372
         82.0064
         37.9339
         -1.0725
          0.0000
          0.0000
         11.0162
         23.4076
         31.5000
        113.6784
          0.0000
          0.0000
          0.0000
          2.7523
         14.2971
         13.1931
         23.8372
         94.8964
          0.0000
          0.0000
         -2.5495
         -1.0434
        -14.4255
          7.4846
         15.1828
         10.5051
        163.7724
          0.0000
          0.0000
          7.2060
         58.7030
         52.2801
         92.6411
        204.3328
        114.1321
         33.5562
          0.0000
          0.0000
          0.0000
          0.0000
          0.0000
          0.0000
         19.8155
         13.8862
          0.0000
          0.0000
          0.0000
          0.5622
         11.2890
          2.5545
         40.2579
         52.1109
          0.0000
          0.0000
         18.4471
         50.4519
         23.8272
         20.5190
         63.1738
         64.7696
        202.8460
        219.1934
        179.9842
        104.7125
         63.9961
          0.0000
          0.0000
          0.0000
          0.0000
          0.0000
          0.0000
          0.0000
          0.0000
          0.0000
         23.1685
         22.3767
         18.1212
         18.8953
         13.8509
         10.0535
         52.5678
         65.1358
         29.4003
         54.5574
          1.0443
         13.2018
         43.4100
         81.5114
          1.0450
          0.0000
         83.5531
         51.4687
          0.0000
          0.0000
          0.0000
          0.0000
          9.3356
          1.7169
         -1.0306
          1.8548
          0.0000
          0.0000
          0.0000
          0.0000
          8.3983
          7.9239
         81.5185
        161.2563
        186.0835
        180.8588
        154.1440
        182.2196
        195.2142
         19.4450
          0.0000
          0.0000
          0.0000
          0.0000
          0.0000
          0.0000
          0.0000
          0.0000
         -2.3679
         -3.9788
          0.0000
          0.0000
          0.0000
          0.0000
          0.0000
          0.0000
          0.0000
         60.5115
          8.7135
        -27.5662
         -4.8071
         13.1509
          7.1904
        117.0157
        215.7780
        138.7661
        148.3680
        151.5293
        169.6100
        160.4624
        116.7817
         51.7982
          0.0000
          0.0000
          0.0000
          0.0000
          0.0000
          0.0000
          0.0000
          8.3006
         83.6964
         40.7607
        -24.7488
         -6.5372
          0.0000
          3.5016
         28.1138
         96.0696
         72.9600
          5.2951
         -2.0125
          0.0000
          0.0000
          0.0000
          0.0000
          0.0000
          0.0000
          0.0000
          0.0000
          0.0000
          0.0000
          0.0000
          0.0000
          0.0000
         -1.1766
          0.0000
          0.0000
          0.0000
          0.0000
          0.0000
          0.4817
          0.0000
          0.0000
          0.0000
          0.0000
         31.1676
          9.2401
         20.1701
         -0.1012
          0.0000
          0.0000
          0.0000
          0.0000
         33.8886
         55.6302
        126.8158
        135.5340
        131.0884
          0.0000
          0.0000
          5.5060
          8.8464
         26.8060
        134.7475
        130.1272
          2.5569
          0.0000
          0.0000
          0.0000
         15.9915
         22.4904
        130.6748
        121.5264
          0.0000
          0.0000
          0.1258
         13.4967
         33.0953
         22.9529
         27.3804
         -5.1146
         61.2654
         29.2578
         30.5398
         33.4926
         16.9158
         26.7468
         77.8877
         32.0579
          0.0000
         15.9642
        100.2690
         42.2957
         11.4435
          9.3897
         42.4665
        104.8345
         61.6727
         27.7389
          0.0000
          0.0000
          0.0000
          0.0000
          0.0000
          0.0000
          0.0000
          0.0000
          0.0000
          0.0000
          0.0000
          0.0000
          0.0137
         10.6028
          6.0164
         41.4610
         58.4352
         28.9875
         36.8997
         28.6837
         45.3708
        114.9169
        106.0857
          0.0000
        103.7390
         99.3575
        155.9409
         51.2492
          0.0000
          0.0000
          0.0000
          0.0000
          0.0000
          0.0000
          0.0000
          0.0000
          0.0000
          0.0000
          0.0000
         26.6549
         16.9983
         -4.0977
        -18.4728
         -6.5457
          0.7214
          8.5966
        -20.1210
         -2.4258
        -19.3540
         -7.5656
         59.2725
        101.5792
          0.0000
          0.0000
         11.8274
         38.6850
         -3.4208
         19.9909
         15.5998
         25.5256
         65.9831
        122.3017
        247.1702
         73.3479
          0.0000
          0.0000
          0.0000
          0.0000
          0.0000
          0.0000
          0.0000
        113.0593
         93.1329
          0.0000
          0.0000
          0.0000
          0.0000
          0.0000
          0.0000
         -0.9474
          0.0000
          0.0000
          0.0000
         -6.8119
         -7.7435
          6.2354
         -6.0510
         52.6723
         11.6989
         -7.7115
        -13.4437
          0.0000
          0.0000
          7.7463
         -3.1022
         48.3908
         88.1003
         57.0049
        -36.0984
        -20.5098
         -1.0134
          6.8421
          0.0000
         10.5659
          5.5053
          2.4579
          2.6060
          2.8846
         18.1977
          6.6369
          0.0000
          0.0000
          0.0000
         17.8329
         53.0301
          0.9926
         -7.8123
         13.4315
          4.4383
          2.6307
          6.1112
         10.3470
          1.4669
         -0.6113
         27.6082
         30.9805
         73.4774
         15.0172
          7.4730
         26.8477
         86.0881
         34.2912
          0.0000
          3.0117
          5.8276
         41.1239
          0.2915
          1.6283
          0.0000
          0.0000
          0.0000
          0.0000
          0.0000
         -2.8142
         -0.5693
          8.4003
          9.3296
          5.1917
         -1.8265
          4.1334
          1.5626
         18.1710
         26.0009
         29.6962
        132.5360
        164.6893
         57.9746
         -0.7136
          0.0000
          8.4067
          4.9872
          8.8079
         -6.1588
        139.3098
        117.9611
         37.6085
         98.8066
        225.1037
        145.2303
          0.5328
          0.0000
          0.0000
          0.0000
          0.0000
          0.0000
         -4.7707
         -2.8043
          8.8512
         17.3799
         10.1783
          4.8319
          0.6621
          0.0000
          0.0000
          0.0000
          0.0000
         14.6453
         19.2195
          6.2174
         48.0097
        173.1208
        128.7757
          0.0000
          0.0000
          0.0000
          0.0000
          0.0000
          0.0000
          0.0000
          0.0000
          0.0000
          0.0000
          0.0000
         11.6304
         15.6861
         45.5245
         -0.9321
         41.5796
         30.1860
         -5.0217
        -10.0187
          5.7235
         -0.1757
          1.5337
         48.5844
          0.0000
          0.0000
          0.0000
         75.3664
        105.2416
         93.1770
         15.6620
          0.0000
         47.7951
          0.0000
          0.0000
          0.0000
          0.0000
          0.0000
          8.9496
         27.4060
         65.8984
         19.3183
         32.4989
         66.3632
         26.2851
          1.8161
         12.6088
         55.4672
        159.5211
         37.4835
          3.0351
          0.0000
          0.0000
          0.0000
         17.2420
          3.5380
         32.8187
         10.0589
          4.4609
         40.5350
         61.7161
         21.8665
         15.6158
         24.9855
        162.9242
        157.5105
         13.3186
         25.1414
          8.4889
          5.8902
          2.5379
          4.9297
         63.4377
         58.5488
         -2.2940
         -8.1434
          4.4915
          3.0181
        -15.0319
         68.8313
        130.4151
          0.0000
          0.0000
          0.0000
          0.0000
          0.0000
          3.5753
          0.0000
         13.4547
          0.0000
          0.0000
          0.0000
          0.0000
          0.0000
          1.4154
          0.0000
          0.0000
          0.0000
          0.0000
          2.6370
         16.0791
         31.4784
         22.6078
          9.2942
         21.5403
         90.4519
         86.0809
         41.7693
         47.2059
         78.5120
         69.3614
         38.1870
         -2.6724
         -1.6071
         -2.3450
          8.5507
          5.6544
          0.0000
          1.4943
         -1.0786
         -3.9440
          0.0000
          5.8300
         13.7626
         15.1838
          9.8936
          0.1714
          0.0000
          0.0000
         39.5307
         14.5346
         39.0416
        148.8478
        158.6639
        134.8307
        153.1669
         79.2409
         11.7037
        -10.2556
          0.0000
          0.0000
          0.0000
          0.0000
          0.0000
         18.4343
         34.0668
         73.4199
         53.3602
          0.0000
          0.0000
          0.0000
          0.0000
          0.0000
          0.0000
          0.0000
          0.0000
          0.0000
          0.0000
          0.0000
          0.0000
         -2.7856
         -1.0951
         16.0587
          5.7915
         -0.0229
         -7.2451
        -12.7077
          0.0000
         16.8660
          5.5721
         20.4017
         31.8902
         49.8414
         91.9218
        153.8874
        220.1387
        164.3015
         91.4380
          0.0000
          0.0000
          0.0000
          0.0000
          3.7194
          2.6688
          5.5963
         31.8911
         26.2784
         27.4975
         41.5311
         67.6720
         64.5087
         64.1314
        137.0481
         86.7563
          0.0000
          0.0000
          0.0000
          0.0000
          0.0000
          0.0000
          3.6004
          8.8236
         10.5754
         -3.5746
          0.0000
          3.0818
          9.0397
         23.4541
         61.0712
         62.1757
         28.8060
        -22.1162
         -7.3837
          0.0000
         -1.8791
          0.0000
          0.0000
          0.0000
          0.0000
          0.0000
          0.0000
          5.2936
          9.1187
          0.0000
          0.0000
          0.0000
         18.4445
         28.6413
         30.9156
         20.0021
         -5.6377
        157.9354
        124.4812
          0.0000
          0.0000
          0.0000
          3.0629
          0.0000
          1.1799
          0.0000
         15.8772
         12.1306
          0.0000
          0.0000
          0.0000
          0.0000
          0.0000
          0.0000
         -1.6730
          0.0000
          0.0000
          0.0000
          7.3933
         11.4183
         33.6253
         49.0543
         22.8544
          8.1533
          4.2006
         -2.2433
          3.2497
          0.0000
          0.0000
          0.0000
          1.0846
          0.0000
          0.0000
          5.1412
         11.8760
          3.4450
          5.0835
         -0.0021
        109.9157
         87.8584
         -4.6147
        -22.1564
         -5.4387
          1.2068
          8.7131
          3.6759
         52.1288
         25.0772
         10.7728
        -13.1340
        -17.3128
         -4.5263
          0.0000
          0.0000
          0.0000
          0.0000
          0.0000
          0.0000
          0.0000
         90.3539
         68.2123
         70.1232
        119.7276
         21.9149
         -5.3947
         -0.6012
          2.3965
          0.0000
          2.4383
          0.0000
          0.0000
          0.9645
          5.2631
          5.7694
         24.4372
         31.3243
         16.5487
         22.3037
         30.1455
        119.3857
         37.8626
         23.5703
         29.9660
         18.2034
          0.1150
         -0.0058
          0.0000
          0.0000
          0.0000
          0.0000
          0.0000
          0.0000
          5.8220
          4.1894
          3.5494
          0.6180
         17.4566
         25.4678
         24.6523
         19.3435
         27.9803
         35.9590
         89.2587
         19.3698
         15.0317
          9.7426
          4.4550
          4.8568
         53.9398
        106.9423
         -1.7046
          0.0000
          0.0000
          0.0000
          0.0000
          0.0000
          6.8577
          0.9579
         10.8099
         28.8752
          0.0000
         -1.7059
         -3.6515
          0.0000
          0.0000
          0.0000
         -0.1954
          0.0000
          0.0000
          8.1389
         10.0586
          0.7156
          2.5338
          0.0000
          0.0000
          0.0000
          0.0310
          1.8322
          1.0760
          0.0000
          0.0000
          0.0000
          0.0000
          0.0000
         18.0392
         49.4802
         43.8390
         14.6897
          8.8592
         -0.4430
          0.0000
          0.0000
          0.0000
          8.8254
         19.1566
         20.1221
          2.5491
          0.0000
          0.0000
          0.0000
          0.0000
          0.0000
          0.0000
         19.5905
          2.5451
         25.4691
         91.2358
         54.7694
          0.0000
          5.1924
          0.0000
          0.0000
          8.3445
          0.0000
          0.0000
          0.0000
          0.0000
          0.0000
          0.0000
          0.0000
          0.0000
          0.0000
          0.0000
          0.0000
          0.0000
          0.0000
          0.0000
          0.0000
          0.0000
          0.0000
          0.0000
          4.8817
          9.4764
          6.1547
          0.6559
          0.0000
          0.0000
          0.0000
          0.0000
          0.0000
          0.0000
         41.6152
         23.3062
          7.6680
         68.8759
         73.9887
        163.2007
        196.5767
          0.0000
          0.0000
          0.0000
          0.0000
          0.0000
          0.0000
          0.0000
          0.0000
          0.0000
          0.0000
          0.0000
          0.0000
          0.0000
          0.0000
          0.0000
          0.0000
          0.0000
          0.0000
          0.0000
          0.0000
          0.0000
          0.0000
          0.0000
          0.0000
          0.0000
          0.0000
          0.0000
          0.0000
          0.0000
          0.0884
          0.6493
         -6.2818
          0.0013
         15.8535
         10.4579
         -0.7417
          0.0000
         26.5172
         16.7074
          0.0000
          0.0000
          0.0000
          0.0000
          3.6462
          9.8361
          5.7049
         -0.1891
         33.4862
         14.9279
          5.4321
         33.0181
          4.8601
          0.0000
         -2.9402
        161.9034
         61.9345
          3.5357
          0.0000
          0.0000
         15.1447
        104.9476
        176.1749
         36.0915
          0.0000
          0.0000
          0.0000
          7.4197
          7.3715
          8.9724
          7.2045
         21.3432
         56.6575
        147.5191
         74.9299
          6.2859
          0.0000
          0.0000
         -0.3842
         -0.6669
         26.3544
         25.2826
          6.2783
          8.7872
         -3.2400
         -1.3948
          0.0000
          0.0000
          2.9878
          0.0000
          0.5112
         21.9423
          0.0000
          0.0000
          0.0000
          0.0000
          0.0000
          0.0000
          0.4078
          2.0752
          0.0000
          0.4165
          6.5963
         13.1345
          0.3098
          0.0000
         22.4703
          6.9074
          6.4560
         13.4459
         13.8631
          0.0000
          0.0000
          9.2120
         11.4328
          6.0895
         14.3113
         68.5213
         61.0925
         68.2335
          0.0000
          0.0000
          3.8005
          0.0000
          0.9307
          5.6366
          2.9269
          5.2912
         12.9883
         22.9925
         36.4768
         16.0003
         13.0686
          5.4798
        -18.7817
          5.8887
        104.6631
          9.1206
         51.5398
         29.9545
         60.1296
         73.0022
         45.2043
         -6.3304
         -0.8399
          3.9340
          0.0000
         24.4375
         68.9132
          9.8440
          2.1519
          6.6768
          0.1019
          2.8286
          0.8023
          2.1801
          1.0222
          6.8721
          9.0043
         -2.7244
          0.0000
          0.0000
          0.0000
          0.0000
          0.4005
          5.9295
          0.0000
          0.0000
          3.1754
         18.8153
         16.5583
         43.8207
        130.9904
         89.9537
         -3.5206
          2.7234
          0.0000
          4.2681
         27.4543
         19.8370
          7.6437
          2.1446
          3.5659
          7.5481
          0.0000
          0.0000
          0.0000
          0.0000
          0.0000
          0.0000
          0.0000
          0.0000
          0.0000
          0.0000
          0.0000
          0.0000
          3.0701
          3.4184
          0.0000
          0.0000
          0.0000
          0.0000
          6.0922
          4.0996
          0.0000
          4.8441
          0.0000
          0.0000
          0.0479
          5.6249
          5.4206
          3.4204
          6.7505
          4.9852
         -3.7994
         -2.2042
         -0.0680
         -0.2174
          3.3253
          2.4207
         14.1561
         30.8090
         55.9160
         54.1702
          0.0000
          0.0000
          7.0304
         17.2164
         33.6330
         43.9334
         32.3135
          0.0000
          0.0000
          0.0000
         23.0443
         16.0571
         -2.1400
          1.4574
         61.8495
         69.9113
          0.0000
         18.9419
         25.5957
         29.6693
         32.5580
         11.0546
          7.1664
         80.1935
          0.0000
          0.0000
          5.7171
          0.0000
          0.0000
         11.0574
          0.0000
          0.0000
         53.1385
          2.5489
          0.0000
          3.5318
          0.0000
          0.0000
         -4.0740
         -7.6915
          7.8132
         12.0915
         29.7429
         17.6982
          2.3800
         23.9121
          0.0000
          0.0000
          0.0000
          0.0000
         23.9206
         12.4158
          1.2152
          2.1550
          0.0000
          0.0000
          0.0000
          0.0000
         13.6096
         10.2822
          7.8708
          5.0690
          0.0000
          0.0000
          0.0000
          4.6988
         22.7250
         10.7903
         -2.6599
         -0.3503
         -0.4957
          0.0000
          0.0000
          0.0000
          0.0000
         11.7866
          0.5382
          0.0000
          0.0000
          0.0000
          0.0000
          0.0000
          9.6455
         12.6387
          8.2387
          6.9588
          0.0000
          0.0000
          0.0000
          5.6334
         17.9867
         22.3276
         28.5339
         19.3054
         -3.3847
          0.0000
          0.0000
          8.4773
         76.0829
         19.2864
          2.5153
          4.3030
          0.0000
          0.0000
          0.0000
          0.0000
          0.0000
          0.0000
          0.0000
          0.0000
          0.0000
          0.0000
          0.0000
          0.0000
          0.0000
          0.0000
          0.0000
          3.6508
          1.0499
          0.0000
          0.0000
         16.0519
         29.2279
         14.2775
         18.5250
         10.6997
          0.0000
          0.0000
          0.0000
          0.0000
          0.0000
          0.0000
          2.2562
         12.1694
          0.0000
          0.0000
          0.0000
          0.0000
          0.0000
          5.4263
          0.0000
          4.7530
         18.4379
         16.8155
          0.0000
          0.0000
          0.0000
          0.0000
          0.0408
          0.0000
         37.0361
          6.6619
          0.0000
          0.0000
          0.0000
          0.0000
          0.0000
          9.4323
          0.0000
         34.8410
          0.0000
          0.0000
          0.0000
          0.0000
          0.0000
          0.0000
          0.0000
         -5.0406
         -0.9895
          6.4607
         12.8405
         13.2282
         -1.7284
          5.3296
         24.7792
         60.4826
         12.0534
          0.7245
          0.0000
          0.0000
          0.0000
          0.0000
          0.0000
          0.0000
          0.0000
          0.0000
          0.0000
          0.0000
          0.0000
          0.0000
          0.0000
          0.0000
          0.0000
          0.0000
          0.0000
          0.0000
          0.0000
          0.0000
          0.0000
          1.5313
          0.0000
          4.4314
         14.0164
          8.4439
          4.5619
         16.0705
          4.4674
         37.0628
         27.5906
          0.0000
         17.4438
         15.8712
         -1.6185
        -17.4315
          0.0000
          0.0000
         30.9741
         36.2762
         35.9336
         31.1460
         40.5538
         46.2771
         -6.0010
          0.0000
          0.0000
         11.7360
         13.4096
         16.2002
         10.9571
         -3.6108
         61.4793
         35.2776
          0.0000
          0.0000
          0.8677
          8.5008
          7.7294
         -5.6460
          0.0000
          0.0000
         12.5119
          0.0000
          0.0000
          0.0000
          0.0000
         10.1358
         15.8474
         29.0611
         15.1808
          8.4354
          6.0698
         11.2101
         -2.7646
         20.3905
         55.8450
        119.8820
         42.8997
          0.0000
         11.0242
         13.3974
          1.1691
         -9.4679
          0.0000
         11.5069
          0.0000
          0.0000
          0.0000
          0.0000
          0.0000
          0.0000
          0.0000
          0.0000
          0.0000
          0.0000
          0.0000
          0.0000
          9.8595
          5.9768
         -3.3201
          0.0000
          0.0000
          0.0000
         14.0403
          9.7926
          1.4960
        -11.6631
        -11.1640
          0.0000
          0.0000
          0.0000
          0.0000
          0.0000
          2.1415
          9.7399
          7.5402
         48.8821
          0.0000
         23.9641
         57.8739
          9.9060
          9.3725
        166.9062
        133.6239
         -2.9786
          0.0000
          0.0000
          0.0000
          0.0000
          0.0000
          0.0000
          0.0000
        -12.6882
         -3.9429
          0.0000
          0.0000
          0.0000
          0.0000
          0.0000
          0.0000
        -12.9056
          0.0000
          0.0000
          0.0000
          0.0000
          0.0000
          0.0000
          0.0000
          0.0000
          0.0000
          0.0000
          0.0000
          0.0000
          0.0000
          0.0000
          0.0000
          0.0000
          0.0000
          0.0000
          0.0000
          0.0000
          0.0000
          0.0000
          0.0000
          0.0000
          0.0000
          0.0000
          0.0000
          0.0000
          0.0000
          0.0000
          0.0000
          0.0000
         18.2069
         25.7027
         27.2595
          9.0322
          0.0000
          0.0000
          0.0000
          0.0000
          0.0000
          0.0000
          0.0000
          0.0000
          0.0000
          0.0000
          0.0000
          0.0000
          0.0000
          0.0000
          0.0000
          0.0000
          0.0000
          0.0000
          0.0000
          0.0000
          0.0000
          0.0000
          0.0000
          0.0000
          0.0000
         13.8702
          2.5497
          0.0000
          0.0000
          0.0000
          2.9730
          0.0000
          0.0000
          0.3883
          0.0000
          0.0000
         56.5148
         19.0958
         23.4998
         11.5435
          7.9022
          6.0852
        -10.0473
         -1.1686
          0.0000
          0.0000
          4.9282
          0.1793
          1.1144
          3.3470
          5.1830
         -0.1930
          0.0000
          0.0000
          0.6882
          1.7669
          8.4622
          7.5428
          0.0000
          0.0000
          0.0000
          0.0000
          0.0000
          0.0000
         19.3351
         92.3862
          0.0000
          0.0000
          0.0000
          0.0000
          0.0000
          0.0000
          0.0000
          0.0000
          0.0000
         -1.0202
         54.3139
         -1.2651
          0.0000
          0.0000
          0.0000
          0.0000
          0.0000
          0.0000
          0.0000
          0.0000
          0.0000
          0.0000
          0.0000
          0.0000
          0.0000
          0.0000
          0.0000
          0.0000
          0.0000
         -2.0460
          0.0000
          0.0000
          0.0000
          0.0000
          0.0000
          0.0000
          0.0000
          0.0000
          0.0000
          0.0000
          0.0000
          0.0000
          0.0000
          0.0000
          0.0000
          0.0000
          0.0000
          0.0000
          0.0000
         17.9486
          7.7354
         30.9751
         47.0108
          0.6313
         -4.9455
         16.7150
          0.0000
        110.6878
         45.4660
          5.8431
          1.5688
          3.9020
          7.8671
          3.3266
          0.0000
        196.3779
        121.3764
          0.0000
          0.0000
         10.6123
          4.8302
          2.7232
          0.0000
          0.0000
          0.0000
          0.0000
         19.1238
         16.8612
          0.0000
          0.0000
          0.0000
          0.0000
          0.0000
          0.0000
          0.0000
          0.0000
          0.0000
          0.8927
          0.0000
          0.0000
          0.0000
          0.0000
          2.1749
          9.8765
          9.4370
         -6.1075
         42.0891
         30.2471
          0.0000
          0.0000
          0.0000
          2.2510
          4.5851
         11.1377
          0.0000
          0.0000
          0.0000
          0.0000
          0.0000
          1.7935
          0.5753
          0.0000
          0.0000
          0.0000
          0.0000
          0.0000
          0.0000
          0.0000
          0.0000
          0.0000
          0.0000
          0.0000
          0.0000
          0.0000
          0.0000
          0.0000
          0.0000
          3.4594
          0.0000
          0.0000
          0.0000
          0.0000
          0.0000
          6.1700
          3.3110
          2.2414
         29.6984
         67.7759
          0.0000
          0.0000
          0.6489
         26.4856
         68.3329
          0.4258
          0.0000
          6.5221
          2.5686
          0.0000
          0.0000
          0.0000
          0.0000
         16.4244
         10.9565
         -6.2860
          0.0000
          0.0000
          0.0000
          0.0000
          0.4038
          0.8352
          0.0000
          0.0000
          0.0000
          0.0000
          0.0000
          0.0000
          0.0000
          0.0000
          0.0000
          0.0000
          0.0000
          0.0000
          0.0000
          1.1106
         -0.6040
          2.9357
          0.0000
          0.0000
          0.0000
          0.1750
          2.8684
          5.9919
          8.8919
          4.6501
          0.0000
          0.0000
          0.0000
          0.0000
          0.0000
          6.6738
         14.3512
         19.2549
          0.0000
          0.0000
          0.0000
          0.0000
          0.0000
          0.0000
          0.0000
          4.6055
          0.0000
         27.8116
         16.7987
          9.1636
          0.0000
          0.0000
          0.0000
          0.0000
          0.0000
          0.0000
          0.0000
          0.0000
          0.0000
          0.9703
          0.0000
          0.0000
          0.0000
          0.0000
          0.0000
          0.0000
          0.1112
         -0.3263
         -0.2762
          0.0000
          0.0000
          0.0000
          0.0000
          0.0000
          0.0000
          0.0000
          0.0000
          0.0000
          0.0000
          0.0000
          0.0000
          0.0000
          0.0000
          0.0000
          0.0000
          0.0000
          0.0000
          0.0000
          0.0000
          0.0000
         18.9856
          2.9117
          0.0000
          0.0000
          0.0000
          0.0000
          0.0000
         15.2103
         34.6798
         16.1308
         47.0272
         41.5339
          6.0528
          0.0000
          0.0000
          0.0000
          0.0000
          0.0000
          1.9490
          4.0062
          0.0000
         11.3772
         39.8416
          0.0000
         26.7731
         76.7416
         40.1620
         67.9445
         72.8271
          0.0000
          0.0000
          0.0000
          0.0000
          0.0000
          0.0000
          0.0000
          0.0000
          0.0000
          0.0000
          0.0000
          0.0000
          0.0000
          3.1680
         13.3314
         15.5110
        110.9244
          0.0000
          0.0000
         12.9803
         35.0882
         11.4379
         -6.6616
         -0.2085
         -9.0364
         -0.4656
          0.0000
          0.0000
          0.0000
          0.0000
          0.7729
          0.0000
          0.0000
          0.0000
          0.0000
         13.5790
          6.8818
         -0.7557
          6.5601
          0.0000
          0.0000
          0.0000
          0.0000
          0.0000
          0.0000
          0.0000
        191.1939
          0.0000
          0.0000
          0.0000
          0.0000
          6.1469
          9.6888
          0.0000
         -1.5934
          0.0000
          0.0000
          0.0000
          0.0000
         86.8791
        176.4166
         98.7921
         13.4492
          2.9981
         10.1694
          0.0000
          0.0000
          0.0000
          4.9335
        174.8117
        178.3082
        205.3233
          0.0000
          0.0000
          0.0000
          0.0000
          0.0000
          0.0000
          0.0000
          0.0000
         62.5778
          0.0000
          0.0000
         14.1996
          0.0000
        165.1794
          0.0000
          0.0000
          0.0000
          0.0000
          0.0000
          0.0000
         10.2312
          3.2597
         -3.2779
         57.2221
          0.0000
          0.0000
          0.0000
          0.0000
          0.0000
          0.0000
          0.0000
          1.8857
          6.7959
          0.0000
          0.0000
         29.1543
         21.7919
          7.2706
         31.8197
         83.8128
          0.0000
          0.0000
          0.0000
          7.9928
          0.3817
          0.0000
          0.2666
          0.0000
          0.0000
          0.0000
          2.5613
          2.0737
          1.2244
          9.0285
         20.4679
          0.0000
          0.0000
          0.0000
          0.0000
         35.2542
         29.7825
          7.0875
         18.0615
         26.0766
        204.0451
         57.7977
          0.0000
          2.6960
         -6.3166
         -2.6959
         10.3097
         -2.3639
         49.3428
          2.7793
          0.0000
          6.5306
          6.6607
          4.3601
         11.7710
         42.8306
         30.9742
          0.0000
          0.0000
          0.0000
          0.0000
          0.0000
          2.7783
          0.0000
         80.1218
         48.6908
          0.0000
          0.0000
          0.0000
         10.6159
         12.9120
         18.6235
        125.6681
         54.3821
          0.0000
          0.0000
          0.0000
          0.0000
          0.0000
          0.0000
         -4.5370
          0.0000
          0.0000
          0.0000
          0.0000
          0.0000
          0.0000
          0.0000
          0.0000
          0.0000
          0.0000
          0.0000
          0.0000
          0.0000
          4.1722
         26.7585
         13.8885
        -27.3640
          0.0000
          0.0000
          0.0000
          0.0000
          0.0000
          6.0725
          9.2681
         -0.7921
          8.3130
         15.5955
         10.8961
         -0.9769
          4.7979
        -18.4821
        -16.8365
          0.0000
          0.0000
          0.0000
          0.0000
          0.0000
          0.0000
          0.0000
          0.0000
          0.0000
          0.0000
          0.0000
          0.0000
          0.0000
          0.0000
          0.0000
        -12.6785
         -6.9121
          2.3966
          0.0000
          0.0000
          0.0000
          0.0000
          0.0000
          0.0000
          0.0000
          0.0000
          0.0000
          0.0000
          0.0000
          0.0000
          0.0000
          0.0000
          0.0000
          0.0000
         16.3380
         19.6334
         16.1074
          3.4966
         40.7726
        192.4612
         77.2845
         18.6053
          1.1070
          0.0000
         11.4283
         10.2273
          8.3095
        119.3529
          0.0000
          0.0000
         12.1992
          0.8163
          1.6976
         12.0981
         -2.2468
         -8.0844
         13.7339
         10.9453
          0.0000
          0.0000
          0.0000
          0.0000
          7.6187
         -2.3751
         -2.6385
          0.0000
          0.0000
          0.0000
          0.0000
          0.0000
          0.0000
        -10.8307
         -3.2415
          0.0000
         28.7360
         10.5160
         -7.4581
        231.6871
        264.4313
        281.5476
          0.0000
          0.0000
          0.0000
          0.0000
          0.0000
          0.0000
         22.7802
          4.9771
        -15.3846
          4.1922
          0.0000
          0.0000
          0.0000
          5.2732
          7.8099
          0.0000
          0.0000
          0.0000
          0.0000
          0.0000
          3.8454
          3.6059
         52.1753
        151.7561
         13.7693
        -20.8101
         61.7881
         91.7783
         27.1831
        145.1130
        211.1978
        159.8112
          0.0000
          0.0000
          0.0000
          0.0000
          0.0000
          0.0000
        -12.2577
        -12.3493
        -22.3296
         -0.1124
         15.7097
         -0.2733
         27.2465
         97.4246
        175.3230
        143.4937
          0.0000
          0.0000
          0.0000
          0.0000
          0.0000
          0.0000
          0.0000
          0.0000
          0.0000
          0.0000
          0.0000
          0.0000
          2.1730
         -6.0416
          0.0000
          0.0000
        116.1929
         60.6395
          9.8840
          0.0000
          0.0000
          0.0000
          0.0000
         20.2634
          1.2998
          0.0000
          0.0000
          0.0000
          0.0000
         16.3503
         54.6589
        154.8478
        154.3851
         44.9912
         11.4923
         10.6425
        109.1687
        136.3275
        132.7720
         84.7406
          0.0000
          0.0000
          0.0000
          0.0000
          0.0000
          0.0000
         17.0868
         20.0278
         11.2887
         24.0136
        116.6329
        157.8179
         76.1235
         24.7139
         42.9106
          0.0000
          0.0000
          0.0000
          0.0000
          0.0000
          0.0000
          1.6692
          0.0000
         -3.6745
          0.0000
          0.0000
         14.4870
         11.4873
          3.8033
         11.6543
          8.7492
          0.0000
          0.0000
          0.0000
          0.0000
          0.0000
          0.0000
          0.0000
          2.7117
         -0.4117
          0.0000
          0.0000
          0.0704
          0.0000
          0.0000
          0.0000
          0.0000
         -6.4367
         -1.9413
          0.0075
          2.8488
         12.1912
         35.2791
         80.6904
        147.8855
        122.4347
         39.8431
          0.0000
          0.0000
          0.0000
          0.0000
          0.0000
          0.0000
          0.0000
          0.0000
          0.0000
          0.0000
          0.0000
          0.0000
          0.0000
          0.0000
         -9.2547
         -0.9727
          0.0000
          0.0000
          0.0000
          0.0000
          0.0000
          0.0000
         -9.3572
         -0.4058
          0.0000
          2.3948
          3.7644
          4.0762
         13.5205
         16.9227
        -14.7226
         -2.2404
          4.6281
         23.9021
          9.8420
          3.7047
         21.8925
         62.1607
         58.3544
          0.0000
          0.0000
          0.0000
          0.0000
          0.0000
         22.6879
         31.5805
          7.0232
         -7.8508
         14.5073
          5.9535
         -2.1581
          0.0000
          0.0000
         23.7849
          2.6861
         -2.1346
         16.6282
          5.6349
          2.6100
         19.5470
         22.4859
         28.6740
        115.8035
         12.1359
         11.6462
         14.6565
          4.9663
          1.5386
         30.9094
         68.7580
         48.6278
         32.1203
         10.7817
         -6.1574
          3.0894
          2.3573
        -14.5713
        111.3579
        125.7988
        -11.9477
          0.0000
          8.3868
          0.0000
         34.2108
         11.3543
          0.0000
          0.0000
          0.0000
          3.2755
          2.5041
          0.0000
          0.0000
          0.0000
          0.0000
         -7.3119
         -2.1910
          0.0000
         36.6983
          5.2976
        -21.0860
         59.7388
        244.9812
         40.7507
          0.0000
          0.0000
         51.5078
         31.2614
         91.3785
        113.8128
        129.1085
         23.6495
          0.0000
          0.0000
          0.0000
          0.0000
          0.0000
          0.0000
          0.0000
         30.6628
         25.2156
         -9.7124
        -18.5017
        -23.5113
        -11.8317
          7.0569
          0.0000
          0.0000
          0.0000
         15.2490
         24.8076
         11.8498
        -10.0140
          2.2972
        193.5387
        204.5135
          0.0000
          0.0000
          0.0000
          0.0000
          0.0000
          8.7484
         -3.1688
          8.6259
         -3.4414
         34.0071
         88.8638
         39.9857
          0.0000
          0.0000
          0.0000
          0.0000
          0.0000
          0.0000
          0.0000
          0.0000
          0.0000
          0.0000
          0.0000
         31.6599
         -6.2146
          5.3760
         20.7430
         26.6719
         21.7023
         -1.6856
        133.5269
         76.9241
          0.0000
          0.0000
          0.0000
         17.1024
         19.9417
         20.2247
          5.9682
         17.9745
         39.4180
         12.1791
         28.2391
         82.4478
          5.5762
          0.0000
          0.0000
         -1.0990
          0.0000
          0.0000
          0.0000
          0.0000
          0.0000
          6.1631
          9.2105
          0.0000
          0.0000
          5.1360
         17.3470
         11.3818
          7.1543
         -7.9012
        -17.7424
          0.0000
          0.0000
          0.0000
         10.4409
         16.1852
         22.9162
         18.8143
         24.8336
         73.6692
         11.6863
         -3.7889
          1.8946
         13.4125
         20.5798
         36.6585
         87.0405
        138.2181
          0.0000
          0.0000
          0.0000
          4.5751
         26.6819
         16.9335
         98.4926
        140.7502
          6.9605
          0.0000
         11.2400
        -13.8045
        -11.0001
          1.9236
          6.6797
         -3.4631
          0.0000
          0.4495
          0.0000
          0.0000
          0.0000
          8.8691
          6.5207
         -0.5276
          0.0000
          0.0000
          0.0000
          0.0000
          9.3670
         20.9440
          0.0000
          0.0000
          0.0000
          0.8338
         41.5785
         11.9661
          2.7357
         58.4816
        154.8364
         10.0001
          0.0000
         16.9652
         27.2265
          7.3867
          0.0000
         13.9827
          0.0000
          0.0000
          0.0000
          0.0000
          0.0000
          9.2366
         14.9910
         18.0601
         43.7416
         39.0802
         39.0802
          7.3286
          7.3286
          5.8614
          5.9836
         19.1329
         14.3451
         21.2894
         29.2210
          0.0000
          0.0000
          0.0000
          0.0000
         11.6295
         42.5122
         66.6755
         -5.0770
         34.7025
         24.3705
          8.7037
          7.7394
          5.4420
          0.0000
          0.0000
          0.0000
          0.0000
         24.0666
         21.4645
          6.2228
         22.7827
         75.0148
         50.4526
          0.0000
          1.6894
         13.4723
         14.8508
         25.8826
         57.6761
         95.0032
          0.0000
          0.0000
          0.0000
          3.8680
         18.5866
          6.4253
         13.9853
         18.8089
         49.9855
          5.1442
          0.0000
          0.0000
          0.0000
          0.0000
          6.0569
          3.3219
         -2.7816
          1.8160
         24.3561
         22.0056
         17.0811
         20.5536
         24.6590
         16.7827
          4.5752
         -2.0981
         35.2066
         77.3905
         35.7582
         93.6981
         58.1710
         63.8729
          0.0000
          0.0000
          0.0000
          0.3153
         11.8978
         14.1089
         39.7677
         73.4952
          0.0000
          0.0000
          0.0000
          0.0000
          9.9784
         10.6260
         72.8385
        134.5394
         33.4682
          0.0000
          0.0000
          0.0000
          0.0000
          0.0000
          0.0000
          0.0000
          0.0000
          0.0000
          0.0000
          0.0000
          0.0000
          0.0000
          0.0000
          8.8587
         20.1092
         23.4315
          0.0000
          0.0000
          2.5095
          3.2708
          8.8699
         32.3322
         77.4778
          8.8937
          0.0000
          0.0000
          0.0000
          0.0000
          5.1004
          0.0000
         -2.6257
          0.0000
          4.5657
         11.0903
        -15.2539
        -18.2186
         -5.8061
         -2.2037
         56.4557
         54.6902
          0.0000
          0.0000
          0.0000
          0.0000
          0.0000
          0.0000
          5.2832
         50.9354
          0.0000
          0.0000
          0.0000
          0.0000
          0.0000
          0.0000
          0.0000
         56.5247
         88.1390
         50.3394
          9.7932
         -0.3951
         -4.1101
         -1.7690
        112.4059
        105.7368
          7.6985
          0.0000
          0.0000
          0.0000
          0.0000
          0.0000
          5.8460
         64.6199
          5.2426
          9.4639
          5.8333
          0.2583
         -1.5325
          0.0000
         -0.9331
         24.5860
          0.0000
          0.0000
          5.2547
          0.0000
          9.3180
          4.0991
         27.3083
         96.2056
         88.8877
         69.0392
         18.4451
        -12.5459
         12.3010
        131.0312
         62.4269
          7.4609
          0.0000
          8.2287
         22.4621
          7.1033
         23.2768
         69.8725
         87.1545
          0.0000
          0.0000
          0.0000
          0.0000
          0.0000
         15.6077
          6.4017
        -13.2704
          0.0000
          0.0000
          0.0000
          0.0000
          2.2098
         19.6094
         18.3627
          3.8608
          0.0000
          0.0000
          0.0000
          0.0000
          0.0000
          0.0000
          0.1222
          0.6712
          0.0000
          0.0000
          0.0000
          1.0304
          3.7972
          9.9475
          9.1153
          9.0860
         14.0855
          8.4910
         15.6443
         -0.3227
          0.0000
         17.5267
         22.3384
        128.1383
        132.6667
         23.9918
          9.1153
         11.7202
         13.5970
          8.4699
          0.0685
          0.9689
         77.6733
         17.0279
         20.6952
         35.4999
         42.2111
        -32.5165
         92.5648
         33.5165
          6.0596
          3.2784
          4.2476
          3.5732
         11.7435
         41.1012
        157.7886
         37.5249
          0.0000
          0.0000
          0.0000
          6.1726
         21.2220
          2.7595
         19.1623
         21.5979
          0.0000
          0.0000
          0.0000
          0.0000
          0.0000
          0.0000
          0.0000
          0.0000
          0.0000
          0.0000
          0.0000
          0.0000
          0.0000
         11.3878
         16.0925
         12.4678
         15.2037
         -0.2194
          1.2077
          1.8914
          0.0000
          0.0000
          0.0000
         -0.9643
          0.0000
          0.0000
          0.0000
          0.0000
          0.0000
          0.0000
          0.0000
         -6.6513
         -0.6272
          0.0000
          0.0000
          0.0000
          0.0000
          0.0000
          0.0000
         -0.6872
          0.0000
          0.0000
          0.0000
          0.0000
          0.0000
          0.0000
          0.7060
         -3.7085
         -1.6445
          0.1724
          0.0000
          0.0000
          0.0000
         24.8332
          4.3100
          0.0000
         64.0397
         87.0428
         79.6530
          0.0000
          0.0000
          0.0000
          0.0000
          0.0000
          0.0000
          0.0000
          0.0000
          1.3630
          0.7249
          1.1277
         21.9259
         42.4730
          0.0000
          0.0000
          6.5396
          6.2916
         -5.2067
          8.7340
          3.2871
        111.4094
         21.7264
          0.0000
          0.0000
          0.0000
          0.0000
          0.0000
          4.3420
          1.2143
          0.6605
         11.7787
         17.7306
         13.9757
         18.4370
         22.1857
         23.9431
         28.4814
          0.0000
          0.0000
          2.5426
          3.1102
          9.4577
         22.4832
         46.7908
         13.5952
          0.0000
         19.6379
         33.5947
         19.0003
          1.6427
         -3.1630
          0.0000
          0.0000
          0.0000
          0.0000
         24.0772
          8.6626
         -7.0532
         36.7360
        130.6086
         68.9532
          0.0000
          0.0000
          0.0000
          6.0380
          1.4886
         20.4687
        120.1172
          0.0000
          0.0000
          0.0000
          0.0000
          0.0000
          0.0000
          0.0000
          0.0000
          0.1828
         -1.4724
          0.0000
          0.0000
          0.0000
          0.0000
          0.0000
          0.0000
         -4.8486
          0.0000
          0.0000
          0.0000
          0.0000
          0.0000
          4.3880
         -1.5358
         82.1841
         96.4643
         25.7367
         11.9461
          0.6521
         -9.0428
        -26.9894
         33.8415
        139.4350
        167.8975
        119.2293
          0.0000
          0.0000
          0.0000
          0.0000
          0.0000
          0.0000
          0.0000
          0.0000
         -4.1359
         -5.1924
          8.3319
          0.9669
         52.0581
        123.3460
         73.5060
         -2.8881
        -20.6553
        -19.5506
        -21.8581
        -24.6789
        -18.9645
         30.1593
         21.5440
          0.7219
         32.7456
         22.4964
        -15.9257
          8.3828
          6.0974
         78.2570
         43.4661
          0.0000
          5.5090
          0.0000
         29.7575
         32.9859
          0.0000
         -1.8440
          0.0000
          1.8606
          3.5998
         11.9110
         13.7666
          1.1021
        -20.1128
        -34.4573
         -4.1751
         79.9284
        230.4711
         89.6295
         28.3596
         47.2351
         47.5990
        283.4089
        274.7219
        135.5838
          3.6292
          0.0000
          2.5469
         17.6529
          5.9971
         97.2108
        102.5698
         11.5546
        -17.2569
         -8.9051
         -9.0179
          4.5524
          6.5437
         78.0894
         77.2902
         -6.5695
          0.0000
          2.2636
          0.0137
         10.7301
        136.2150
          1.3324
         -1.0717
          0.0000
         21.9621
         30.1734
          0.7315
         -0.6171
          1.0455
         13.0323
          0.0000
          0.0000
          7.1934
         10.0683
         -1.1876
          1.0323
        102.0814
         53.6246
          0.0000
          0.0000
          0.0000
          0.0000
          0.0000
          0.0000
          0.0000
         58.7072
         10.8082
        -14.8167
        -19.0300
        -15.7390
         -0.9403
         -3.8767
        -30.8833
         38.1592
         69.5722
         27.9276
         -4.3220
         19.2032
         25.2542
         -5.4643
         -3.6310
        109.9223
          0.0000
          0.0000
          9.5599
          9.9258
         -1.4778
          7.8436
         16.9601
         94.3485
         13.9387
         14.4647
         18.4288
         23.5330
         48.7492
         84.8373
          0.0000
          0.0000
          0.0000
          0.0000
          0.0000
          0.0000
          0.0000
          0.0000
          0.0000
          2.1246
          3.2815
          5.2607
          2.5803
         21.8740
         39.0667
         25.2284
         19.9035
         55.9307
         38.9045
         -2.0635
        -11.6478
          9.3151
         47.7368
          2.0952
         -7.1376
         30.1111
        121.0594
         19.4362
         11.9238
         11.3857
          9.5943
          9.2459
         35.7944
         80.5445
          0.8126
         19.9863
         14.9714
         11.5298
         21.4408
        -19.1396
         56.1828
         85.0758
        134.8060
          0.0000
         53.8028
          0.0000
         21.8433
         26.7625
          7.3346
        -13.4767
         26.8444
         34.9748
         24.6332
         14.2580
          8.2876
         -1.6701
        -13.6898
         18.2056
         38.3588
         10.3570
         15.5508
         15.5263
        -24.8366
        -57.1424
          1.7361
          9.8638
          0.0000
          0.0000
          0.0000
          0.0000
          9.7442
         39.1800
         90.0662
         35.8744
          0.0000
          0.0000
          0.0000
          0.0000
          0.0000
          0.0000
          0.0000
         12.2888
         28.7820
          9.5085
         50.1401
          0.0000
          0.0000
         -4.3673
         -0.5423
         54.2978
         87.4820
        120.3547
         89.8214
         71.8155
         25.0995
        -15.4681
        -11.7751
        149.9671
        190.5969
        129.1409
        189.4148
        163.6561
        121.5568
         32.2745
          0.0000
         -9.0348
          0.0000
          0.0000
          0.0000
          0.0000
          0.0000
          0.0000
          0.0000
         -5.0594
          0.0000
          0.0000
          0.0000
          0.7132
         11.4195
          0.6517
         -0.6008
          0.0000
          0.0000
          0.0000
          0.0000
          0.0000
          0.0000
          0.0000
          1.4798
         19.5237
         51.3161
         13.3313
         20.8835
         37.4915
        116.5497
        144.9871
        227.0976
        116.5458
          0.0000
          0.0000
          0.0000
          0.0000
          8.8630
          9.7969
        131.2814
          0.0000
          0.0000
          0.0000
          0.0000
          0.0000
          0.0000
         16.8045
         52.9076
         66.8860
         24.5397
          5.8691
        -11.8023
          0.0000
         42.3857
        101.4148
        110.6085
         81.6222
         77.0556
          0.0000
          0.0000
          0.0000
          0.0000
          0.0000
          0.0000
         -5.1621
          0.0000
          0.0000
          0.0000
          0.0000
          0.0000
          0.0000
          0.0000
         -6.4638
         -0.2407
          8.8750
         -0.6740
          4.9867
          0.6440
          5.6501
          5.1991
          8.1125
         -5.5619
         17.6265
          8.0218
          0.0000
          0.0000
          0.0000
          0.0000
          0.0000
          0.0000
          0.0000
          9.4032
          3.1740
          0.0000
          0.0000
          0.0000
          0.0000
          0.0000
          1.7403
         15.3436
         13.4875
          4.7230
         -1.9938
         -1.3050
          0.0000
          0.0000
          0.0000
         33.7595
         17.1625
         -1.8582
          6.3930
          2.6005
          4.5612
         35.9491
          9.9684
          3.5705
          4.8878
          0.8721
         14.7045
         10.9997
          3.7963
         34.3337
         72.0922
        106.1091
          9.1629
         37.9398
         16.8763
         22.1534
         31.3983
          0.0000
          0.0000
          0.0000
          2.4024
          6.5943
         14.6547
         44.8959
         -3.9803
          0.0000
          0.0000
          3.4062
         11.7162
          0.0000
          5.9934
          3.2563
          6.3439
         24.9605
         24.2789
         15.4548
          9.0922
        106.4667
        105.6810
         16.3100
          9.6076
          7.6981
          2.8984
         -5.2973
         -8.0459
         74.1018
        140.3390
         46.3704
          0.0000
          0.0000
          0.0000
          0.0000
          0.0000
          0.0000
          0.0000
          0.0000
          1.3689
         46.7358
         -1.1717
          0.0000
          0.0000
          0.0000
          0.0000
          0.0000
          0.0000
          0.0000
          0.0000
         15.0817
         30.8499
         20.2530
         28.5265
        145.2420
          2.8500
          0.0000
          0.0000
          0.0000
         30.4769
          4.6792
          0.3779
         70.7275
         70.4472
          0.0000
          0.0000
          9.1914
         16.9719
          7.0605
         26.0077
         93.2412
         88.3524
          0.0000
          0.0000
          0.0000
          6.3034
         27.5508
         18.7093
         10.1701
         23.8820
         -7.9564
          1.1651
          0.0000
          0.0000
          0.1677
         10.6611
          3.9794
         48.8649
         45.0840
          7.5436
          0.0000
          0.0000
          0.0000
          5.4800
          2.1845
         83.2853
          0.0000
          0.0000
          0.0000
          0.0000
          0.0000
         10.9366
         11.5219
         -0.8623
          0.0000
          3.6799
         15.3910
         15.0999
          8.1897
         32.0180
         56.6256
         39.8485
         -9.9197
          0.0000
         50.6520
         17.2792
          0.6094
         27.8916
         45.9769
          0.0000
          0.0000
          0.0000
         22.5360
         18.3171
          0.0000
         19.6415
        156.6546
          0.0000
          0.0000
          0.0000
          4.8400
          6.6373
          0.0000
          6.0620
          1.6163
         59.0165
          0.0000
          0.0000
         10.9611
         -0.4429
          7.5083
         16.3290
          1.9543
          4.4649
         15.5204
         48.7555
         87.7486
         28.2031
        -11.6417
         18.3339
         68.2236
         29.1943
         85.3682
          9.3434
         -1.7206
         11.0982
         42.0029
         82.6470
         33.5673
         -0.7148
         10.0889
          0.0000
          2.0323
          2.7215
         39.9154
         20.4984
         17.9944
         17.0243
         54.8573
         45.6479
         64.9833
         41.1765
         70.5984
         99.0429
         53.9165
         -1.5042
          0.0000
          3.1258
          4.5920
          2.0622
          0.0000
          9.0697
         17.1163
        112.7315
        173.6512
        116.8568
          0.0000
          0.0000
          0.0000
          1.7422
         -5.0406
         -8.4943
          0.0000
          0.0000
          0.0000
          0.0000
          0.0000
          2.1732
          2.0580
         10.6182
         -0.3126
          0.0000
         11.0693
          0.0000
          2.9652
        -16.4793
         46.8314
          0.0000
          0.0000
          0.0000
         38.4447
         58.9646
         90.3344
        140.3002
        227.7053
          0.0000
          0.0000
          0.0000
          0.0000
          0.0000
          0.0000
          8.0985
          6.7807
          0.0000
          0.0000
          0.0000
          0.0000
          0.0000
          2.6302
         19.3234
         43.8389
         74.7470
        -10.4735
          0.3341
         22.7688
         15.9550
         29.4360
         11.5299
         -2.2746
         -2.9083
          0.0000
          0.0000
          6.0871
         14.3619
         42.5344
         48.9758
        132.0861
         39.6787
          0.0000
          0.0000
          0.0000
          0.0000
          0.0000
         15.4511
         83.5045
         64.1632
         -3.6664
          0.0000
          0.0000
          0.0000
          0.0000
          0.0000
          0.0000
         -4.3749
          0.0000
          0.0000
          8.2906
         13.7609
         12.8793
         11.5874
          0.3130
         -1.8600
          3.0267
         18.5827
         36.1899
         32.6722
         20.4983
         20.8427
         17.3449
          0.0000
          0.0000
          0.0000
          0.0000
          0.0000
          0.0000
          3.7580
          5.0858
         -0.9795
         -1.3032
          1.0978
          0.0000
          0.0000
          7.4856
         64.5012
         34.4925
          0.0000
         15.3877
         57.1627
         10.4550
          7.2493
          0.0000
          2.1825
          2.2824
          2.3535
         44.9339
         31.4903
         17.6725
         19.1070
         26.2744
         13.4697
         -4.4547
         16.4100
         17.8538
         35.3158
        135.3786
        176.0888
        183.7022
        163.7577
        184.0999
         -2.4363
          0.0000
          0.0000
          0.0000
          0.0000
          0.0000
          0.0000
          0.0000
         -2.6649
          0.0000
          7.3980
          0.0000
          0.0000
          0.0000
         23.3990
         42.4274
         94.8377
         74.0946
          6.6407
         -9.1875
          0.0000
          0.0000
          0.0000
         61.7012
        114.4290
          0.0000
          0.0000
          0.0000
          0.8391
          0.0000
          7.4293
          9.8789
         76.4746
          0.0000
          0.0000
          2.0491
         11.0761
          5.5659
         22.1041
         41.2834
         33.4755
         27.4331
         40.3118
         40.5848
         -1.7328
         -6.3236
          7.7291
         16.6368
         27.3935
         14.0233
         26.6526
         59.7996
        113.8632
         28.5270
         16.8333
         34.2536
         82.3659
          0.0000
          0.0000
          6.8995
         12.5858
          3.9334
          9.0179
          4.1056
         20.2543
         77.6512
         22.0319
         47.2654
          1.1241
          6.3642
         -6.5589
         -1.1496
         -3.4369
          0.0000
          0.0000
          3.6066
         15.7628
          7.3812
         10.8026
         11.0421
         38.0811
          0.0000
          0.0000
          0.0000
          1.8232
         12.3894
          6.8938
         11.5537
         17.1453
          4.8058
          0.0000
          0.0000
          0.0000
          0.0000
         19.3321
         23.0705
         22.9864
         -3.6608
          0.0000
         11.2815
         11.0145
          1.5609
          7.7728
         26.0700
          6.8724
         18.3818
         13.0487
         10.4550
          4.3084
         -0.1392
          7.8342
         18.2650
        157.0912
          0.0000
          0.0000
          9.3665
          4.3528
          1.4918
         -3.8360
         -2.6849
         -0.7726
          0.0000
          0.0000
          8.9224
          7.4888
          0.0000
          0.0000
          0.0000
         -3.6905
          0.0000
          0.0000
          0.0000
          3.5568
          1.5882
          1.9973
          1.3461
          0.0000
          0.0000
         16.5237
         17.7316
         24.9850
         34.6131
         30.9417
         20.6148
          0.0000
          0.0000
          0.0000
         15.4285
         26.2405
          6.0486
         -6.5516
         31.8910
         34.1170
          0.0000
          6.2696
          0.0000
          0.0000
          0.0000
          0.0000
          0.0000
         -3.4935
          0.0000
          0.0000
          0.0000
          0.0000
         17.4680
         17.8379
         30.9851
         38.5108
          0.0000
          0.0000
         19.3178
         21.7926
         -5.1128
        -17.5519
         -1.7586
         42.0823
          0.0000
          0.0000
         24.8139
         36.9039
         24.7001
          0.0000
          0.0000
          0.0000
          0.0000
          0.0000
          0.0000
          0.0000
          0.0000
          0.0000
          0.0000
          0.0000
          0.0000
          0.0000
         17.4716
          5.8916
         18.1149
         42.5602
         17.2420
          7.0813
          0.0000
          0.0000
          0.0000
          0.0000
         10.2007
         18.6222
         26.0108
         70.1768
          0.0000
          3.3756
         16.9276
          6.0608
         -1.2581
         -0.8587
         -2.0057
         12.8315
         -6.5809
         10.2024
          0.0000
          0.0000
          0.0000
          0.0000
          0.0000
         -2.0800
          4.3185
          4.7433
          0.0000
          0.0000
          0.0000
          0.0000
          8.7601
          9.4727
          9.0857
         12.7547
         12.7551
         12.1378
          4.1380
         30.3465
        111.4907
        154.4708
          9.2943
         19.8158
         23.1971
          3.7326
          4.4972
          5.7750
        -10.1809
         -2.2953
          3.3333
         18.4234
         32.5312
         22.2158
         16.5790
         35.8064
         22.7519
         -9.2947
          0.0000
          0.0000
         43.4523
         39.5069
         25.3094
        112.8609
        168.0124
          0.0000
          0.0000
          0.0000
          0.0000
          0.0000
          0.0000
          5.9816
         -3.6719
          0.5155
         17.8073
          9.1983
          6.8696
         15.5298
         27.3020
         69.0402
        122.1891
         68.9992
          0.0000
          0.0000
          0.0000
          0.0000
          0.0000
          0.0000
          2.8077
         -2.2956
         -3.0256
          0.0000
          6.0906
          2.5049
         -0.7208
          0.4413
         -2.1822
         -9.6970
          0.0000
          0.0000
          0.0000
          0.0000
          0.0000
          0.0000
         21.4029
         17.0374
         -3.6232
         13.5388
         32.0676
         38.7212
         38.8492
         92.9874
        166.3631
         -4.5019
         -0.3838
          0.0000
          0.0000
          2.0193
          0.0000
          3.0940
          7.4411
         12.5450
         -0.6143
          1.5069
          0.0000
          0.0000
          2.8814
         16.1089
         13.0377
          6.7795
          2.1352
          2.7558
          5.6397
          0.0000
          0.0000
          5.4835
         -0.4249
         -3.2491
         -1.5042
          0.0000
          0.0000
          0.0000
          0.0000
          0.0000
          0.0000
        -11.0654
          0.0000
          0.0000
          0.0000
          0.0000
          0.0000
          0.0000
         10.1435
          2.6486
          0.1694
          8.5021
         25.3191
          2.9761
         -2.1268
          9.9300
         11.2005
         29.3255
         43.0175
          3.8216
         19.5655
         12.6600
          2.6230
         -0.5148
         -2.9703
         -1.8712
          8.0292
         21.2952
         35.2093
          4.6655
         -3.9105
         14.3637
         14.8676
          9.8076
          7.9954
         17.8976
         14.6263
         34.7975
          7.2532
          7.4201
          4.6089
         14.3038
        117.6895
         22.3620
         17.5874
         17.5364
         18.4580
          4.5717
         -1.1845
         -4.5278
          0.0000
          0.0000
          0.0000
          0.0000
          0.0000
          0.0000
          0.0000
         11.1646
         16.5863
         35.9000
         21.2202
          0.0000
          0.0000
          0.0000
          0.0000
         -0.0057
          0.0000
          0.0000
          8.3833
         11.6166
          0.0000
          0.0000
          1.7951
         -0.5264
         -2.2455
          0.0000
          1.5851
          6.8018
          0.0000
          0.0000
          0.7922
         -8.7832
         -0.6411
          0.0000
          0.0000
          0.0000
          0.0000
          0.0000
          0.0000
         -5.7167
          1.0311
         -3.0217
          0.0000
          0.0000
          0.0000
          6.3388
          6.1020
          3.6370
          7.1190
          2.1789
         -3.2736
         -5.3646
          0.0000
          6.6866
         13.9231
          7.3922
         54.1692
          0.0000
          0.0000
          0.0000
          0.0000
          0.0000
          0.0000
         -3.0838
         -0.2002
          8.0576
         11.4921
         35.4094
         76.0634
         91.1637
         20.7816
          0.0000
          0.0000
          0.0000
          0.0000
          0.0000
          0.0000
          0.0000
          5.0571
          0.6410
         -1.3436
          0.6983
          2.7591
          3.3004
          8.1176
          3.3810
         -4.9194
         -3.7294
          7.4547
         13.7295
          0.0000
          0.0000
          0.0000
          0.0000
          0.0000
         39.6070
         95.7722
         -8.3651
          0.0000
          0.0000
          0.0000
          1.6577
         44.4359
         84.7456
         70.0340
         -0.5799
         -5.8639
          2.1934
         71.7365
          6.9709
         -3.5494
         -0.9257
         10.6672
         26.3860
         25.8643
         20.5037
         97.8161
         84.2377
         86.5142
        155.1040
         51.2780
         18.0378
          4.8214
         38.3121
         62.8455
         15.2266
         -0.8101
         21.3101
          2.3254
          9.3067
         40.4321
        116.1168
         79.3622
          7.0416
          8.0995
         -3.7922
         -3.2059
          0.0000
          0.0000
          0.0000
          0.0000
          0.0000
        144.0580
        167.2143
          0.0000
          0.0000
          0.0000
          0.0000
          0.0000
          2.0094
          0.1501
        100.5643
        122.2087
          0.0000
          0.0000
          0.0000
          0.0000
          8.2746
         14.3155
         31.9320
         24.0422
         22.4036
         21.0378
         11.6490
        -10.3829
         -0.2500
          0.0000
          0.0000
          0.0000
          0.0000
          0.0000
          0.0000
          0.0000
          0.0000
          0.0000
          0.0000
          0.0000
          0.0000
          0.0000
          0.0000
          0.0000
          0.0000
          0.0000
        136.4409
         45.7892
          0.0000
          0.0000
          0.0000
          0.0000
          0.0000
          0.0000
         25.2196
          0.0000
          0.0000
          0.0000
          0.0000
          0.0000
          0.0000
          0.0000
          0.0000
          0.0000
          1.2249
         11.3025
          0.0000
          0.0000
          0.0000
          0.0000
         23.4884
         22.7293
          2.0173
          0.0000
          0.0000
          0.0000
          3.2227
          0.0000
          0.3899
          0.0000
          0.0000
          0.0000
          0.0000
          0.0000
          0.0000
          0.0000
          0.0000
          0.0000
          0.0000
          0.0000
          0.0000
          0.0000
          0.0000
          0.0000
         42.2199
         29.6644
         18.3313
         23.1181
         -2.6545
          0.0000
          0.0000
          0.0000
          0.0000
          0.0000
          0.0000
          0.0000
          0.0000
          0.0000
          0.0000
          0.0000
          0.0000
          0.0000
          0.0000
          0.0000
          0.0000
          0.0000
          0.0000
          0.0000
          0.0000
          0.0000
          0.0000
          0.0000
          0.0000
          0.0000
          0.0000
          0.0000
          0.0000
          5.4329
          0.0000
          0.0000
          0.0000
          0.0000
          0.0000
          0.0000
          0.0000
          0.0000
          0.0000
          0.0000
          0.0000
          0.0000
          0.0000
          0.0000
         -3.1337
          0.0000
          0.0000
          0.0000
          0.0000
          0.0000
          0.0000
         14.2676
         66.1963
         38.8267
          0.0000
          4.0176
          7.3337
          2.3244
          7.7776
          8.8975
         53.3160
         15.9761
          0.6910
          0.0000
          0.0000
          0.0000
          0.0000
          0.0000
         -2.4256
         -2.4284
          0.0000
          0.0000
          0.0000
          0.0000
          0.0000
          0.0000
          0.0000
          0.0000
          0.0000
          1.2381
          3.3495
          0.0000
          5.2844
         -1.1494
         -8.1162
          0.0000
          0.0000
          0.0000
          0.0000
          0.0000
         23.8686
         18.1619
         19.5926
          0.0000
          0.0000
          0.0000
          0.0000
          3.0947
         31.7691
         53.9806
        157.4574
          8.9819
          0.0000
          0.0000
          3.8830
          0.0000
          0.0000
          0.0000
         -7.3743
          2.3128
         -2.6898
          0.0000
          0.0000
          0.0000
          0.0000
         26.4318
         27.3818
          0.0000
          0.0000
          0.0000
          0.0000
          0.0000
          0.0000
          3.5012
         17.2389
          3.6724
          0.0000
          0.0000
          0.0000
          0.0000
          0.0000
          0.0000
          0.0000
          0.0000
          0.0000
          0.0000
          0.0000
          0.0000
          0.0000
          0.0000
          0.0000
          0.0000
          0.0000
          0.0000
          0.0000
          0.0000
          0.0000
          0.0000
          3.4925
          0.0000
          0.0000
          8.3917
         76.0578
          9.2125
          7.0113
         -0.0376
         92.4373
          5.6914
         75.4486
         61.8350
         15.1610
         -4.9878
         12.4896
         26.6149
          7.5236
         29.1227
         -2.7133
          0.0000
          0.0000
          0.0000
          0.0000
          0.0000
         -6.1108
          0.0000
          0.0000
          0.0000
          0.0000
          0.0000
          0.0000
          0.0000
          0.0000
          0.0000
          0.0000
          7.5680
         25.4039
         85.1551
         83.4203
         12.5191
        -14.8015
          9.7972
          8.3098
         14.7554
         19.0454
         33.8105
         36.3129
        171.6415
         66.1644
          0.0000
          0.0000
          0.0000
          7.6987
          0.0000
          8.9049
         12.8664
         -2.0452
         -2.8277
          9.3724
          7.7461
          0.0000
          0.0000
          0.0000
          0.0000
          0.0000
          0.0000
          0.0000
          0.0000
          0.0000
          0.0000
          0.0000
          0.0000
         25.8538
          7.1374
          3.2839
          0.0000
          0.0000
          5.5965
         20.7351
         26.9603
         68.6634
          0.0000
          3.0515
         32.6171
         19.1480
         -4.7865
         -5.9290
          0.0000
         29.3820
          0.0000
          0.0000
          0.0000
          0.0000
          0.0000
          0.0000
          0.0000
         -2.0604
          0.0000
          0.0000
          0.0000
          0.0000
          8.4590
          9.6666
         -3.6124
         -2.2925
         -2.6205
          4.2419
          0.0000
          0.0000
          0.0000
          0.0000
          0.2391
          2.1222
         -0.7869
          0.1941
          0.0000
          0.0000
          0.0000
          0.0000
          3.7611
         -1.6650
          0.0000
          0.0000
          0.0000
          0.0000
          0.0000
          0.0000
          0.0000
          0.0000
          0.0000
          0.0000
          0.0000
          0.0000
          0.0000
          0.0000
          0.0000
          0.0000
          0.0000
          0.0000
          0.0000
          0.0000
          0.0000
          0.0000
          0.0000
          0.0000
          0.0000
          0.0000
          0.0000
          0.0000
          0.0000
          0.0000
          0.0000
          0.0000
          0.0000
          0.0000
          0.0000
          0.0000
          0.0000
          0.0000
          0.0000
          0.0000
          0.0000
          0.0000
         20.4312
         27.6029
         10.0363
          0.0000
          0.0000
         -8.8212
          0.0000
          9.3549
          8.7569
          4.0590
          0.0000
         12.9392
         60.0854
         16.5717
          0.0000
          5.7975
          0.0000
          0.0000
          0.0000
          5.1394
          2.2000
          0.0000
          0.4665
         31.1136
          0.3444
          0.0000
          0.0000
          0.0000
          0.0000
          0.0000
          0.0000
          0.0000
          0.0000
          0.0000
          0.0000
          0.0000
          0.5447
         -2.7917
          0.0000
          0.0000
          0.0000
          0.0000
          0.0000
          0.0000
          0.0000
          0.0000
          0.0000
          0.0000
          0.0000
          0.0000
          0.0000
          0.0000
         28.3561
          6.7923
          0.0000
          0.0000
          0.0000
          0.0000
          0.0000
          0.0000
          0.0000
          0.0000
          0.0000
          0.0000
          0.0000
          0.0000
          0.0000
          0.0000
          0.0000
          3.0318
          0.0000
         -1.0041
          0.0000
          0.0000
          0.0000
          0.0000
          0.0000
          0.0000
          0.0000
          4.0694
          0.0000
          0.0000
          0.0000
          0.0000
          8.7135
         18.3013
          0.0000
          0.0000
          0.0000
          0.0000
          0.0000
          0.0000
          0.0000
          0.0000
          0.0000
          0.0000
          1.6041
          0.0000
          0.0000
          0.0000
          0.0000
          0.0000
          0.0000
          0.0000
          0.0000
          0.0000
          0.0000
          0.0000
          0.0000
          0.0000
          0.0000
          0.0000
          8.8330
          7.6066
          0.0000
          0.0000
          2.7029
          0.8908
          0.0000
         10.8117
          9.6551
          0.0000
          0.0000
          0.0000
          0.0000
          0.0000
          0.0000
          0.0000
          0.0000
          0.0000
          0.0000
          0.0000
          0.1036
         -3.0599
          0.0000
          0.0000
          1.1469
          0.0268
          2.3989
          8.1567
          0.0000
         25.9736
          0.0000
          0.0000
          0.0000
          0.0000
          0.0000
          3.7308
          0.0000
          0.0000
          0.0000
          0.0000
          0.0000
          0.0000
          0.0000
          0.0000
          0.0000
          0.0000
          0.0000
          0.0000
          0.0000
          0.0000
          0.0000
          0.0000
          0.0000
          0.0000
          0.0000
          0.0000
          0.0000
          0.0000
          0.0000
          0.0000
          0.0000
         -4.2843
          0.0000
          0.0000
         11.4682
          8.1516
         12.4534
        137.5428
         45.0321
          0.0000
          0.0000
          0.0000
         36.0664
         25.3165
         35.1273
         24.2091
          0.0000
          0.0000
          0.0000
          0.0000
          0.0000
          0.0000
          0.0000
          0.0000
          0.0000
          0.0000
          0.0000
          0.0000
          0.0000
          0.0000
          0.0000
          0.0000
          5.7893
        -15.4981
          0.0000
          0.0000
          2.4609
          3.6093
          0.5994
        -10.8802
         -3.4023
          0.0000
          0.0000
          2.3284
         19.2974
         14.5201
          3.6531
          5.6228
          0.0000
          0.0000
          0.0000
          0.0000
          0.0000
          0.0000
          5.7220
         24.9960
        159.9810
        118.0392
          0.0000
          0.0000
          0.0000
         30.7010
         35.4745
         16.8794
         18.1143
         77.6732
          0.0000
          0.0000
          0.0000
          0.0000
          0.0000
          0.0000
          0.0000
         -8.5782
          0.0000
          0.0000
          0.0000
          0.0000
          0.0000
          0.0000
          3.9453
         16.5688
         16.2569
          6.9451
          0.0000
          0.0000
          0.0000
          0.0000
          7.7782
         10.5402
          8.7332
         11.5983
         10.6255
          0.9897
          0.0000
          0.0000
          0.0000
          6.8148
          3.1340
          8.7118
         26.9436
          4.6949
          0.0000
          0.0000
          0.0000
          4.3267
         -0.3025
          0.1694
          0.3054
          0.0000
        134.1615
        121.2671
         86.3918
          0.0000
          0.0000
          0.0000
          0.0000
          0.0000
          0.0000
          0.0000
         21.4689
          3.7453
          0.0000
          0.0000
          0.0000
          0.0000
          0.0000
          8.3293
         30.7133
        105.0638
          0.0000
          0.0000
          3.9928
          2.6829
          0.0000
          0.0000
          9.6399
          7.6310
          0.0000
          0.0000
          0.0000
          0.0000
          0.0000
          0.0000
         16.1854
         24.3744
         -7.7210
          0.4772
         11.7456
         13.8596
        163.9946
         13.1702
         22.1215
          8.1949
        -21.5926
         16.5857
         22.0416
         11.5978
         89.4502
        228.2129
        -17.6874
          0.0000
         12.4754
          0.0000
          0.0000
          0.0000
          0.0000
          0.0000
          0.0000
          0.0000
          0.0000
          0.0000
          0.0000
          0.0000
          0.0000
          0.0000
          0.0000
          0.0000
          0.0000
          0.0000
         14.3057
         20.8391
          5.3239
         18.1250
        160.5913
        237.9424
        134.3748
          0.0000
          0.0000
         16.8315
         74.1746
        153.2019
        127.2259
          0.0000
          0.0000
          0.0000
          0.0000
          0.0000
          0.0000
          0.0000
          0.0000
          0.0000
          0.0000
          0.0000
          0.0000
          0.0000
          0.0000
          0.0000
         17.6754
         61.5481
        165.0650
         35.2987
          0.0000
          0.0000
          0.0000
          0.0000
          0.0000
         46.6445
          0.0000
          0.0000
          4.8003
         14.8969
         -0.0795
         14.2373
         97.0303
        172.7586
         53.3533
         76.0507
        125.6097
         29.7349
          6.3625
         19.4487
        101.2125
        269.6950
         29.7227
          0.0000
          6.5585
          7.6545
          5.9678
        -11.8133
         91.9807
        443.1018
        333.6523
          0.0000
          5.5083
          0.0000
          0.0000
          8.8546
         -0.5596
        126.0940
        235.6561
         90.9812
         50.4825
         53.5452
        198.8068
        336.9068
        380.0550
          0.0000
          0.0000
          0.0000
          0.0000
          0.0000
          0.0000
          0.0000
          0.0000
          0.0000
          0.0000
          0.0000
          0.0000
          0.0000
          0.0000
          0.0000
         19.4905
         15.8183
          6.2499
         63.9097
         26.8274
          3.0109
          6.2987
          1.2467
          0.0000
          0.0000
          0.0000
          0.0000
          8.2742
         17.0279
          2.2576
         13.4870
          6.5582
         -0.7923
         17.2759
         25.2313
         12.1408
          8.4147
         19.3049
         28.2531
        135.7887
        257.1550
         16.0838
          0.0000
          0.0000
          0.0000
          0.0000
          0.0000
          0.0000
          0.0000
          0.0000
          0.0000
          0.0000
          0.0000
          0.0000
          0.0000
          9.1172
        105.6173
        131.0586
          0.0000
          0.0000
          0.0000
          0.0000
         31.1578
         52.5862
         12.6862
          0.0000
          0.0000
          2.8442
          0.4358
          0.5332
          2.8677
         -0.5701
          0.0000
          0.0000
          0.0000
          0.0000
          0.0000
          0.0000
          0.0000
          0.0000
          0.0000
          0.0000
          0.0000
          0.0000
          0.0000
          0.0000
          0.0000
          0.4761
          0.0000
          0.0000
          0.0000
          0.0000
          0.0000
          0.0000
          3.4969
         13.4376
          7.6997
          4.0753
         20.7269
         41.6786
         34.5810
         -5.6445
          9.6074
         19.6999
         68.3029
        325.1514
        361.2258
        383.2821
        264.0735
         73.2819
          0.0000
          0.0000
         46.9638
         66.4574
          0.0000
         42.1970
         37.1014
          1.9651
          8.7434
         -3.0134
         70.7384
         25.2969
         30.4531
         -1.9224
          0.0000
          0.0000
          9.8970
         17.2634
          0.9379
          0.0000
          0.0000
          0.0000
         -3.2313
          0.0000
          0.0000
          0.0000
          0.0000
          0.0000
          0.0000
         53.5023
         67.2850
          0.0000
          0.0000
          0.0000
          0.0000
          0.0000
          0.0000
          0.0000
          0.0000
          7.4673
          9.8372
         78.9817
        184.7984
          0.0000
          0.0000
         52.1618
        206.7715
        306.6644
        367.0193
        123.7458
          1.5169
          0.0000
         78.8955
        201.9498
          0.0000
          0.0000
         42.7854
         21.7822
          0.0000
          7.6508
          6.6645
         15.1418
          2.8191
         10.2967
         24.3308
         18.6920
          0.0000
          0.0000
          0.0000
          0.0000
          0.0000
          0.0000
          0.0000
          0.0000
          0.2348
          0.0000
          0.0000
          0.0000
          0.0000
          0.0000
          0.0000
          0.0000
        -14.5521
         -1.8262
          6.2560
          0.0000
          0.0000
          0.0000
          0.0000
          0.0000
          0.0000
          0.0000
          0.0000
          0.0000
          0.0000
          4.5257
          7.8492
         -0.9252
          0.0000
          0.0000
          1.9116
          0.0000
          0.0000
          8.6291
         26.7985
        215.3297
          7.9945
          0.0000
          1.0033
          0.0000
          0.0000
         28.2495
        102.6027
          0.0000
          0.0000
          0.0000
          0.0000
         95.6749
        120.0183
          0.0000
          0.0000
          0.0000
          9.9524
          0.0000
          0.0000
         33.1650
         15.0285
         11.0086
         33.3885
        201.5476
          0.0000
          0.0000
          0.0000
          0.0000
          0.0000
          0.0000
          0.0000
          0.0000
          0.0000
          0.0000
          0.0000
          0.0000
          7.4534
          0.0000
          0.7884
          0.0000
          0.0000
          3.8250
         12.1770
         12.1543
          0.0000
          0.0000
          0.0000
          0.8111
         -6.0015
         -4.7573
          0.0000
          0.0000
          0.0000
          0.0000
         12.8576
          7.5418
          0.0000
          1.2644
          2.9937
          0.0000
          6.1367
         16.9910
        104.1223
        172.7108
          0.0000
          0.0000
          0.0000
          0.0000
         22.7084
         32.0347
          7.8102
          0.0000
          0.0000
          5.8707
         17.7699
         39.8400
         18.1936
         65.0628
         37.9885
          0.0000
          0.0000
          0.0000
          0.0000
         13.6386
          0.0000
          0.0000
          0.0000
          0.0000
          0.0000
          0.0000
         16.3161
         16.0394
          6.5894
         21.8199
         32.5290
         31.9941
        207.5250
         22.7218
         81.4819
          0.0000
         -7.4127
          1.2581
          8.8958
         19.7046
         54.6923
          0.0000
          0.0000
         21.0454
         23.6447
         15.5156
         -0.3819
          0.0000
          0.0000
          0.0000
          0.0000
          8.0553
          3.8246
         14.3039
          0.0000
          0.0000
         -0.4515
          0.0000
          0.0000
          0.0000
          0.0000
          4.4641
          5.7620
          0.0000
          0.0000
          0.0000
          0.0000
         25.5590
         23.9973
         20.6713
         16.1870
          1.1201
          0.0000
         -1.9138
          7.4263
         18.3889
         83.5577
         78.2974
         53.4608
         55.0902
         47.5321
          0.0000
          0.0000
         15.7869
          0.0000
         86.7291
         85.2293
         13.2062
          0.0000
          0.0000
          0.0000
          0.0000
          0.0000
          0.0000
          5.9409
         14.7104
        100.7719
         18.8031
          0.0000
          0.0000
          0.0000
          0.0000
         14.7996
          0.0000
         -1.2481
          7.1158
          6.6038
         31.5506
         26.1146
         79.3518
        121.5454
        186.1980
        126.3078
         36.0353
          0.0000
          0.0000
          0.0000
          0.0000
          2.8136
          0.0000
         -3.3649
          0.0000
          4.5793
         23.6259
         12.9131
          3.3929
         17.2896
          0.0000
          0.0000
          0.0000
          0.0000
         34.1729
         10.0415
          1.0393
          6.1326
          0.0000
          0.0000
          0.0000
          0.0000
         26.3712
          9.1734
        187.1041
        174.9011
         36.3894
          0.0000
          0.0000
          0.0000
          8.9515
          9.3269
        126.6714
         92.0843
          0.0000
          0.0000
          0.0000
          0.0000
         14.4315
         10.3117
         13.6757
         21.9685
         31.3049
         22.1234
         22.1234
