          0.0000
          0.0000
          0.0000
          0.0000
          0.0000
          0.0000
         -8.1997
          0.0000
          0.0000
          0.0000
          0.0000
          0.0000
          0.0000
          0.0000
         -5.4959
          0.0000
          0.0000
          0.0000
          2.1441
         12.3631
         12.6811
          0.0000
          0.0000
          0.0000
          0.0000
          0.0000
          0.0000
          0.0000
         13.7061
          1.6914
         -1.8081
          0.0000
          0.0000
          2.4186
          2.0843
         21.7252
         22.7706
         22.0602
         70.4453
          0.0000
          0.0000
          0.0000
          0.0000
         21.9902
          4.2186
         -1.6502
         -1.3261
          0.0000
          0.0000
          0.0000
          1.9137
         18.4907
         39.4684
         96.8491
        135.9156
         24.7273
          0.0000
          0.0000
          0.0000
          0.0000
         11.4192
         10.1137
         71.3902
         79.2819
         30.2466
          7.3272
          8.1138
          0.0000
          0.0000
          0.0000
          0.0000
         22.4271
          6.3922
         -5.4870
          9.7922
         63.2390
         36.1054
          1.7029
         38.8520
        108.5362
        110.7866
        118.7097
         82.6454
         25.1616
          0.0000
          0.0000
          0.0000
          0.0000
          0.0000
          0.0000
          0.0000
          0.0000
          0.0000
          0.0000
         58.3096
         88.3083
         37.1606
         75.9255
        125.0903
        105.5335
         53.9743
         -0.2188
         -1.7503
          0.0000
          0.0000
          0.0000
          0.0000
          0.0000
          0.0000
          0.0000
         23.0205
         25.8041
         48.3037
          1.9283
         -1.3980
         -1.0412
          4.3678
          4.6174
         21.2732
         26.7819
          0.0000
          0.0000
          0.0000
          0.0000
          6.6978
          0.0000
          0.0000
          0.0000
          0.0000
          0.0000
          5.9716
          0.0000
          6.8956
         57.6234
         15.9399
          0.0000
          0.0000
          0.0000
          2.8509
         14.7208
         13.8773
        145.0127
          0.0000
          0.0000
          0.0000
         25.7393
         23.8408
         23.8938
         35.7263
         98.6038
          1.5533
         -0.1794
         11.2135
         47.5149
         45.7062
          0.0000
          0.0000
          0.0000
          0.0000
          0.0000
          5.0798
         22.5248
          0.0000
          0.0000
          0.0000
          0.0000
         -1.8255
          0.0000
          0.0000
          0.0000
          0.0000
          0.0000
          7.7634
          3.9504
         -0.2604
          0.0000
          0.0000
          0.0000
          0.0000
         10.6313
         11.8020
          0.0000
          0.0000
          0.0000
          0.0000
          0.0000
          3.2193
         16.0956
          7.0043
          0.0000
          0.0000
          0.0000
         17.9337
         13.1537
         24.6114
          9.7271
         11.1496
         15.7905
         67.3593
         59.9114
         83.8787
         95.6045
         67.7524
         75.3951
         -8.5042
          0.0000
          0.0000
         69.0762
         31.1219
          8.0142
          8.5558
         -4.8609
         -2.7760
         -3.6055
        107.1362
        124.8962
         22.0839
          9.2183
         31.2560
         35.4679
         26.7301
          0.0000
         49.3965
         82.1319
          6.6625
         17.0888
          0.0660
         -0.0939
         -0.0976
          0.0000
         -0.9903
          0.0000
          0.0000
          0.0000
          0.0000
          0.0000
          0.0000
          0.0000
          0.0000
          0.0000
          0.0000
          0.0000
          1.5104
          1.5248
         10.7373
         21.9862
        100.9893
         26.2496
          0.0000
          0.0000
          6.2579
          6.2428
          7.3983
          0.0000
         41.2180
          0.0000
          0.0000
          0.0000
          0.0000
          3.0932
         38.3318
         -0.7227
          0.0000
          0.0000
          0.0000
          0.0000
          0.4053
          1.2829
          8.1821
          3.3275
          0.0000
         55.8708
        124.3410
         84.8340
         34.8049
          0.4357
          0.0000
          0.0000
         -7.0923
        102.5281
         29.8981
          0.9887
         -6.0845
         -0.1762
        -13.8598
          0.0000
          0.0000
        175.3880
          0.0000
         21.4464
          6.8523
          0.0000
          1.3165
          0.0000
         41.1415
         20.5217
          5.5019
         -1.9253
          9.6550
          7.3304
         -0.9201
        197.3868
        211.5519
        102.9843
          0.0000
          0.0000
          2.3275
          5.4070
          9.9996
         13.1573
          3.5640
          0.0000
          0.0000
          0.0000
          4.2796
          0.0000
          3.7770
          0.4738
         -1.3356
         -0.0854
         16.4157
         21.5908
         23.0379
         36.7992
         41.9095
         20.4071
         86.1284
         63.4170
         36.2223
          8.0275
         17.8652
        136.5495
        169.5835
         38.9314
         -4.1928
          0.0000
          0.0000
          0.0000
         19.1434
         86.4700
         77.2025
          0.0000
         -2.6957
          0.0000
         22.9997
         12.5944
         -0.9307
         -3.7433
        -20.1924
        -31.7773
          2.6390
         33.9861
         10.4216
         30.6151
        102.9754
         95.1842
         32.3038
         27.1075
         -2.3222
         21.1448
         37.7775
         26.1221
         13.4488
         16.7537
         17.1152
         28.0207
        128.4026
         69.6839
         -3.4770
         -0.2702
          0.0000
          0.0000
          3.8816
          0.2472
         55.7024
         83.9832
         43.6150
         -1.7917
          9.8612
          5.8350
         -0.8615
         -8.4538
        126.7415
        171.8814
         21.8748
          0.0000
          0.0000
          2.9432
         35.6904
          3.2853
         42.3703
         32.7965
          0.0000
          0.0000
          0.0000
          0.0000
          0.0000
          0.0000
          2.1915
          0.5628
          4.1639
          0.0000
          2.9293
         20.3543
         27.1054
          9.0323
          0.0000
          0.0000
          6.8417
         32.2170
         87.1101
        154.8557
         76.8908
          0.0000
          0.0000
          0.0000
          0.0000
          0.0000
          0.0000
         18.4131
         19.8890
         77.7333
         28.7127
          0.0000
          0.0000
          0.0000
         10.9508
         20.5097
         25.7661
        100.5010
          0.0000
          0.0000
          0.0000
          2.2152
         14.0198
         12.2166
         18.4225
         77.1096
          0.0000
          0.0000
          0.0000
          1.2598
          3.8752
         12.4712
         12.7030
          5.3037
        134.2363
          0.0000
          0.0000
          0.0000
         48.8571
         45.3344
         82.8200
        184.9747
         93.8684
         13.8676
          0.0000
          0.0000
          0.0000
          0.0000
          0.0000
          0.0000
          5.6809
          0.0000
          0.0000
          0.0000
          0.0000
          0.0000
          9.2464
          0.0000
         24.3744
         32.6583
          0.0000
          0.0000
         17.2661
         42.0328
         28.9287
         21.6669
         48.3266
         63.9437
        208.8168
        208.7526
        164.8404
         98.9342
         53.5734
          0.0000
          0.0000
          0.0000
          0.0000
          0.0000
          0.0000
          0.0000
          0.0000
          0.0000
         12.2316
          8.7620
         12.7120
         19.1505
         15.1934
         11.2746
         50.3243
         59.6610
         13.7710
         38.4019
          0.0000
          6.9914
         36.8469
         70.6005
          0.3119
          0.0000
         68.1653
         35.2722
          0.0000
          0.0000
          0.0000
          0.0000
          7.5472
          1.4525
         -1.5372
          0.0000
          0.0000
          0.0000
          0.0000
          0.0000
          4.6438
          9.1278
         83.8326
        164.4785
        169.8457
        166.5044
        138.1519
        164.1291
        180.5089
          7.6219
          0.0000
          0.0000
          0.0000
          0.0000
          0.0000
          0.0000
          0.0000
          0.0000
         -1.3608
         -3.7087
         -0.3564
          0.0000
          0.0000
          0.0000
          0.0000
          0.0000
          0.0000
         64.3496
          9.4153
        -23.3475
          2.2981
         13.9211
         11.0790
        107.9640
        201.8965
        134.2238
        144.7962
        145.4011
        162.2806
        141.8212
         99.3167
         31.6739
          0.0000
          0.0000
          0.0000
          0.0000
          0.0000
          0.0000
          0.0000
          3.5767
         58.4943
         26.9398
        -22.9643
          0.0000
          0.0000
          0.0000
         22.0235
         90.9240
         46.8181
          2.5428
          2.4513
          0.0000
          0.0000
          0.0000
          0.0000
          0.0000
          0.0000
          0.0000
          0.0000
          0.0000
          0.0000
          0.0000
          0.0000
          0.0000
         -0.4489
          0.0000
          0.0000
          0.0000
          0.0000
          0.0000
          2.3242
          0.0000
          0.0000
          0.0000
          0.0000
         25.4120
         12.8561
         20.2384
          0.0000
          0.0000
          0.0000
          0.0000
          0.0000
         21.9312
         51.6492
        119.4858
        124.7673
        118.9157
          0.0000
          0.0000
          4.0060
          5.5357
         15.4828
        122.3788
        118.5861
          1.3940
          0.0000
          0.0000
          0.0000
         12.8391
         20.4283
        121.5180
        114.3578
          0.0000
          0.0000
          0.0000
          9.6944
         33.6566
         22.7929
         30.5229
        -10.0999
         54.2578
         19.1119
         25.3892
         31.3630
         14.5879
         20.7738
         71.0837
         29.6151
          0.0000
          2.3171
         84.6729
         39.0417
         10.7308
          8.7080
         39.9665
         96.7073
         57.1684
         13.2520
          0.0000
          0.0000
          0.0000
          0.0000
          0.0000
          0.0000
          0.0000
          0.0000
          0.0000
          0.0000
          0.0000
          0.0000
          0.0000
          7.9891
          4.2117
         24.0633
         38.2366
         25.4005
         37.7569
         30.1247
         41.3059
        106.7805
         99.4624
          0.0000
         88.2281
         99.9311
        150.7228
         41.5235
          0.0000
          0.0000
          0.0000
          0.0000
          0.0000
          0.0000
          0.0000
          0.0000
          0.0000
          0.0000
          0.0000
         22.2491
         15.6740
        -15.1251
         -4.9387
          0.0000
          0.0000
          5.9977
         -0.1181
        -10.9079
         -6.0759
          1.8387
         41.4538
         81.5586
          0.0000
          0.0000
          0.0000
         17.4090
         -1.9091
         18.9960
         15.4861
         27.0538
         64.2231
        116.4820
        230.4957
         58.6049
          0.0000
          0.0000
          0.0000
          0.0000
          0.0000
          0.0000
          0.0000
         93.5314
         77.2702
          0.0000
          0.0000
          0.0000
          0.0000
          0.0000
          0.0000
         -0.7443
          0.0000
          0.0000
          0.0000
          0.0000
          0.0000
         10.0085
         -4.0283
         36.1796
          7.4727
         -2.4923
         -1.8449
          0.0000
          0.0000
          7.7451
          4.6063
         40.1047
         85.4052
         56.2194
        -24.9651
         -8.0636
          0.0000
          2.8618
          0.0000
          1.0988
          0.0000
          3.8584
          0.0910
          0.6997
         11.8649
          5.0033
          0.0000
          0.0000
          0.0000
          5.4609
         55.1568
          4.2654
         -3.9114
         15.6516
          2.6359
          1.3105
          3.5085
          9.0884
          0.7616
         -0.4950
         27.6151
         28.8968
         65.9070
         10.7494
          5.6503
         24.8551
         73.2857
         23.5282
          0.0000
          0.1589
          4.4783
         24.9313
          0.0864
          1.5064
          0.0000
          0.0000
          0.0000
          0.0000
          0.0000
         -1.7984
         -0.4375
          6.7149
          7.9007
          4.6856
          0.0000
          0.0000
          0.0000
          0.0000
          6.1364
         17.7963
        114.7962
        149.1533
         46.8595
          0.0000
          0.0000
          0.0000
          0.0000
          8.3499
         -6.1010
        133.6634
        113.5395
         36.7927
         94.3919
        202.6593
        127.2809
          0.0000
          0.0000
          0.0000
          0.0000
          0.0000
          0.0000
         -3.6971
         -2.5151
          6.1782
         13.0929
          6.4674
          3.5696
          0.0000
          0.0000
          0.0000
          0.0000
          0.0000
         11.0770
         19.7734
          6.7690
         45.7943
        156.3954
        115.5146
          0.0000
          0.0000
          0.0000
          0.0000
          0.0000
          0.0000
          0.0000
          0.0000
          0.0000
          0.0000
          0.0000
          7.5629
          9.5393
         36.7330
         -0.4375
         19.0868
         23.9730
         -2.5742
         -8.1587
          5.2792
          1.2758
          4.2294
         39.2867
          0.0000
          0.0000
          0.0000
         67.7933
         90.7902
         78.6576
         11.7202
          0.0000
         35.2294
          0.0000
          0.0000
          0.0000
          0.0000
          0.0000
          5.0876
         16.6050
         63.1993
          8.1554
         29.8408
         56.8635
         18.2528
          0.0000
         14.2068
         54.7299
        147.4725
         25.5687
          0.0000
          0.0000
          0.0000
          0.0000
         12.7084
          0.0000
         23.2389
          0.0000
          1.7735
         28.3927
         53.4912
         17.7603
         16.1611
         22.8983
        146.4198
        142.5824
          4.1863
         20.0839
          8.1585
          5.6619
          1.1792
          0.0000
         35.4869
         29.1934
          0.0000
          0.0000
          9.9404
          9.2650
         -7.8220
         56.2354
        108.1282
          0.0000
          0.0000
          0.0000
          0.0000
          0.0000
          2.6980
          0.0000
          0.0000
          0.0000
          0.0000
          0.0000
          0.0000
          0.0000
          1.3749
          0.0000
          0.0000
          0.0000
          0.0000
          0.0000
         10.0170
         33.8314
         26.3381
          6.7921
         14.3129
         74.1867
         76.0820
         42.2530
         46.0768
         71.6942
         64.1030
         28.5159
         -4.4994
          0.0000
          1.1166
          5.9370
          6.7731
          0.0000
          0.0000
          0.0000
          0.0000
          0.0000
          2.4737
         10.2449
         13.2694
          8.9441
          1.1172
          0.0000
          0.0000
         22.9580
          9.6745
         31.2547
        142.9958
        151.3657
        127.3437
        144.6454
         67.2563
          5.4060
         -5.2464
          0.0000
          0.0000
          0.0000
          0.0000
          0.0000
         -1.2885
         20.2995
         68.8746
         43.8295
          0.0000
          0.0000
          0.0000
          0.0000
          0.0000
          0.0000
          0.0000
          0.0000
          0.0000
          0.0000
          0.0000
          0.0000
         -2.3188
         -0.4446
          7.4073
          0.0000
          0.0000
          0.0000
          0.0000
          0.0000
          0.0000
          0.0000
          9.9902
         26.7883
         49.6077
         85.8319
        143.1329
        204.0517
        143.6409
         73.9746
          0.0000
          0.0000
          0.0000
          0.0000
          2.4442
          0.7324
          2.1065
         22.6691
         26.5908
         27.1865
         41.7206
         63.6620
         60.8563
         59.2861
        122.1701
         72.9550
          0.0000
          0.0000
          0.0000
          0.0000
          0.0000
          0.0000
          0.0000
          0.0000
          7.0373
          0.0000
          0.0000
          6.7388
         14.9082
         17.1745
         41.1780
         55.2920
         32.8256
        -12.6536
          0.0000
          0.0000
          1.5146
          0.0000
          0.0000
          0.0000
          0.0000
          0.0000
          0.0000
          3.3711
          9.2739
          0.0000
          0.0000
          0.0000
          6.3078
         18.2623
         21.3514
         19.5560
         -3.8740
        136.4939
         97.8724
          0.0000
          0.0000
          0.0000
          0.4874
          0.0000
          0.3567
          0.0000
          7.9747
          3.6323
          0.0000
          0.0000
          0.0000
          0.0000
          0.0000
          0.0000
         -0.7922
          0.0000
          0.0000
          0.0000
          5.6619
          9.0359
         32.0677
         46.9925
         11.9148
          0.5643
          0.0063
          0.0000
          0.0000
          0.0000
          0.0000
          0.0000
          0.0000
          0.0000
          0.0000
          0.0000
         10.9184
          3.8509
          6.4103
          1.0011
         92.4089
         83.2910
         -0.5222
        -12.1816
          0.0000
          0.0000
          8.7461
          2.1313
         38.0120
         12.7948
         10.0820
         -5.6527
         -4.4156
          0.0000
          0.0000
          0.0000
          0.0000
          0.0000
          0.0000
          0.0000
          0.0000
         78.8832
         65.4108
         57.2093
        101.8453
         14.7344
         -4.0115
          0.0000
          1.4531
          0.0000
          2.4246
          0.0000
          0.0000
          0.2417
          5.8829
          3.9064
         21.5688
         28.7870
         16.3847
         21.8150
         19.4076
         97.8524
         24.7994
         17.1369
         24.2799
         14.1295
          0.5712
          0.0000
          0.0000
          0.0000
          0.0000
          0.0000
          0.0000
          0.0000
          1.7041
          0.0534
          0.0000
          0.0000
          7.6347
         17.2323
         20.7531
         15.9851
         28.9655
         31.9158
         80.6078
         18.6274
         16.5238
         12.7185
          0.0000
          2.2990
         53.2725
        100.6951
          0.0000
          0.0000
          0.0000
          0.0000
          0.0000
          0.0000
          3.5085
          0.0169
         -2.2988
         17.7311
          0.0000
          0.0000
          0.0000
          0.0000
          0.0000
          0.0000
          0.0000
          0.0000
          0.0000
          4.1528
          8.7507
          0.0000
          0.0000
          0.0000
          0.0000
          0.0000
          0.2171
          0.9586
          0.2863
          0.0000
          0.0000
          0.0000
          0.0000
          0.0000
         11.7312
         42.4549
         39.4695
         14.4392
         10.0451
          0.0000
          0.0000
          0.0000
          0.0000
          3.0748
         10.7519
         18.9859
          3.8005
          0.0000
          0.0000
          0.0000
          0.0000
          0.0000
          0.0000
         12.7276
          6.3431
         25.8632
         76.3981
         36.2560
          0.0000
          0.0000
          0.0000
          0.0000
          5.1684
          0.0000
          0.0000
          0.0000
          0.0000
          0.0000
          0.0000
          0.0000
          0.0000
          0.0000
          0.0000
          0.0000
          0.0000
          0.0000
          0.0000
          0.0000
          0.0000
          0.0000
          0.0000
          0.0000
          6.1813
          2.9303
          0.0000
          0.0000
          0.0000
          0.0000
          0.0000
          0.0000
          0.0000
         30.8760
         24.5425
          8.4129
         63.5264
         66.9073
        141.5718
        168.8376
          0.0000
          0.0000
          0.0000
          0.0000
          0.0000
          0.0000
          0.0000
          0.0000
          0.0000
          0.0000
          0.0000
          0.0000
          0.0000
          0.0000
          0.0000
          0.0000
          0.0000
          0.0000
          0.0000
          0.0000
          0.0000
          0.0000
          0.0000
          0.0000
          0.0000
          0.0000
          0.3153
          0.0000
          0.0000
          0.1880
        -10.6944
         -6.4542
          0.0214
         14.1392
         10.0514
         -1.2076
          0.0000
         22.8574
         11.2082
          0.0000
          0.0000
          0.0000
          0.0000
          2.8074
          8.5717
          4.0518
         -0.6280
         22.8199
         16.4724
          5.5273
         25.5245
          1.4207
          0.0000
         -0.4777
        134.7023
         39.8966
          0.0000
          0.0000
          0.0000
          8.8632
         97.1497
        159.1971
         28.0109
          0.0000
          0.0000
          0.0000
          3.1437
          6.5865
          8.7234
          7.7092
         10.8201
         47.3479
        135.3255
         66.5240
          5.5753
          0.0000
          0.0000
          0.0000
         -0.4476
         18.4883
         19.2019
          4.5674
          6.1650
          0.0000
          0.0000
          0.0000
          0.0000
          0.0000
          0.0000
          0.0000
         17.6586
          0.0000
          0.0000
          0.0000
          0.0000
          0.0000
          0.0000
          0.0000
          0.0240
          0.0000
          0.0000
          5.7981
         12.5098
          0.1202
          0.0000
         19.9456
          6.2726
          6.1843
         13.2525
          9.1099
          0.0000
          0.0000
          4.6768
          7.1729
          5.1439
         11.0180
         64.5586
         55.4959
         49.7588
          0.0000
          0.0000
          1.1409
          0.0000
          0.0000
          3.5595
          0.0000
          1.7987
          9.0195
         22.9374
         36.1862
         15.1512
         13.2399
          5.8034
        -17.9965
          4.6087
         95.9817
          6.5946
         46.6791
         23.5533
         57.1406
         70.0665
         41.2951
         -5.0514
         -0.7542
          3.2088
          0.0000
         20.6135
         63.2220
          9.9292
          1.9290
          5.9742
          0.0144
          2.4496
          0.5746
          1.1397
          0.5862
          6.5811
          8.0021
         -1.8140
          0.0000
          0.0000
          0.0000
          0.0000
          0.0000
          3.3922
          0.0000
          0.0000
          0.0000
          8.5867
         16.9966
         43.1969
        123.8518
         86.5149
          0.0000
          0.0000
          0.0000
          0.0000
         19.7133
         18.2438
          8.1575
          4.2585
          1.1025
          0.0603
          0.0000
          0.0000
          0.0000
          0.0000
          0.0000
          0.0000
          0.0000
          0.0000
          0.0000
          0.0000
          0.0000
          0.0000
          0.0000
          2.5788
          0.0000
          0.0000
          0.0000
          0.0000
          1.5361
          1.8781
          0.0000
          1.1778
          0.0000
          0.0000
          0.0000
          3.1070
          3.1782
          2.6138
          6.4225
          5.2198
         -0.3800
          0.0000
          0.0000
          0.0000
          0.0000
          0.3578
          9.0312
         30.3875
         46.7743
         39.7210
          0.0000
          0.0000
          0.0000
          7.5416
         33.1425
         44.1350
         23.2172
          0.0000
          0.0000
          0.0000
         15.0082
         17.9367
         -1.1185
          1.6293
         53.5388
         53.9540
          0.0000
         14.6588
         25.4171
         28.9508
         32.3766
         11.2699
          4.5034
         62.0714
          0.0000
          0.0000
          0.8975
          0.0000
          0.0000
          6.6398
          0.0000
          0.0000
         42.3246
          0.0000
          0.0000
          0.0000
          0.0000
          0.0000
          0.0000
         -0.3886
          6.2740
         13.7710
         27.4210
         16.0486
          2.1621
         23.1671
          0.0000
          0.0000
          0.0000
          0.0000
         14.6279
         11.2630
          1.7383
          5.1889
          0.0000
          0.0000
          0.0000
          0.0000
         10.6834
          8.2165
          4.4611
          4.7032
          0.0000
          0.0000
          0.0000
          0.0000
         14.9146
          7.2744
         -3.1314
         -0.5485
          0.0000
          0.0000
          0.0000
          0.0000
          0.0000
          2.9416
          0.0000
          0.0000
          0.0000
          0.0000
          0.0000
          0.0000
          0.0000
          7.9929
          6.4852
          6.4261
          0.0000
          0.0000
          0.0000
          2.5618
         13.0629
         16.8947
         24.5795
         18.9966
          0.0000
          0.0000
          0.0000
          0.7866
         58.5990
         17.0124
          1.5498
          4.1469
          0.0000
          0.0000
          0.0000
          0.0000
          0.0000
          0.0000
          0.0000
          0.0000
          0.0000
          0.0000
          0.0000
          0.0000
          0.0000
          0.0000
          0.0000
          2.7392
          0.0000
          0.0000
          0.0000
          9.5372
         27.3399
         16.4825
         19.2541
          9.5871
          0.0000
          0.0000
          0.0000
          0.0000
          0.0000
          0.0000
          0.0140
         11.1301
          0.0000
          0.0000
          0.0000
          0.0000
          0.0000
          0.3218
          0.0000
          0.0000
         13.6617
         12.6942
          0.0000
          0.0000
          0.0000
          0.0000
          0.0000
          0.0000
         30.7018
          0.2101
          0.0000
          0.0000
          0.0000
          0.0000
          0.0000
          9.2588
          0.0000
         23.0387
          0.0000
          0.0000
          0.0000
          0.0000
          0.0000
          0.0000
          0.0000
          0.0000
          0.0000
          1.8205
          6.5762
         11.8085
          0.3960
          6.1287
         25.8734
         53.9229
          2.7855
          0.0000
          0.0000
          0.0000
          0.0000
          0.0000
          0.0000
          0.0000
          0.0000
          0.0000
          0.0000
          0.0000
          0.0000
          0.0000
          0.0000
          0.0000
          0.0000
          0.0000
          0.0000
          0.0000
          0.0000
          0.0000
          0.0000
          0.0000
          0.0000
          0.0000
          7.8320
          3.2832
          0.0000
         11.1684
          0.0000
         24.4540
         16.0730
          0.0000
          6.1337
         13.9127
         -2.1588
        -16.2694
          0.0000
          0.0000
         18.1780
         25.0223
         29.3881
         29.1609
         36.9487
         44.8032
          0.0000
          0.0000
          0.0000
          2.1780
          3.4115
          4.8147
         11.0532
          1.8849
         46.0785
         19.1267
          0.0000
          0.0000
          0.0000
          0.0000
          6.8782
         -6.1470
          0.0000
          0.0000
          2.7763
          0.0000
          0.0000
          0.0000
          0.0000
          5.3853
          6.9464
         16.5877
         13.0896
          9.6218
          5.5055
          3.0720
          0.0000
         17.0492
         49.2221
         99.1534
         19.6698
          0.0000
          1.3895
         11.3585
          3.0257
         -6.5515
          0.0000
          0.0000
          0.0000
          0.0000
          0.0000
          0.0000
          0.0000
          0.0000
          0.0000
          0.0000
          0.0000
          0.0000
          0.0000
          0.0000
          0.4098
          8.8047
          0.0000
          0.0000
          0.0000
          0.0000
         13.6691
          7.8836
          0.8995
         -9.3776
          0.0000
          0.0000
          0.0000
          0.0000
          0.0000
          0.0000
          0.0000
          8.6055
          1.6277
         29.0390
          0.0000
         14.6918
         42.5126
          2.0698
          4.0992
        153.7881
        119.6667
          0.0000
          0.0000
          0.0000
          0.0000
          0.0000
          0.0000
          0.0000
          0.0000
          0.0000
          0.0000
          0.0000
          0.0000
          0.0000
          0.0000
          0.0000
          0.0000
        -12.0203
          0.0000
          0.0000
          0.0000
          0.0000
          0.0000
          0.0000
          0.0000
          0.0000
          0.0000
          0.0000
          0.0000
          0.0000
          0.0000
          0.0000
          0.0000
          0.0000
          0.0000
          0.0000
          0.0000
          0.0000
          0.0000
          0.0000
          0.0000
          0.0000
          0.0000
          0.0000
          0.0000
          0.0000
          0.0000
          0.0000
          0.0000
          0.0000
         10.1798
         21.1524
         19.7567
          3.7777
          0.0000
          0.0000
          0.0000
          0.0000
          0.0000
          0.0000
          0.0000
          0.0000
          0.0000
          0.0000
          0.0000
          0.0000
          0.0000
          0.0000
          0.0000
          0.0000
          0.0000
          0.0000
          0.0000
          0.0000
          0.0000
          0.0000
          0.0000
          0.0000
          0.0000
          6.2314
          0.0000
          0.0000
          0.0000
          0.0000
          0.0000
          0.0000
          0.0000
          0.0000
          0.0000
          0.0000
         40.2275
         11.0642
         23.6094
         11.5054
         10.7829
          9.3716
         -1.5930
          0.0000
          0.0000
          0.0000
          3.5963
          0.7499
          0.5897
          1.1405
          3.0360
          0.0000
          0.0000
          0.0000
          0.0000
          0.0000
          8.0881
          7.2485
          0.0000
          0.0000
          0.0000
          0.0000
          0.0000
          0.0000
         12.3851
         85.5280
          0.0000
          0.0000
          0.0000
          0.0000
          0.0000
          0.0000
          0.0000
          0.0000
          0.0000
          0.0000
         31.7969
          0.0000
          0.0000
          0.0000
          0.0000
          0.0000
          0.0000
          0.0000
          0.0000
          0.0000
          0.0000
          0.0000
          0.0000
          0.0000
          0.0000
          0.0000
          0.0000
          0.0000
          0.0000
          0.0000
          0.0000
          0.0000
          0.0000
          0.0000
          0.0000
          0.0000
          0.0000
          0.0000
          0.0000
          0.0000
          0.0000
          0.0000
          0.0000
          0.0000
          0.0000
          0.0000
          0.0000
          0.0000
          0.0000
         11.7184
          0.6889
         27.8759
         41.0261
          0.4989
         -1.2711
         15.3449
          0.0000
         89.5131
         28.5842
          0.0000
          0.0000
          0.0000
          9.3689
          5.3403
          0.0000
        178.2382
        104.8051
          0.0000
          0.0000
          3.6449
          3.1213
          5.6091
          0.0000
          0.0000
          0.0000
          0.0000
         12.0692
         10.8343
          0.0000
          0.0000
          0.0000
          0.0000
          0.0000
          0.0000
          0.0000
          0.0000
          0.0000
          0.0000
          0.0000
          0.0000
          0.0000
          0.0000
          0.0000
          6.7498
          6.0685
         -1.0778
         34.0582
         19.3497
          0.0000
          0.0000
          0.0000
          1.8823
          2.1362
          7.9936
          0.0000
          0.0000
          0.0000
          0.0000
          0.0000
          1.6112
          0.4741
          0.0000
          0.0000
          0.0000
          0.0000
          0.0000
          0.0000
          0.0000
          0.0000
          0.0000
          0.0000
          0.0000
          0.0000
          0.0000
          0.0000
          0.0000
          0.0000
          0.0000
          0.0000
          0.0000
          0.0000
          0.0000
          0.0000
          4.9805
          2.2310
          0.5051
         20.7360
         56.6170
          0.0000
          0.0000
          0.0000
         19.8713
         57.9301
          2.6752
          0.0000
          0.0000
          0.0000
          0.0000
          0.0000
          0.0000
          0.0000
         12.1139
          6.2336
         -0.2291
          0.0000
          0.0000
          0.0000
          0.0000
          0.0000
          0.5865
          0.0000
          0.0000
          0.0000
          0.0000
          0.0000
          0.0000
          0.0000
          0.0000
          0.0000
          0.0000
          0.0000
          0.0000
          0.0000
          1.3933
          0.1518
          0.0000
          0.0000
          0.0000
          0.0000
          0.0000
          1.7912
          4.4643
          6.8782
          4.7090
          0.0000
          0.0000
          0.0000
          0.0000
          0.0000
          1.1428
         13.3947
         19.5325
          0.0000
          0.0000
          0.0000
          0.0000
          0.0000
          0.0000
          0.0000
          2.3808
          0.0000
          5.5002
         10.1466
          8.9853
          0.0000
          0.0000
          0.0000
          0.0000
          0.0000
          0.0000
          0.0000
          0.0000
          0.0000
          1.1694
          0.0000
          0.0000
          0.0000
          0.0000
          0.0000
          0.0000
          0.0000
         -0.3356
          0.0000
          0.0000
          0.0000
          0.0000
          0.0000
          0.0000
          0.0000
          0.0000
          0.0000
          0.0000
          0.0000
          0.0000
          0.0000
          0.0000
          0.0000
          0.0000
          0.0000
          0.0000
          0.0000
          0.0000
          0.0000
          0.0000
         17.0138
          2.7399
          0.0000
          0.0000
          0.0000
          0.0000
          0.0000
         10.5064
         32.2265
         13.9223
         45.1706
         41.4213
          0.0000
          0.0000
          0.0000
          0.0000
          0.0000
          0.0000
          0.0000
          5.1824
          0.0000
          0.0000
         24.2814
          0.0000
         21.2237
         74.1192
         39.4173
         59.3214
         66.4270
          0.0000
          0.0000
          0.0000
          0.0000
          0.0000
          0.0000
          0.0000
          0.0000
          0.0000
          0.0000
          0.0000
          0.0000
          0.0000
          0.0000
         10.6514
          8.1664
         87.6821
          0.0000
          0.0000
          2.3790
         24.6024
         10.0853
          1.3550
          0.0000
         -6.4949
         -2.3808
          0.0000
          0.0000
          0.0000
          0.0000
          0.0000
          0.0000
          0.0000
          0.0000
          0.0000
          8.5548
          3.7907
          0.0000
          3.0523
          0.0000
          0.0000
          0.0000
          0.0000
          0.0000
          0.0000
          0.0000
        174.3608
          0.0000
          0.0000
          0.0000
          0.0000
          2.9388
          7.0560
          0.0000
          0.0000
          0.0000
          0.0000
          0.0000
          0.0000
         75.6996
        152.9557
         84.5627
         13.7903
          0.0000
          0.0000
          0.0000
          0.0000
          0.0000
          1.6869
        167.6078
        160.3644
        180.8445
          0.0000
          0.0000
          0.0000
          0.0000
          0.0000
          0.0000
          0.0000
          0.0000
         43.1288
          0.0000
          0.0000
          7.8628
          0.0000
        152.3952
          0.0000
          0.0000
          0.0000
          0.0000
          0.0000
          0.0000
          8.4947
          0.9472
          0.0000
         36.5581
          0.0000
          0.0000
          0.0000
          0.0000
          0.0000
          0.0000
          0.0000
          0.0000
          0.0000
          0.0000
          0.0000
         22.4925
         21.3591
          7.5375
         29.7194
         62.6009
          0.0000
          0.0000
          0.0000
          3.5477
          0.0000
          0.0000
          0.0000
          0.0000
          0.0000
          0.0000
          0.0000
          0.0000
          0.0000
          6.1259
         19.2867
          0.0000
          0.0000
          0.0000
          0.0000
         25.1740
         26.2803
          9.5401
         21.3104
         27.1283
        199.5898
         38.4153
          0.0000
          0.0000
         -1.0827
          2.8468
         12.7656
          0.0000
         27.8685
          0.0000
          0.0000
          2.7366
          7.4408
          4.3022
          9.1499
         26.8253
         10.5708
          0.0000
          0.0000
          0.0000
          0.0000
          0.0000
          0.0000
          0.0000
         64.1131
         32.3260
          0.0000
          0.0000
          0.0000
          0.9664
         17.2377
         13.4256
        108.5254
         35.7879
          0.0000
          0.0000
          0.0000
          0.0000
          0.0000
          0.0000
         -1.5323
          0.0000
          0.0000
          0.0000
          0.0000
          0.0000
          0.0000
          0.0000
          0.0000
          0.0000
          0.0000
          0.0000
          0.0000
          0.0000
          1.1074
         11.5533
          3.1067
         -7.1733
          0.0000
          0.0000
          0.0000
          0.0000
          0.0000
          2.9573
         -0.6137
         -0.6386
          7.7157
          7.8298
         11.9509
          5.8057
         10.9351
         -2.1342
          0.0000
          0.0000
          0.0000
          0.0000
          0.0000
          0.0000
          0.0000
          0.0000
          0.0000
          0.0000
          0.0000
          0.0000
          0.0000
          0.0000
          0.0000
          0.0000
          0.0000
          0.0000
          2.9920
          0.0000
          0.0000
          0.0000
          0.0000
          0.0000
          0.0000
          0.0000
          0.0000
          0.0000
          0.0000
          0.0000
          0.0000
          0.0000
          0.0000
          0.0000
          0.0000
          8.3249
         20.1388
         18.2002
         10.8636
         42.9144
        170.0426
         63.4589
          6.0192
          0.0000
          0.0000
          4.4091
         13.6610
          8.8217
        101.1665
          0.0000
          0.0000
          3.0925
          8.5678
          7.0155
         13.6055
         -1.0483
          0.0000
          5.2094
          9.7895
          0.0000
          0.0000
          0.0000
          0.0000
          4.1006
         -1.9083
          0.0000
          0.0000
          0.0000
          0.0000
          0.0000
          0.0000
          0.0000
         -9.6155
          0.0000
          0.0000
         21.9199
          9.6622
         -7.9265
        208.5256
        231.8076
        250.3156
          0.0000
          0.0000
          0.0000
          0.0000
          0.0000
          0.0000
         10.8087
         -2.1357
         -3.1865
          0.0000
          0.0000
          0.0000
          0.0000
          0.0000
          0.8785
          0.0000
          0.0000
          0.0000
          0.0000
          0.0000
          0.0000
         15.1052
         54.5509
        147.4562
          9.2802
        -18.1672
         46.6091
         74.0652
         28.0738
        126.2408
        194.8008
        149.4860
          0.0000
          0.0000
          0.0000
          0.0000
          0.0000
          0.0000
          0.0000
        -15.3368
          0.0000
          0.0000
         15.6994
          3.5884
         25.9395
         90.5709
        157.9690
        118.8840
          0.0000
          0.0000
          0.0000
          0.0000
          0.0000
          0.0000
          0.0000
          0.0000
          0.0000
          0.0000
          0.0000
          0.0000
          0.0000
         -0.3264
          0.0000
          0.0000
         96.8432
         51.4445
          0.0000
          0.0000
          0.0000
          0.0000
          0.0000
          0.0065
          0.0000
          0.0000
          0.0000
          0.0000
          0.0000
          7.5951
         49.1074
        141.9335
        144.4262
         51.0961
         12.4475
         12.0813
        108.7619
        134.0892
        119.2218
         63.3352
          0.0000
          0.0000
          0.0000
          0.0000
          0.0000
          0.0000
          8.7183
         22.2133
         13.1626
         24.8430
        113.4216
        148.0750
         71.3742
         14.1827
         27.7746
          0.0000
          0.0000
          0.0000
          0.0000
          0.0000
          0.0000
          0.0000
          0.0000
         -0.8793
          0.0000
          0.0000
          7.9562
          7.4136
          6.8147
         13.5266
          6.1711
          0.0000
          0.0000
          0.0000
          0.0000
          0.0000
          0.0000
          0.0000
          0.0000
          0.0000
          0.0000
          0.0000
          0.0000
          0.0000
          0.0000
          0.0000
          0.0000
         -4.8764
         -0.5418
          0.0000
          0.0000
          4.5643
         32.6155
         71.7910
        137.1330
        108.0526
         28.2759
          0.0000
          0.0000
          0.0000
          0.0000
          0.0000
          0.0000
          0.0000
          0.0000
          0.0000
          0.0000
          0.0000
          0.0000
          0.0000
          0.0000
         -8.2672
         -1.5505
          0.0000
          0.0000
          0.0000
          0.0000
          0.0000
          0.0000
         -8.1128
         -0.6740
          0.0000
          1.4480
          4.0635
          2.6416
         11.1728
         15.0711
        -14.1544
          0.0000
          0.0000
         17.8248
         10.6725
          0.0000
         13.5492
         52.8854
         40.5747
          0.0000
          0.0000
          0.0000
          0.0000
          0.0000
         15.1576
         29.0967
          7.5672
          0.0000
          4.4887
          0.0000
          0.0000
          0.0000
          0.0000
         18.9184
          3.0376
         -3.3800
         15.6329
          0.0000
          1.4460
         16.1555
         23.5486
         27.4812
         95.1704
          7.8408
          9.8033
          8.3297
          0.0000
          0.0000
         31.7902
         66.5276
         37.1315
         26.8579
         10.9214
         -5.7610
          3.5328
          6.1305
         -1.4562
        112.6054
        121.5673
         -0.5565
          0.0000
          2.4288
          0.0000
         25.6628
          0.0000
          0.0000
          0.0000
          0.0000
          3.7378
          1.8735
          0.0000
          0.0000
          0.0000
          0.0000
         -5.9448
         -1.1925
          0.0000
         22.5016
          8.6346
        -10.9242
         52.6433
        222.6443
         23.3900
          0.0000
          0.0000
         45.5126
         31.6183
         82.7350
         97.2787
        119.1131
          9.7409
          0.0000
          0.0000
          0.0000
          0.0000
          0.0000
          0.0000
          0.0000
         10.9409
         24.4733
          0.0000
         -0.7920
         -8.9059
          0.0000
          2.0721
          0.0000
          0.0000
          0.0000
          2.3975
         21.5061
         15.2525
         -4.6157
          6.2245
        184.3030
        194.4873
          0.0000
          0.0000
          0.0000
          0.0000
          0.0000
          5.2988
          0.0000
          1.8738
          0.1707
         34.3320
         82.4340
         33.9564
          0.0000
          0.0000
          0.0000
          0.0000
          0.0000
          0.0000
          0.0000
          0.0000
          0.0000
          0.0000
          0.0000
         28.9451
          0.0000
          0.0000
         22.9527
         25.4092
         27.4250
         -0.5036
        125.2027
         60.4641
          0.0000
          0.0000
          0.0000
         14.5869
         15.3760
         19.6727
          0.0000
          0.0000
         20.1193
          4.4752
         20.4443
         70.7233
          0.0000
          0.0000
          0.0000
         -0.8812
          0.0000
          0.0000
          0.0000
          0.0000
          0.0000
          4.3269
          7.3058
          0.0000
          0.0000
          0.9402
         15.7696
         13.5311
         14.9964
         -4.4609
         -8.0884
          0.0000
          0.0000
          0.0000
          5.4515
         14.9191
         23.0513
         20.9816
         24.7905
         48.0332
          0.0000
          1.4388
          2.7934
         12.5557
         18.8302
         35.1596
         83.9437
        121.8349
          0.0000
          0.0000
          0.0000
          1.3852
         28.7320
         18.7912
         86.8517
        119.7956
          0.0000
          0.0000
          8.9868
         -5.2031
          0.0000
          0.0000
          2.1037
          0.0000
          0.0000
          0.0000
          0.0000
          0.0000
          0.0000
          1.5430
          1.9377
          0.1028
          0.0000
          0.0000
          0.0000
          0.0000
          4.8377
         19.9061
          0.0000
          0.0000
          0.0000
          0.0000
         39.0558
         13.1895
          6.1001
         51.4903
        146.4876
          0.0000
          0.0000
          8.1875
         20.3366
          7.4739
          0.0000
          7.7373
          0.0000
          0.0000
          0.0000
          0.0000
          0.0000
          5.9355
         12.2262
         17.3403
         33.0365
         30.0712
         30.0712
          0.0000
          0.0000
          6.0800
          7.0592
         19.4734
         17.8133
         17.3583
         14.6210
          0.0000
          0.0000
          0.0000
          0.0000
          7.4245
         36.7424
         55.5726
          0.0000
         20.1313
         23.9463
          9.0785
          4.2147
          2.3371
          0.0000
          0.0000
          0.0000
          0.0000
         15.3285
         16.4504
          9.0842
         26.1541
         69.2772
         33.3889
          0.0000
          0.0000
         12.4451
         16.6049
         26.5875
         53.4351
         85.3954
          0.0000
          0.0000
          0.0000
          0.1428
         17.1564
          7.6844
         14.4640
         19.2032
         41.3283
         -1.3914
          0.0000
          0.0000
          0.0000
          0.0000
          1.0808
          0.0544
         -2.3035
          0.0000
         22.4380
         21.5964
         16.5227
         19.8105
         23.5136
         13.5543
         -0.7105
          0.0000
         34.9499
         76.8647
         37.5715
         89.5237
         57.2016
         57.4639
          0.0000
          0.0000
          0.0000
          0.0000
          8.3813
         13.8112
         37.2444
         56.2937
          0.0000
          0.0000
          0.0000
          0.0000
          5.5997
         11.4040
         63.5597
        118.9701
         27.0607
          0.0000
          0.0000
          0.0000
          0.0000
          0.0000
          0.0000
          0.0000
          0.0000
          0.0000
          0.0000
          0.0000
          0.0000
          0.0000
          0.0000
          3.1322
          5.4240
          0.0841
          0.0000
          0.0000
          2.6135
          2.5643
          8.5050
         13.5808
         56.6426
          0.0000
          0.0000
          0.0000
          0.0000
          0.0000
          0.0000
          0.0000
         -1.8650
          0.0000
          0.0000
         14.5052
        -11.1519
        -13.2683
         -4.5014
          0.0000
         37.2090
         35.5906
          0.0000
          0.0000
          0.0000
          0.0000
          0.0000
          0.0000
          0.0000
         38.5373
          0.0000
          0.0000
          0.0000
          0.0000
          0.0000
          0.0000
          0.0000
         38.0513
         71.3483
         39.4382
          3.4075
          0.0000
          0.0000
          0.0000
         94.8672
         86.8629
          0.0000
          0.0000
          0.0000
          0.0000
          0.0000
          0.0000
          0.0000
         44.9161
          0.0000
          1.5996
          0.4351
          0.0000
          0.0000
          0.0000
          0.0000
          5.5683
          0.0000
          0.0000
          0.0000
          0.0000
          6.4338
          1.1255
          4.4760
         92.6703
         97.8404
         66.7410
         19.1061
        -10.8036
         13.3421
        113.4581
         50.4354
          2.0193
          0.0000
          6.4409
         23.2280
          6.9014
         20.0088
         62.6752
         75.2145
          0.0000
          0.0000
          0.0000
          0.0000
          0.0000
         12.2243
          4.3761
         -3.9997
          0.0000
          0.0000
          0.0000
          0.0000
          0.5769
         17.6425
         15.1457
          1.8181
          0.0000
          0.0000
          0.0000
          0.0000
          0.0000
          0.0000
          0.0000
          0.7501
          0.0000
          0.0000
          0.0000
          0.0000
          0.9347
          8.5882
          8.3036
          3.4944
          0.8786
          0.2804
          8.1198
          0.0000
          0.0000
         13.2105
         18.1124
        116.9945
        124.4943
         30.6827
         10.2231
         13.9200
         18.1667
          8.3246
          0.0000
          0.0000
         50.2898
         12.6745
         17.9744
         36.5104
         43.4373
        -20.6123
         82.8932
         22.5826
          0.0000
          0.0000
          3.9244
          7.6863
         15.8968
         39.0709
        143.9838
         28.6565
          0.0000
          0.0000
          0.0000
          5.4551
         19.8267
          3.2657
         17.1267
         20.9034
          0.0000
          0.0000
          0.0000
          0.0000
          0.0000
          0.0000
          0.0000
          0.0000
          0.0000
          0.0000
          0.0000
          0.0000
          0.0000
         10.1949
         14.6149
         10.2080
         11.1368
          0.0000
          0.0000
          0.0000
          0.0000
          0.0000
          0.0000
         -0.5962
          0.0000
          0.0000
          0.0000
          0.0000
          0.0000
          0.0000
          0.0000
         -5.9439
         -0.5557
          0.0000
          0.0000
          0.0000
          0.0000
          0.0000
          0.0000
         -0.2077
          0.0000
          0.0000
          0.0000
          0.0000
          0.0000
          0.0000
          0.0000
         -4.5115
          0.0000
          0.0000
          0.0000
          0.0000
          0.0000
         20.6262
          0.0000
          0.0000
         48.3916
         82.3490
         66.8040
          0.0000
          0.0000
          0.0000
          0.0000
          0.0000
          0.0000
          0.0000
          0.0000
          0.0000
          0.0000
          9.8198
          9.5541
         18.8576
          0.0000
          0.0000
          1.1602
         10.3623
         10.4668
         16.8963
         17.0518
        109.6045
          0.3963
          0.0000
          0.0000
          0.0000
          0.0000
          0.0000
          2.9749
          1.5481
          0.2879
         10.0091
         15.6611
         12.8909
         18.3636
         22.8935
         23.1834
          8.4463
          0.0000
          0.0000
          0.0000
          0.0000
          7.8108
         23.5862
         39.5842
          1.1905
          0.0000
          9.6615
         29.7217
         18.9408
          3.6995
         -0.1537
          0.0000
          0.0000
          0.0000
          0.0000
         17.6604
         12.8180
         -4.8588
         35.2973
        116.8717
         60.3982
          0.0000
          0.0000
          0.0000
          0.0000
          0.9880
         14.4412
        109.4267
          0.0000
          0.0000
          0.0000
          0.0000
          0.0000
          0.0000
          0.0000
          0.0000
          0.2082
         -0.5217
          0.0000
          0.0000
          0.0000
          0.0000
          0.0000
          0.0000
         -4.4091
          0.0000
          0.0000
          0.0000
          0.0000
          0.0000
          0.0000
          3.7061
         81.2553
         95.6190
         24.9399
         15.9819
          2.6945
         -8.1564
        -26.5360
         15.3402
        126.0698
        160.8606
        106.2858
          0.0000
          0.0000
          0.0000
          0.0000
          0.0000
          0.0000
          0.0000
          0.0000
         -0.4640
         -2.2027
          5.7764
          6.8418
         48.4448
        100.6877
         72.5451
         -0.7833
        -18.2091
        -12.0316
        -12.0178
        -15.1752
         -0.0947
          7.8077
         13.1239
         13.8458
         36.3829
         22.9050
         -0.4311
          1.5129
          0.0000
         51.3654
         19.9954
          0.0000
          0.0000
          0.0000
         22.9660
         29.0393
          0.0000
         -0.7889
          0.0000
          1.9076
          2.1268
          9.0729
          8.1304
          5.3342
        -10.5232
        -25.0739
         -3.3189
         56.1632
        223.1836
         87.2467
         32.7041
         50.6492
         36.2748
        268.1220
        251.6518
        113.1336
          0.0000
          0.0000
          0.0000
         18.3566
          6.3274
         91.3750
        101.3075
         12.4690
         -9.7175
         -1.2298
         -3.2461
         13.6480
         12.8862
         63.4426
         58.5800
          0.0000
          0.0000
          0.0000
          0.1511
         14.2718
        120.6550
         -0.2260
          0.0000
          0.0000
         15.5744
         32.6894
          0.0000
          0.0000
          0.0000
          0.0000
          0.0000
          0.0000
          3.5002
         10.2252
          0.0000
          0.0410
         91.3419
         46.6055
          0.0000
          0.0000
          0.0000
          0.0000
          0.0000
          0.0000
          0.0000
         29.8973
          5.8248
         -3.7929
        -10.2724
         -1.6275
          7.9479
          5.7294
        -19.3480
         29.6204
         62.4902
         26.3745
         -8.7447
         19.3878
         26.8386
         -1.1240
          0.0000
         85.6047
          0.0000
          0.0000
          1.6164
         16.5494
          8.3381
          7.4563
          8.3878
         67.8302
          1.6273
         14.3622
         21.2728
         23.5630
         44.6257
         75.8508
          0.0000
          0.0000
          0.0000
          0.0000
          0.0000
          0.0000
          0.0000
          0.0000
          0.0000
         -3.5015
          2.8331
          5.8853
          2.4537
         20.5782
         37.4110
         24.4857
         20.1104
         50.2797
         35.8288
          1.8323
         -9.8991
          8.5998
         45.3936
          5.1730
          0.0000
         14.2780
        111.1537
         21.0449
         13.2406
          8.4995
         10.3895
         10.3685
         35.3418
         72.1444
          3.6624
         18.2983
          8.3516
          2.2077
         22.7571
        -15.6766
         51.8327
         85.2703
        125.1422
          0.0000
         43.4591
          0.0000
         10.4421
         30.2621
          9.7196
        -16.9052
         23.3440
         31.3482
         23.6144
         -3.2037
          8.0752
         -0.4140
         -2.6666
         -0.1319
         26.7676
          2.3039
         18.0170
         17.6322
        -23.5870
        -56.7058
          3.2162
          0.0000
          0.0000
          0.0000
          0.0000
          0.0000
          7.1556
         38.6227
         81.2827
         30.1717
          0.0000
          0.0000
          0.0000
          0.0000
          0.0000
          0.0000
          0.0000
          0.0000
         13.1803
          0.0000
         34.8476
          0.0000
          0.0000
          0.0000
          0.0000
         25.7750
         60.2032
        101.4283
         87.1112
         70.8388
         25.1283
         -0.1709
          0.0000
        130.9391
        186.7062
        116.1201
        177.1282
        147.0058
        108.8651
         23.8495
          0.0000
         -5.7644
          0.0000
          0.0000
          0.0000
          0.0000
          0.0000
          0.0000
          0.0000
         -4.1445
          0.0000
          0.0000
          0.0000
          0.0000
          6.3378
          3.2283
          0.0000
          0.0000
          0.0000
          0.0000
          0.0000
          0.0000
          0.0000
          0.0000
          0.0000
         16.3018
         43.1637
          9.1394
         24.9639
         40.3010
        108.8323
        140.4373
        212.1432
        102.0937
          0.0000
          0.0000
          0.0000
          0.0000
          3.4820
         11.9999
        121.2341
          0.0000
          0.0000
          0.0000
          0.0000
          0.0000
          0.0000
         12.2190
         46.8310
         48.6760
         17.1664
          5.5530
         -2.7091
          0.0000
         41.1280
         94.0460
         99.4009
         66.6357
         57.2294
          0.0000
          0.0000
          0.0000
          0.0000
          0.0000
          0.0000
          0.0000
          0.0000
          0.0000
          0.0000
          0.0000
          0.0000
          0.0000
          0.0000
         -6.0564
         -1.4558
          4.2713
         -1.2071
          4.2077
          1.5235
          4.9686
          5.2450
          0.1186
         -0.2255
          9.4279
          0.0000
          0.0000
          0.0000
          0.0000
          0.0000
          0.0000
          0.0000
          0.0000
          7.8352
          2.1166
          0.0000
          0.0000
          0.0000
          0.0000
          0.0000
          1.0010
         12.1778
         11.8532
          3.8444
         -1.6939
          0.0000
          0.0000
          0.0000
          0.0000
         24.3080
         17.1954
         -0.3647
          7.1049
          0.0000
          0.0000
         12.1784
          3.1848
          0.0000
          0.0000
          0.0000
         11.6940
          6.8534
          0.0000
         20.7742
         69.2937
         96.1558
          5.2210
         32.5751
         16.4467
         12.3278
          5.2501
          0.0000
          0.0000
          0.0000
          0.0000
          1.4066
         15.6769
         27.7962
          0.0000
          0.0000
          0.0000
          0.0000
          3.4643
          0.0000
          2.2549
          0.0000
         -0.3514
         15.1571
         21.2804
         19.3763
          9.9816
        103.4783
         99.2728
          9.8306
          0.0000
          0.0000
          4.0957
          2.1575
         -7.1692
         73.2384
        126.0446
         28.0469
          0.0000
          0.0000
          0.0000
          0.0000
          0.0000
          0.0000
          0.0000
          0.0000
          0.0000
         23.2121
          0.0000
          0.0000
          0.0000
          0.0000
          0.0000
          0.0000
          0.0000
          0.0000
          0.0000
          7.2603
         28.1587
         21.8302
         29.5034
        135.8129
          0.0000
          0.0000
          0.0000
          0.0000
         24.5533
          0.0000
          0.0000
         55.4183
         49.8318
          0.0000
          0.0000
          2.7227
         11.1652
          8.5274
         27.2954
         86.0509
         71.1899
          0.0000
          0.0000
          0.0000
          0.0000
         18.2486
         20.8538
         15.2058
         14.2245
         -5.4880
          0.0000
          0.0000
          0.0000
          0.0000
          5.2191
          0.0000
         25.1419
         22.1733
          0.0000
          0.0000
          0.0000
          0.0000
          1.9783
          0.0000
         58.6119
          0.0000
          0.0000
          0.0000
          0.0000
          0.0000
          6.2104
          7.5038
          0.0000
          0.0000
          1.4838
          9.6634
         16.3220
          7.8720
         26.7762
         54.7287
         31.7119
         -1.9342
          0.0000
         44.6438
         20.0453
          4.6472
         22.7781
         37.7095
          0.0000
          0.0000
          0.0000
         14.0142
         11.3471
          0.0000
         16.4956
        138.1827
          0.0000
          0.0000
          0.0000
          0.0000
          0.0000
          0.0000
          3.6331
          0.0000
         28.9973
          0.0000
          0.0000
          4.1830
          2.3827
          8.4073
         12.4914
          0.1282
          2.6370
          3.9951
         50.3224
         84.9382
         26.3881
        -10.7092
         18.4943
         66.0886
         24.6214
         81.7634
          9.1336
          0.0000
          2.7470
         39.9123
         77.7337
         32.3242
         -1.0222
          0.0000
          0.0000
          0.0000
          0.0000
         35.8570
         17.7372
         15.1997
         16.0031
         47.9875
         49.6113
         65.3100
         41.6808
         68.1112
         87.2337
         40.0362
         -0.7572
          0.0000
          1.6894
          3.2895
          1.5516
          0.0000
          2.3093
         16.5996
         98.3949
        160.7885
        106.8552
          0.0000
          0.0000
          0.0000
          1.8359
          0.0000
          0.0000
          0.0000
          0.0000
          0.0000
          0.0000
          0.0000
          2.0740
          0.0000
          3.4911
          0.0000
          0.0000
          3.7956
          0.0000
          0.0000
         -7.8171
         32.6275
          0.0000
          0.0000
          0.0000
         30.8049
         59.4095
         87.2475
        122.9017
        202.2617
          0.0000
          0.0000
          0.0000
          0.0000
          0.0000
          0.0000
          7.7403
          6.1524
          0.0000
          0.0000
          0.0000
          0.0000
          0.0000
          0.0000
         17.5039
         41.8987
         65.7243
         -0.4032
          0.0000
         25.6341
         20.6514
         32.0671
         11.1106
         -1.8777
         -2.7269
          0.0000
          0.0000
          0.0000
         11.6750
         42.1321
         47.9068
        123.3344
         26.3062
          0.0000
          0.0000
          0.0000
          0.0000
          0.0000
         11.0797
         83.7507
         55.9532
          0.0000
          0.0000
          0.0000
          0.0000
          0.0000
          0.0000
          0.0000
         -1.9495
          0.0000
          0.0000
          4.7427
         13.3830
         12.5293
         12.1885
          0.6559
         -1.6478
          2.8000
         17.1633
         33.9434
         29.1484
         18.9256
         19.4532
         13.4350
          0.0000
          0.0000
          0.0000
          0.0000
          0.0000
          0.0000
          0.0000
          4.4653
         -1.7030
          0.0000
          0.0000
          0.0000
          0.0000
          2.9858
         57.4503
         26.1603
          0.0000
          6.6388
         51.7515
          3.4783
          3.6260
          0.0000
          0.0000
          0.2530
          1.5985
         35.2407
         29.8999
         17.2642
         17.7243
         23.1937
         12.3113
         -0.7234
          0.7135
         10.9115
         37.2647
        129.0383
        166.8937
        167.5037
        151.7710
        163.7275
          0.0000
          0.0000
          0.0000
          0.0000
          0.0000
          0.0000
          0.0000
          0.0000
          0.0000
          0.0000
          1.6557
          0.0000
          0.0000
          0.0000
         13.7476
         40.0246
         89.8767
         70.5999
         11.7556
          0.0000
          0.0000
          0.0000
          0.0000
         51.2388
         97.2916
          0.0000
          0.0000
          0.0000
          0.0000
          0.0000
          6.0925
          7.4554
         52.9072
          0.0000
          0.0000
          0.5769
         10.5997
          5.4114
         22.0413
         37.9121
         17.9108
          7.9926
         34.4750
         38.1536
         -0.4489
         -3.1131
          7.6465
         14.7457
         18.5049
          4.8601
         17.1921
         58.3151
        108.7702
         26.3275
         17.6889
         32.8242
         67.5930
          0.0000
          0.0000
          0.0000
          6.2336
          0.1507
         12.2480
          4.0396
         -0.0290
         77.8604
         23.1221
         35.7903
          9.6887
          6.2304
          1.4236
          0.0000
         -1.6771
          0.0000
          0.0000
          2.1093
         13.0889
          5.9930
          9.5603
          5.9039
         25.4445
          0.0000
          0.0000
          0.0000
          0.0000
          9.6479
          7.2261
          6.4973
          1.3416
          0.0000
          0.0000
          0.0000
          0.0000
          0.0000
         13.4874
         21.0137
         10.9274
          0.0000
          0.0000
          6.3246
         10.5500
          0.0000
          4.4931
         19.5940
          2.8354
         10.4956
          7.6413
          5.9499
          4.2037
          0.3414
          6.4354
         16.3191
        145.7333
          0.0000
          0.0000
          4.4622
          0.0000
          0.0000
         -2.3072
          0.0000
          0.0000
          0.0000
          0.0000
          5.8401
          4.2126
          0.0000
          0.0000
          0.0000
         -0.3952
          0.0000
          0.0000
          0.0000
          0.5656
          0.0000
          0.0000
          0.0000
          0.0000
          0.0000
          6.7777
          9.0779
         16.8704
         28.7398
         28.8968
          8.0860
          0.0000
          0.0000
          0.0000
          6.3996
         19.9084
          6.0489
         -3.7261
         22.8690
         19.5073
          0.0000
          0.0000
          0.0000
          0.0000
          0.0000
          0.0000
          0.0000
         -2.8090
          0.0000
          0.0000
          0.0000
          0.0000
         11.9827
         17.8771
         15.5786
         12.8052
          0.0000
          0.0000
          7.9729
         24.8690
         -3.0376
        -14.6877
          0.0000
         18.3958
          0.0000
          0.0000
         17.5094
         29.5347
         17.1264
          0.0000
          0.0000
          0.0000
          0.0000
          0.0000
          0.0000
          0.0000
          0.0000
          0.0000
          0.0000
          0.0000
          0.0000
          0.0000
         12.6876
          5.3002
         15.5151
         35.8888
         10.2353
          0.0000
          0.0000
          0.0000
          0.0000
          0.0000
          6.2060
         19.3905
         22.4761
         54.6248
          0.0000
          0.0000
          7.4886
          0.0000
          0.0000
          0.0000
          0.0000
         -1.5899
          0.0000
          0.7701
          0.0000
          0.0000
          0.0000
          0.0000
          0.0000
         -2.0073
          3.9327
          3.8134
          0.0000
          0.0000
          0.0000
          0.0000
          6.3373
          7.7105
          6.8888
         11.7313
         12.4423
         12.3608
          3.7354
         28.2377
        104.9693
        139.2635
          6.1039
          5.7699
         12.6035
          0.0000
          0.0000
          6.6663
         -2.2293
         -3.6766
          3.2596
         17.0013
         29.5304
         20.5714
         14.7065
         32.2678
         19.5897
         -4.3671
          0.0000
          0.0000
         31.5904
         39.1343
         25.3515
        107.9403
        149.1271
          0.0000
          0.0000
          0.0000
          0.0000
          0.0000
          0.0000
          5.6145
          0.0000
          0.0000
         10.2029
         10.0002
          7.9254
         16.0224
         26.8361
         67.0465
        116.8246
         59.4214
          0.0000
          0.0000
          0.0000
          0.0000
          0.0000
          0.0000
          0.4370
         -1.2566
         -2.4128
          0.0000
          5.4045
          2.7590
         -0.4357
         -0.5038
         -1.5874
          0.0000
          0.0000
          0.0000
          0.0000
          0.0000
          0.0000
          0.0000
         19.9780
         14.4568
          0.0000
          4.3241
         32.5687
         40.4025
         38.9003
         79.7571
        158.9642
         -2.9300
          0.0000
          0.0000
          0.0000
          0.0000
          0.0000
          0.0000
          5.1668
         10.6838
          0.0000
          0.0000
          0.0000
          0.0000
          0.0000
          9.1585
          9.4121
          5.7611
          1.5585
          0.7416
          2.8038
          0.0000
          0.0000
          3.5735
         -0.3253
         -2.2974
          0.0000
          0.0000
          0.0000
          0.0000
          0.0000
          0.0000
          0.0000
         -9.6646
          0.0000
          0.0000
          0.0000
          0.0000
          0.0000
          0.0000
          6.0143
          1.3780
         -1.5835
          6.4037
         18.1383
          1.6953
          0.0000
          4.5416
         10.4874
         15.9800
         20.8299
          0.0000
         10.1272
         11.5320
          0.6342
          0.0000
          0.0000
         -0.7167
          5.8041
         19.5543
         33.1229
          6.1212
         -3.0001
         13.6752
         12.8053
          1.9919
          6.6374
         17.0741
         12.9840
         24.4903
          1.9016
          1.8928
          4.7600
         10.3011
        100.1536
         10.3676
          8.6458
         12.8908
         18.2493
          5.4975
         -0.5566
         -2.2711
          0.0000
          0.0000
          0.0000
          0.0000
          0.0000
          0.0000
          0.0000
          5.1475
          7.4555
         24.1431
         10.0104
          0.0000
          0.0000
          0.0000
          0.0000
          0.0000
          0.0000
          0.0000
          1.6943
          8.3699
          0.0000
          0.0000
          2.1775
          0.7236
         -4.3020
          0.0000
          0.9152
          6.2661
          0.0000
          0.0000
          0.0014
         -6.4967
         -1.0109
          0.0000
          0.0000
          0.0000
          0.0000
          0.0000
          0.0000
         -5.2573
         -0.2568
         -2.8838
          0.0000
          0.0000
          0.0000
          2.5984
          4.5294
          2.9289
          6.0412
          1.5203
         -2.0966
         -1.8290
          0.0000
          0.0000
          7.3500
          4.5511
         41.7753
          0.0000
          0.0000
          0.0000
          0.0000
          0.0000
          0.0000
         -2.4015
         -0.9126
          6.6794
          9.3513
         31.8310
         74.4606
         90.9289
         14.3653
          0.0000
          0.0000
          0.0000
          0.0000
          0.0000
          0.0000
          0.0000
          3.2171
         -0.2390
         -1.1619
          0.0000
          0.1616
          3.7322
          7.3500
          3.2947
         -4.1963
         -2.6148
          7.1493
         13.4574
          0.0000
          0.0000
          0.0000
          0.0000
          0.0000
         25.7472
         79.5749
         -0.5089
          0.0000
          0.0000
          0.0000
          0.0000
         33.0137
         69.4478
         61.9961
         -2.4022
          0.0000
          0.0000
         59.2328
          9.6660
         -1.9045
         -1.9796
          2.3442
         15.1452
         18.9344
         18.8950
         93.3490
         81.3387
         76.0172
        134.2341
         38.1491
         16.6869
          1.2875
         32.2530
         56.3275
         13.2826
          0.0000
          2.7787
          0.0000
          5.5052
         40.1366
        106.6132
         66.9110
          2.2952
          8.3603
         -0.5888
          0.0000
          0.0000
          0.0000
          0.0000
          0.0000
          0.0000
        127.8010
        148.0016
          0.0000
          0.0000
          0.0000
          0.0000
          0.0000
          0.0000
          0.0000
         88.5221
        108.7619
          0.0000
          0.0000
          0.0000
          0.0000
          4.0435
         10.3167
         23.5346
         21.2480
         22.0392
         21.4803
         11.4356
         -8.5739
          0.1867
          0.0000
          0.0000
          0.0000
          0.0000
          0.0000
          0.0000
          0.0000
          0.0000
          0.0000
          0.0000
          0.0000
          0.0000
          0.0000
          0.0000
          0.0000
          0.0000
          0.0000
        118.4500
         31.5093
          0.0000
          0.0000
          0.0000
          0.0000
          0.0000
          0.0000
         16.0645
          0.0000
          0.0000
          0.0000
          0.0000
          0.0000
          0.0000
          0.0000
          0.0000
          0.0000
          0.0000
          5.9089
          0.0000
          0.0000
          0.0000
          0.0000
         17.8895
         18.4647
          0.1420
          0.0000
          0.0000
          0.0000
          0.0000
          0.0000
          0.0000
          0.0000
          0.0000
          0.0000
          0.0000
          0.0000
          0.0000
          0.0000
          0.0000
          0.0000
          0.0000
          0.0000
          0.0000
          0.0000
          0.0000
          0.0000
         27.3435
         24.0249
         19.8604
         23.2753
          0.6090
          0.0000
          0.0000
          0.0000
          0.0000
          0.0000
          0.0000
          0.0000
          0.0000
          0.0000
          0.0000
          0.0000
          0.0000
          0.0000
          0.0000
          0.0000
          0.0000
          0.0000
          0.0000
          0.0000
          0.0000
          0.0000
          0.0000
          0.0000
          0.0000
          0.0000
          0.0000
          0.0000
          0.0000
          0.0000
          0.0000
          0.0000
          0.0000
          0.0000
          0.0000
          0.0000
          0.0000
          0.0000
          0.0000
          0.0000
          0.0000
          0.0000
          0.0000
          0.0000
          0.0000
          0.0000
          0.0000
          0.0000
          0.0000
          0.0000
          0.0000
          8.3943
         55.0694
         30.6327
          0.0000
          0.0000
          4.5686
          0.0000
          3.6035
          8.6505
         49.7896
         14.1907
          1.8937
          0.0000
          0.0000
          0.0000
          0.0000
          0.0000
         -1.1581
         -4.6523
          0.0000
          0.0000
          0.0000
          0.0000
          0.0000
          0.0000
          0.0000
          0.0000
          0.0000
          1.2457
          3.0029
          0.0000
          3.4793
         -0.9548
         -5.8369
          0.0000
          0.0000
          0.0000
          0.0000
          0.0000
         20.5779
         15.9403
         15.9394
          0.0000
          0.0000
          0.0000
          0.0000
          1.6673
         27.8780
         52.0039
        143.0167
          0.0000
          0.0000
          0.0000
          0.4718
          0.0000
          0.0000
          0.0000
         -5.3461
          2.5646
          0.0000
          0.0000
          0.0000
          0.0000
          0.0000
         20.0629
         26.0644
          0.0000
          0.0000
          0.0000
          0.0000
          0.0000
          0.0000
          0.0000
         12.8409
          1.3860
          0.0000
          0.0000
          0.0000
          0.0000
          0.0000
          0.0000
          0.0000
          0.0000
          0.0000
          0.0000
          0.0000
          0.0000
          0.0000
          0.0000
          0.0000
          0.0000
          0.0000
          0.0000
          0.0000
          0.0000
          0.0000
          0.0000
          0.0000
          0.0000
          0.0000
          0.3569
         62.4284
          7.3855
          8.8624
          1.7031
         84.0019
          3.5892
         67.6048
         62.0179
         16.5039
          0.0000
          3.6073
         26.3699
          1.6052
         18.0669
          0.0000
          0.0000
          0.0000
          0.0000
          0.0000
          0.0000
         -4.7645
          0.0000
          0.0000
          0.0000
          0.0000
          0.0000
          0.0000
          0.0000
          0.0000
          0.0000
          0.0000
          0.3391
         19.9960
         79.9778
         74.9381
         12.6749
         -9.2871
          0.2068
          0.0000
          3.4147
         12.3278
         32.6460
         35.2571
        156.7880
         38.3891
          0.0000
          0.0000
          0.0000
          3.3144
          0.0000
          6.4207
          7.4117
          0.0000
          0.0000
          4.4758
          1.0586
          0.0000
          0.0000
          0.0000
          0.0000
          0.0000
          0.0000
          0.0000
          0.0000
          0.0000
          0.0000
          0.0000
          0.0000
         19.8193
          0.0000
          0.0000
          0.0000
          0.0000
          0.0000
         19.7749
         27.5730
         61.5706
          0.0000
          0.0000
         22.5508
         18.2870
         -2.7338
          0.0000
          0.0000
         14.5432
          0.0000
          0.0000
          0.0000
          0.0000
          0.0000
          0.0000
          0.0000
          0.0000
          0.0000
          0.0000
          0.0000
          0.0000
          4.2133
          9.6784
         -0.0354
         -0.0963
          0.0000
          2.0896
          0.0000
          0.0000
          0.0000
          0.0000
          0.0000
         -1.1257
         -0.5868
          0.2764
          0.0000
          0.0000
          0.0000
          0.0000
          2.3482
         -1.4024
          0.0000
          0.0000
          0.0000
          0.0000
          0.0000
          0.0000
          0.0000
          0.0000
          0.0000
          0.0000
          0.0000
          0.0000
          0.0000
          0.0000
          0.0000
          0.0000
          0.0000
          0.0000
          0.0000
          0.0000
          0.0000
          0.0000
          0.0000
          0.0000
          0.0000
          0.0000
          0.0000
          0.0000
          0.0000
          0.0000
          0.0000
          0.0000
          0.0000
          0.0000
          0.0000
          0.0000
          0.0000
          0.0000
          0.0000
          0.0000
          0.0000
          0.0000
         12.9245
         22.7661
          7.0147
          0.0000
          0.0000
         -1.7287
          0.0000
          0.0000
          0.0000
          0.0000
          0.0000
          9.8594
         53.7384
          5.4569
          0.0000
          0.0000
          0.0000
          0.0000
          0.0000
          0.5687
          0.0000
          0.0000
          0.0000
         20.5194
          0.0000
          0.0000
          0.0000
          0.0000
          0.0000
          0.0000
          0.0000
          0.0000
          0.0000
          0.0000
          0.0000
          0.0000
          0.0000
         -0.2441
          0.0000
          0.0000
          0.0000
          0.0000
          0.0000
          0.0000
          0.0000
          0.0000
          0.0000
          0.0000
          0.0000
          0.0000
          0.0000
          0.0000
         22.6663
          5.4255
          0.0000
          0.0000
          0.0000
          0.0000
          0.0000
          0.0000
          0.0000
          0.0000
          0.0000
          0.0000
          0.0000
          0.0000
          0.0000
          0.0000
          0.0000
          0.0000
          0.0000
         -0.7334
          0.0000
          0.0000
          0.0000
          0.0000
          0.0000
          0.0000
          0.0000
          4.3855
          0.0000
          0.0000
          0.0000
          0.0000
          3.6869
         13.4025
          0.0000
          0.0000
          0.0000
          0.0000
          0.0000
          0.0000
          0.0000
          0.0000
          0.0000
          0.0000
          0.0000
          0.0000
          0.0000
          0.0000
          0.0000
          0.0000
          0.0000
          0.0000
          0.0000
          0.0000
          0.0000
          0.0000
          0.0000
          0.0000
          0.0000
          0.0000
          2.3610
          5.1934
          0.0000
          0.0000
          0.0000
          0.0000
          0.0000
          8.2804
          8.4075
          0.0000
          0.0000
          0.0000
          0.0000
          0.0000
          0.0000
          0.0000
          0.0000
          0.0000
          0.0000
          0.0000
          0.0000
         -3.8457
          0.0000
          0.0000
          0.0000
          0.0000
          0.0000
          4.2674
          0.0000
          9.6809
          0.0000
          0.0000
          0.0000
          0.0000
          0.0000
          0.0000
          0.0000
          0.0000
          0.0000
          0.0000
          0.0000
          0.0000
          0.0000
          0.0000
          0.0000
          0.0000
          0.0000
          0.0000
          0.0000
          0.0000
          0.0000
          0.0000
          0.0000
          0.0000
          0.0000
          0.0000
          0.0000
          0.0000
          0.0000
          0.0000
          0.0000
         -0.7811
          0.0000
          0.0000
          6.6125
          8.7569
         12.0768
        128.7329
         40.5937
          0.0000
          0.0000
          0.0000
         27.1150
         23.0309
         29.0337
         18.6022
          0.0000
          0.0000
          0.0000
          0.0000
          0.0000
          0.0000
          0.0000
          0.0000
          0.0000
          0.0000
          0.0000
          0.0000
          0.0000
          0.0000
          0.0000
          0.0000
          6.1588
         -9.8723
          0.0000
          0.0000
          0.0000
          2.9195
          0.9770
         -9.8218
          0.0000
          0.0000
          0.0000
          0.0000
         15.8159
         14.5206
          4.1458
          8.4721
          0.0000
          0.0000
          0.0000
          0.0000
          0.0000
          0.0000
          0.0000
         20.3128
        136.9349
        104.8861
          0.0000
          0.0000
          0.0000
         23.2184
         28.1135
         11.4348
          1.4633
         48.8532
          0.0000
          0.0000
          0.0000
          0.0000
          0.0000
          0.0000
          0.0000
         -6.6750
          0.0000
          0.0000
          0.0000
          0.0000
          0.0000
          0.0000
          1.0830
         12.6478
         14.0413
          7.9442
          0.0000
          0.0000
          0.0000
          0.0000
          3.2106
          9.1165
          8.7032
         12.4772
         10.3999
          1.2684
          0.0000
          0.0000
          0.0000
          7.4795
          2.4193
          9.6431
         23.6460
          0.2531
          0.0000
          0.0000
          0.0000
          3.7077
          0.0000
          1.0439
          0.7134
          0.0000
        114.3667
        102.1464
         65.5844
          0.0000
          0.0000
          0.0000
          0.0000
          0.0000
          0.0000
          0.0000
         14.8727
          0.0000
          0.0000
          0.0000
          0.0000
          0.0000
          0.0000
          0.0000
         21.5184
         83.0427
          0.0000
          0.0000
          0.0000
          0.0000
          0.0000
          0.0000
          2.2891
          0.0000
          0.0000
          0.0000
          0.0000
          0.0000
          0.0000
          0.0000
          2.8101
         22.2701
          0.0000
          0.0000
          2.9377
         12.6798
        141.1065
          0.0000
         20.5655
          4.9092
        -13.4612
         11.1293
         23.7945
         10.7128
         80.5719
        213.3211
         -7.3194
          0.0000
          0.7356
          0.0000
          0.0000
          0.0000
          0.0000
          0.0000
          0.0000
          0.0000
          0.0000
          0.0000
          0.0000
          0.0000
          0.0000
          0.0000
          0.0000
          0.0000
          0.0000
          0.0000
         10.4606
         18.6461
          5.7070
         18.5620
        141.8134
        210.6838
        117.2982
          0.0000
          0.0000
         12.9039
         68.2338
        148.6847
        105.9903
          0.0000
          0.0000
          0.0000
          0.0000
          0.0000
          0.0000
          0.0000
          0.0000
          0.0000
          0.0000
          0.0000
          0.0000
          0.0000
          0.0000
          0.0000
          9.9184
         50.0954
        147.9946
         20.3406
          0.0000
          0.0000
          0.0000
          0.0000
          0.0000
         17.4443
          0.0000
          0.0000
          0.0000
         14.7591
          2.5807
         16.3891
         90.3483
        162.5924
         39.0151
         63.7394
        106.3514
         19.7887
          7.9241
         21.9250
         99.5714
        264.7392
         19.6740
          0.0000
          0.0000
          0.0000
          8.4398
         -8.3960
         63.8946
        393.7228
        303.5196
          0.0000
          0.0000
          0.0000
          0.0000
          9.2767
          0.0000
        104.4181
        212.3019
         73.7433
         41.1356
         51.4840
        187.8831
        307.0177
        346.8587
          0.0000
          0.0000
          0.0000
          0.0000
          0.0000
          0.0000
          0.0000
          0.0000
          0.0000
          0.0000
          0.0000
          0.0000
          0.0000
          0.0000
          0.0000
         16.9403
          5.3485
          2.1240
         56.3329
         23.1199
          3.6698
          7.7392
          3.9774
          0.0000
          0.0000
          0.0000
          0.0000
          6.7502
         12.7599
          0.0000
          9.8289
          2.5426
          0.0000
         14.5488
         23.5667
         11.0537
          7.9341
         17.7312
         27.4065
        124.7462
        235.3615
          6.9433
          0.0000
          0.0000
          0.0000
          0.0000
          0.0000
          0.0000
          0.0000
          0.0000
          0.0000
          0.0000
          0.0000
          0.0000
          0.0000
          2.3628
         77.2398
        100.5376
          0.0000
          0.0000
          0.0000
          0.0000
         23.9046
         40.7194
          1.1776
          0.0000
          0.0000
          0.0000
          0.0000
          0.0000
          0.0000
          0.0000
          0.0000
          0.0000
          0.0000
          0.0000
          0.0000
          0.0000
          0.0000
          0.0000
          0.0000
          0.0000
          0.0000
          0.0000
          0.0000
          0.0000
          0.0000
          1.0278
          0.0000
          0.0000
          0.0000
          0.0000
          0.0000
          0.0000
          2.0549
         11.2207
          7.2814
          3.5524
         18.5840
         39.4222
         33.6204
         -3.6634
          8.4788
         11.1499
         44.7119
        311.3813
        334.6399
        348.4939
        236.1869
         62.3788
          0.0000
          0.0000
         20.9813
         43.5115
          0.0000
         27.6339
         40.7000
          3.0610
         10.0620
         -0.9779
         54.7779
         12.9317
         30.5253
          0.0000
          0.0000
          0.0000
          2.6375
          0.8373
          0.0000
          0.0000
          0.0000
          0.0000
          0.0000
          0.0000
          0.0000
          0.0000
          0.0000
          0.0000
          0.0000
         47.3057
         57.1951
          0.0000
          0.0000
          0.0000
          0.0000
          0.0000
          0.0000
          0.0000
          0.0000
          1.5422
         11.9980
         61.7051
        156.6738
          0.0000
          0.0000
         41.5760
        199.6455
        289.3231
        332.0730
        106.1761
          0.0000
          0.0000
         76.5678
        187.0656
          0.0000
          0.0000
         35.9789
         17.6518
          0.0000
          2.0727
          3.5427
         14.5486
          6.3496
         10.6357
         22.4577
         16.7249
          0.0000
          0.0000
          0.0000
          0.0000
          0.0000
          0.0000
          0.0000
          0.0000
          0.4509
          0.0000
          0.0000
          0.0000
          0.0000
          0.0000
          0.0000
          0.0000
        -13.4203
         -3.1713
          6.7011
          0.0000
          0.0000
          0.0000
          0.0000
          0.0000
          0.0000
          0.0000
          0.0000
          0.0000
          0.0000
          1.1564
          7.7424
          0.0000
          0.0000
          0.0000
          0.0000
          0.0000
          0.0000
          5.8611
         25.0905
        193.1098
          0.0000
          0.0000
          0.0000
          0.0000
          0.0000
         20.4214
         86.3810
          0.0000
          0.0000
          0.0000
          0.0000
         88.1502
        111.7879
          0.0000
          0.0000
          0.0000
          0.0000
          0.0000
          0.0000
         28.0944
         15.2628
          8.9452
         26.9637
        175.4808
          0.0000
          0.0000
          0.0000
          0.0000
          0.0000
          0.0000
          0.0000
          0.0000
          0.0000
          0.0000
          0.0000
          0.0000
          7.7778
          0.0000
          0.0000
          0.0000
          0.0000
          2.6372
         13.3505
         13.1023
          0.0000
          0.0000
          0.0000
          0.0000
        -15.5237
         -4.2231
          0.0000
          0.0000
          0.0000
          0.0000
          7.5499
          3.8844
          0.0000
          0.0000
          0.0000
          0.0000
          3.6002
         16.5866
         86.7185
        153.6387
          0.0000
          0.0000
          0.0000
          0.0000
         17.0047
         31.5720
         10.0349
          0.0000
          0.0000
          0.1414
         14.4715
         37.8405
         17.6433
         55.3016
         29.1667
          0.0000
          0.0000
          0.0000
          0.0000
          9.5781
          0.0000
          0.0000
          0.0000
          0.0000
          0.0000
          0.0000
         16.5414
         15.6558
          7.5547
         21.9496
         32.9573
         24.6432
        186.8232
          3.9542
         62.3575
          0.0000
          0.0000
          2.4698
         11.3247
         11.7625
         37.1393
          0.0000
          0.0000
         12.7498
         20.8678
         16.0822
          2.3106
          0.0000
          0.0000
          0.0000
          0.0000
          8.1321
          2.7163
         10.1539
          0.0000
          0.0000
         -0.0670
          0.0000
          0.0000
          0.0000
          0.0000
          5.2037
          4.1046
          0.0000
          0.0000
          0.0000
          0.0000
         22.4255
         22.3443
         19.9035
         16.5632
          0.0000
          0.0000
          0.0000
          2.9547
         11.8249
         72.7392
         74.4139
         49.3099
         48.7074
         39.4731
          0.0000
          0.0000
         14.4482
          0.0000
         76.3596
         72.2754
          4.2402
          0.0000
          0.0000
          0.0000
          0.0000
          0.0000
          0.0000
          1.7838
         12.0912
         82.5554
         12.0900
          0.0000
          0.0000
          0.0000
          0.0000
          8.5343
          0.0000
          0.0000
          0.0000
          1.6082
         24.4685
         18.7059
         71.4706
        108.5229
        171.9067
        109.8425
         20.6162
          0.0000
          0.0000
          0.0000
          0.0000
          0.0000
          0.0000
         -1.6103
          0.0000
          2.1758
         21.9874
         12.8856
          2.1711
         13.2184
          0.0000
          0.0000
          0.0000
          0.0000
         29.6605
          9.5891
          0.2509
          7.1764
          0.0000
          0.0000
          0.0000
          0.0000
         22.8223
          8.1602
        174.2174
        157.2437
         22.4482
          0.0000
          0.0000
          0.0000
          8.7580
          9.0971
        114.2487
         82.2369
          0.0000
          0.0000
          0.0000
          0.0000
         14.1868
         10.8290
         13.0851
         21.0056
         30.0993
          7.8745
          7.8745
