          0.0000
          0.0000
          0.0000
          0.0000
          0.0000
          0.0000
         -8.0004
          0.0000
          0.0000
          0.0000
          0.0000
          0.0000
          0.0000
          0.0000
         -5.1578
          0.0000
          0.0000
          0.0000
          2.1331
         11.9678
         12.0293
          0.0000
          0.0000
          0.0000
          0.0000
          0.0000
          0.0000
          0.0000
         13.1903
          1.7268
         -1.6630
          0.0000
          0.0000
          1.4854
          1.6019
         20.7745
         22.6015
         21.6723
         66.4859
          0.0000
          0.0000
          0.0000
          0.0000
         22.3280
          5.1143
         -1.7053
         -1.2553
          0.0000
          0.0000
          0.0000
          0.7541
         18.8394
         39.3415
         94.9423
        135.3424
         22.6388
          0.0000
          0.0000
          0.0000
          0.0000
          9.0333
          7.2776
         68.6966
         76.6813
         28.1826
          5.8264
          6.9106
          0.0000
          0.0000
          0.0000
          0.0000
         18.8496
          7.4388
         -3.7286
         10.1547
         62.9577
         36.2777
          2.0959
         36.9452
        106.5777
        109.0671
        117.9868
         81.5910
         24.0639
          0.0000
          0.0000
          0.0000
          0.0000
          0.0000
          0.0000
          0.0000
          0.0000
          0.0000
          0.0000
         54.5399
         84.9933
         36.9891
         73.1084
        121.9200
        101.3617
         52.8088
         -0.2132
         -1.7317
          0.0000
          0.0000
          0.0000
          0.0000
          0.0000
          0.0000
          0.0000
         20.7821
         23.9663
         47.5872
          1.8874
         -1.3598
          0.0000
          4.0284
          4.5794
         17.1793
         24.0692
          0.0000
          0.0000
          0.0000
          0.0000
          6.1920
          0.0000
          0.0000
          0.0000
          0.0000
          0.0000
          5.4678
          0.0000
          6.4487
         53.5178
         11.3106
          0.0000
          0.0000
          0.0000
          2.5007
         14.0091
         15.3131
        140.7961
          0.0000
          0.0000
          0.0000
         25.2421
         23.9617
         24.5103
         34.9811
         95.5735
          1.6133
         -0.0768
         10.7291
         45.9857
         43.9882
          0.0000
          0.0000
          0.0000
          0.0000
          0.0000
          4.5155
         21.4992
          0.0000
          0.0000
          0.0000
          0.0000
         -1.8240
          0.0000
          0.0000
          0.0000
          0.0000
          0.0000
          7.2592
          3.5286
          0.0000
          0.0000
          0.0000
          0.0000
          0.0000
         10.0499
         11.8086
          0.0000
          0.0000
          0.0000
          0.0000
          0.0000
          2.7201
         15.3302
          7.1652
          0.0000
          0.0000
          0.0000
         16.7759
         12.8127
         24.1686
          8.7863
         10.1526
         15.2207
         67.2558
         59.8640
         83.2791
         94.1593
         66.6396
         75.0169
         -7.8459
          0.0000
          0.0000
         66.1650
         29.5333
          8.2970
          8.6260
         -4.7859
         -2.4791
         -2.5425
        104.1198
        123.0925
         21.7958
          7.5275
         31.1753
         35.5164
         26.9706
          0.0000
         45.5201
         78.1972
          4.8518
         14.5831
          0.0655
         -0.0938
         -0.0983
          0.0000
          0.0000
          0.0000
          0.0000
          0.0000
          0.0000
          0.0000
          0.0000
          0.0000
          0.0000
          0.0000
          0.0000
          0.0000
          0.9139
          1.0877
         10.3767
         20.4083
         97.1512
         22.0763
          0.0000
          0.0000
          5.8908
          5.9609
          7.6090
          0.0000
         37.8950
          0.0000
          0.0000
          0.0000
          0.0000
          2.7307
         36.8981
         -0.4864
          0.0000
          0.0000
          0.0000
          0.0000
          0.0042
          0.7026
          8.2114
          2.8229
          0.0000
         52.5707
        122.5988
         82.1509
         33.3385
          0.0000
          0.0000
          0.0000
         -6.4605
         98.7008
         29.7339
          1.9639
         -5.0595
          0.4713
        -13.0168
          0.0000
          0.0000
        172.2309
          0.0000
         18.8227
          4.8153
          0.0000
          1.3073
          0.0000
         37.7598
         19.1587
          5.2652
         -1.9474
          8.1153
          7.3683
         -0.8734
        194.3335
        206.7915
        100.6266
          0.0000
          0.0000
          2.3292
          5.2952
          9.6681
         13.2278
          3.6069
          0.0000
          0.0000
          0.0000
          3.8510
          0.0000
          3.4546
          0.1027
         -1.0176
         -0.0901
         15.9882
         20.8955
         22.2440
         35.4673
         41.5478
         18.1266
         81.5205
         59.0441
         32.5998
          5.4905
         16.7865
        135.0072
        168.1479
         35.1980
         -4.0081
          0.0000
          0.0000
          0.0000
         19.0227
         85.1191
         75.5230
          0.0000
         -2.6412
          0.0000
         19.6964
         12.3571
          0.7475
         -3.5289
        -19.0243
        -30.2919
         13.1579
         33.4303
          3.0415
         31.0835
        102.2770
         94.3819
         32.3683
         24.4548
          0.0000
         18.6547
         36.6820
         25.4016
         12.8109
         16.8470
         17.1870
         27.9423
        126.3860
         68.1130
         -2.6747
          0.0000
          0.0000
          0.0000
          4.2220
          0.0000
         53.2936
         94.9299
         43.6755
         -0.8462
          9.9581
          5.9098
         -0.6537
         -7.3016
        125.3003
        170.1190
         21.6363
          0.0000
          0.0000
          2.2347
         34.7875
          3.0163
         39.0438
         29.8533
          0.0000
          0.0000
          0.0000
          0.0000
          0.0000
          0.0000
          2.0702
          0.3237
          3.5989
          0.0000
          3.1450
         20.0442
         26.8107
          9.0220
          0.0000
          0.0000
          6.0682
         30.7104
         85.8676
        151.5301
         74.6349
          0.0000
          0.0000
          0.0000
          0.0000
          0.0000
          0.0000
         17.6641
         19.7962
         77.0399
         26.9153
          0.0000
          0.0000
          0.0000
         11.0119
         20.3546
         24.4496
         97.8632
          0.0000
          0.0000
          0.0000
          2.1440
         14.0218
         11.9781
         17.2419
         74.1382
          0.0000
          0.0000
          0.0000
          1.0479
          7.9757
         12.0505
         12.4342
          5.0636
        128.7212
          0.0000
          0.0000
          0.0000
         47.3308
         44.2009
         81.2011
        181.5143
         90.3088
         10.4290
          0.0000
          0.0000
          0.0000
          0.0000
          0.0000
          0.0000
          2.8487
          0.0000
          0.0000
          0.0000
          0.0000
          0.0000
          8.4168
          0.0000
         21.7773
         29.4855
          0.0000
          0.0000
         17.1416
         40.7521
         28.7946
         20.8111
         43.5130
         59.4383
        199.1885
        205.8450
        162.2967
         97.9916
         50.9740
          0.0000
          0.0000
          0.0000
          0.0000
          0.0000
          0.0000
          0.0000
          0.0000
          0.0000
         10.3231
          6.5096
         11.8219
         19.2067
         15.1988
         11.4834
         50.0454
         58.7552
         11.0844
         35.6948
          0.0000
          5.9304
         35.7596
         68.8191
          0.0000
          0.0000
         65.4113
         32.6041
          0.0000
          0.0000
          0.0000
          0.0000
          7.2082
          1.3469
         -1.5943
          0.0000
          0.0000
          0.0000
          0.0000
          0.0000
          4.0187
          9.1370
         80.8418
        156.9128
        168.8391
        163.9585
        135.2267
        161.0279
        177.9372
          5.6023
          0.0000
          0.0000
          0.0000
          0.0000
          0.0000
          0.0000
          0.0000
          0.0000
         -1.1903
         -3.6701
         -0.4990
          0.0000
          0.0000
          0.0000
          0.0000
          0.0000
          0.0000
         61.5970
          9.5387
        -20.9606
          5.3097
         16.1409
          6.6838
        106.5509
        198.2774
        133.3079
        144.1852
        142.9032
        160.3453
        138.9389
         96.2744
         28.2480
          0.0000
          0.0000
          0.0000
          0.0000
          0.0000
          0.0000
          0.0000
          2.7725
         53.7983
         25.8389
        -19.1270
          0.0000
          0.0000
          0.0000
         20.5149
         88.6449
         44.0575
          2.0163
          2.3056
          0.0000
          0.0000
          0.0000
          0.0000
          0.0000
          0.0000
          0.0000
          0.0000
          0.0000
          0.0000
          0.0000
          0.0000
          0.0000
         -0.3683
          0.0000
          0.0000
          0.0000
          0.0000
          0.0000
          2.3086
          0.0000
          0.0000
          0.0000
          0.0000
         24.3738
         12.6704
         20.1690
          0.0000
          0.0000
          0.0000
          0.0000
          0.0000
         19.9019
         51.6719
        118.8537
        122.7895
        116.7772
          0.0000
          0.0000
          3.7767
          5.2239
         13.5508
        120.1535
        115.8300
          1.2263
          0.0000
          0.0000
          0.0000
         12.5820
         19.8067
        120.0056
        113.0263
          0.0000
          0.0000
          0.0000
          9.0343
         33.7784
         22.9189
         30.1867
        -10.0199
         53.2971
         16.7615
         24.0269
         30.7322
         14.0133
         19.9330
         70.0223
         29.2578
          0.0000
          2.2384
         81.9452
         38.2076
         10.4561
          8.5474
         38.9618
         95.3421
         56.4132
         10.5581
          0.0000
          0.0000
          0.0000
          0.0000
          0.0000
          0.0000
          0.0000
          0.0000
          0.0000
          0.0000
          0.0000
          0.0000
          0.0000
          7.5926
          3.9879
         21.1851
         34.9319
         23.7745
         37.9913
         30.3674
         40.4938
        105.4199
         98.1898
          0.0000
         85.5155
        100.0847
        147.5816
         40.0751
          0.0000
          0.0000
          0.0000
          0.0000
          0.0000
          0.0000
          0.0000
          0.0000
          0.0000
          0.0000
          0.0000
         18.6792
         15.3245
        -15.1291
         -1.5284
          0.0000
          0.0000
          5.5369
          0.0000
         -4.9925
         -1.6329
          2.9334
         37.4953
         78.3061
          0.0000
          0.0000
          0.0000
         13.7475
         -1.6729
         16.8169
         15.3612
         27.0533
         63.9572
        115.3886
        226.4311
         56.1021
          0.0000
          0.0000
          0.0000
          0.0000
          0.0000
          0.0000
          0.0000
         90.1150
         74.4529
          0.0000
          0.0000
          0.0000
          0.0000
          0.0000
          0.0000
         -0.7276
          0.0000
          0.0000
          0.0000
          0.0000
          0.0000
          9.8163
         -3.8789
         33.8506
          6.6391
         -1.7591
         -0.1545
          0.0000
          0.0000
          6.9491
          4.8095
         37.3926
         83.0274
         56.0799
        -22.5097
         -5.5235
          0.0000
          2.1736
          0.0000
          0.0000
          0.0000
          4.0552
          0.0000
          0.3566
         10.9078
          4.6856
          0.0000
          0.0000
          0.0000
          3.4581
         54.7011
          4.6822
         -3.3129
         15.9349
          2.3746
          1.2015
          3.0736
          8.6947
          0.6988
         -0.4820
         27.6658
         28.4927
         64.6343
         10.6184
          5.3363
         24.4398
         70.5036
         21.8305
          0.0000
          0.0000
          3.9754
         22.0847
          0.2294
          1.4712
          0.0000
          0.0000
          0.0000
          0.0000
          0.0000
         -1.7212
         -0.3535
          6.3892
          7.7239
          4.6213
          0.0000
          0.0000
          0.0000
          0.0000
          3.3912
         16.1627
        111.7911
        146.4332
         44.7815
          0.0000
          0.0000
          0.0000
          0.0000
          8.1982
         -6.0828
        132.5098
        112.8555
         36.6151
         93.5770
        198.4377
        123.7693
          0.0000
          0.0000
          0.0000
          0.0000
          0.0000
          0.0000
         -3.3373
         -2.0910
          5.6045
         13.2376
          5.8142
          3.2755
          0.0000
          0.0000
          0.0000
          0.0000
          0.0000
         10.5326
         19.5166
          6.7618
         45.4228
        153.1961
        113.0207
          0.0000
          0.0000
          0.0000
          0.0000
          0.0000
          0.0000
          0.0000
          0.0000
          0.0000
          0.0000
          0.0000
          7.1060
          8.5777
         35.0083
         -0.2096
         15.2989
         20.8314
         -1.5477
         -7.5441
          5.2979
          1.4638
          4.6713
         37.3565
          0.0000
          0.0000
          0.0000
         66.5714
         88.1806
         76.0265
         11.0063
          0.0000
         33.0262
          0.0000
          0.0000
          0.0000
          0.0000
          0.0000
          4.5695
         17.5939
         59.7577
         12.5464
         28.1206
         55.4281
         16.7985
          0.0000
         14.5146
         54.6031
        145.3345
         23.1652
          0.0000
          0.0000
          0.0000
          0.0000
         11.9243
          0.0000
         19.9310
          0.0000
          1.3628
         26.5679
         52.0997
         16.7959
         15.5093
         21.9670
        143.4175
        140.0127
          3.2220
         19.7183
          8.1071
          5.5788
          1.0728
          0.0000
         30.8226
         24.1796
          0.0000
          0.0000
         10.7283
         10.1087
         -6.9237
         53.8157
        104.2266
          0.0000
          0.0000
          0.0000
          0.0000
          0.0000
          2.5418
          0.0000
          0.0000
          0.0000
          0.0000
          0.0000
          0.0000
          0.0000
          1.3626
          0.0000
          0.0000
          0.0000
          0.0000
          0.0000
          9.0663
         33.8459
         26.4497
          5.8760
         13.2120
         71.1091
         74.4518
         42.2262
         45.5207
         70.4752
         63.1607
         26.7538
         -4.3139
          0.0000
          0.9549
          4.3632
          5.8700
          0.0000
          0.0000
          0.0000
          0.0000
          0.0000
          1.9666
          9.6584
         12.8171
          8.6026
          1.1180
          0.0000
          0.0000
         21.3767
          8.8542
         29.9662
        141.8747
        150.1854
        125.7990
        142.0660
         65.0994
          4.4051
         -4.1293
          0.0000
          0.0000
          0.0000
          0.0000
          0.0000
         -3.7331
         16.9425
         68.0387
         40.7856
          0.0000
          0.0000
          0.0000
          0.0000
          0.0000
          0.0000
          0.0000
          0.0000
          0.0000
          0.0000
          0.0000
          0.0000
         -2.2783
         -0.3767
          5.3356
          0.0000
          0.0000
          0.0000
          0.0000
          0.0000
          0.0000
          0.0000
          8.2363
         25.9077
         49.5496
         84.8115
        141.2964
        201.2698
        140.2636
         71.0833
          0.0000
          0.0000
          0.0000
          0.0000
          2.2529
          0.4337
         -1.0292
         21.1089
         26.5562
         27.0241
         41.6933
         63.1236
         60.3326
         58.5615
        119.6090
         70.5494
          0.0000
          0.0000
          0.0000
          0.0000
          0.0000
          0.0000
          0.0000
          0.0000
          4.7284
          0.0000
          0.0000
          7.8154
         15.7948
         15.9671
         37.4997
         58.7573
         32.5230
        -10.1446
          0.0000
          0.0000
          1.0749
          0.0000
          0.0000
          0.0000
          0.0000
          0.0000
          0.0000
          3.0799
          9.2058
          0.0000
          0.0000
          0.0000
          4.3914
         16.6605
         19.8416
         18.2787
         -2.9441
        132.2217
         93.0023
          0.0000
          0.0000
          0.0000
          0.1863
          0.0000
          0.0000
          0.0000
          6.6063
          2.1928
          0.0000
          0.0000
          0.0000
          0.0000
          0.0000
          0.0000
         -0.6501
          0.0000
          0.0000
          0.0000
          5.4856
          8.6300
         31.3864
         46.2334
         10.3803
         -1.0565
          0.0000
          0.0000
          0.0000
          0.0000
          0.0000
          0.0000
          0.0000
          0.0000
          0.0000
          0.0000
         10.6048
          3.9605
          6.6131
          1.0432
         89.5131
         82.4643
          0.0288
        -10.4979
          0.0000
          0.0000
          8.4814
          1.8370
         35.7036
         10.8105
          9.9746
         -3.6597
         -2.2194
          0.0000
          0.0000
          0.0000
          0.0000
          0.0000
          0.0000
          0.0000
          0.0000
         76.9244
         63.6000
         54.9801
         98.7314
         12.3134
         -3.5688
          0.0000
          1.2984
          0.0000
          2.4207
          0.0000
          0.0000
          0.1303
          5.6911
          3.6009
         21.1938
         28.4070
         16.3086
         21.6610
         18.0779
         93.7364
         22.5496
         16.0018
         23.2658
         13.4362
          0.4275
          0.0000
          0.0000
          0.0000
          0.0000
          0.0000
          0.0000
          0.0000
          0.9714
          0.0000
          0.0000
          0.0000
          5.9513
         15.8569
         20.3325
         15.7030
         28.6995
         30.9860
         78.1087
         18.3204
         16.8857
         12.9755
          0.0000
          1.3778
         53.1813
         98.5479
          0.0000
          0.0000
          0.0000
          0.0000
          0.0000
          0.0000
          3.3251
          0.0000
         -3.3318
         15.0081
          0.0000
          0.0000
          0.0000
          0.0000
          0.0000
          0.0000
          0.0000
          0.0000
          0.0000
          3.4650
          8.3659
          0.0000
          0.0000
          0.0000
          0.0000
          0.0000
          0.2764
          0.9240
          0.2209
          0.0000
          0.0000
          0.0000
          0.0000
          0.0000
         10.8904
         41.0232
         38.6604
         14.3247
         10.2588
          0.0000
          0.0000
          0.0000
          0.0000
          2.4223
          8.8458
         17.5519
          4.1717
          0.0000
          0.0000
          0.0000
          0.0000
          0.0000
          0.0000
         11.5368
          6.7438
         25.6371
         72.7473
         33.3997
          0.0000
          0.0000
          0.0000
          0.0000
          4.5498
          0.0000
          0.0000
          0.0000
          0.0000
          0.0000
          0.0000
          0.0000
          0.0000
          0.0000
          0.0000
          0.0000
          0.0000
          0.0000
          0.0000
          0.0000
          0.0000
          0.0000
          0.0000
          0.0000
          5.6870
          2.3811
          0.0000
          0.0000
          0.0000
          0.0000
          0.0000
          0.0000
          0.0000
         29.0334
         24.6474
          8.3308
         62.5643
         65.7031
        137.6122
        163.8617
          0.0000
          0.0000
          0.0000
          0.0000
          0.0000
          0.0000
          0.0000
          0.0000
          0.0000
          0.0000
          0.0000
          0.0000
          0.0000
          0.0000
          0.0000
          0.0000
          0.0000
          0.0000
          0.0000
          0.0000
          0.0000
          0.0000
          0.0000
          0.0000
          0.0000
          0.0000
          0.9376
          0.0000
          0.0000
          0.2123
        -10.4802
         -6.5160
          0.0406
         13.8628
         10.0689
         -1.5597
          0.0000
         22.2803
         10.9721
          0.0000
          0.0000
          0.0000
          0.0000
          2.7039
          8.3187
          3.9657
         -0.1402
         21.1590
         16.8127
          5.3719
         24.8581
          0.9116
          0.0000
          0.0000
        129.9133
         36.1184
          0.0000
          0.0000
          0.0000
          7.9616
         95.6382
        155.6901
         26.6366
          0.0000
          0.0000
          0.0000
          2.6236
          6.0955
          8.7271
          7.8391
          8.7871
         45.8042
        133.1315
         65.2639
          5.4783
          0.0000
          0.0000
          0.0000
          0.0000
         16.8649
         17.6264
          3.3499
          4.9710
          0.0000
          0.0000
          0.0000
          0.0000
          0.0000
          0.0000
          0.0000
         17.0257
          0.0000
          0.0000
          0.0000
          0.0000
          0.0000
          0.0000
          0.0000
          0.0000
          0.0000
          0.0000
          5.8122
         12.2507
          0.1432
          0.0000
         19.5457
          6.2352
          5.9661
         13.2204
          8.2760
          0.0000
          0.0000
          3.9352
          6.4275
          5.0305
         10.6339
         63.9042
         54.4594
         46.3095
          0.0000
          0.0000
          0.7237
          0.0000
          0.0000
          3.2537
          0.0000
          1.2121
          8.2648
         22.7098
         36.1390
         15.0473
         13.1479
          5.7630
        -17.7645
          4.3105
         93.7462
          5.7302
         45.7383
         22.3848
         56.4688
         69.5398
         40.5763
         -4.8344
         -0.6844
          2.9985
          0.0000
         19.9679
         62.2592
          9.9234
          1.9066
          5.8206
         -0.0144
          2.3597
          0.5231
          0.9623
          0.5962
          6.4387
          7.8324
         -1.5640
          0.0000
          0.0000
          0.0000
          0.0000
          0.0000
          2.9750
          0.0000
          0.0000
          0.0000
          6.8012
         15.3964
         43.1552
        122.6231
         85.4576
          0.0000
          0.0000
          0.0000
          0.0000
         17.1924
         19.0797
          8.2032
          4.6142
          0.0000
          0.1311
          0.0000
          0.0000
          0.0000
          0.0000
          0.0000
          0.0000
          0.0000
          0.0000
          0.0000
          0.0000
          0.0000
          0.0000
          0.0000
          2.4349
          0.0000
          0.0000
          0.0000
          0.0000
          0.9032
          1.2562
          0.0000
          0.0194
          0.0000
          0.0000
          0.0000
          2.7056
          2.5814
          2.1477
          6.2485
          5.2762
          0.0000
          0.0000
          0.0000
          0.0000
          0.0000
          0.1499
          8.4405
         31.3121
         45.0472
         37.1893
          0.0000
          0.0000
          0.0000
          7.2736
         31.4836
         43.3301
         20.9871
          0.0000
          0.0000
          0.0000
         13.5170
         18.1792
         -0.8507
          1.4944
         52.0336
         51.1475
          0.0000
         14.0332
         25.2737
         28.7273
         32.1413
         11.2867
          4.1224
         59.0243
          0.0000
          0.0000
          0.2100
          0.0000
          0.0000
          5.7229
          0.0000
          0.0000
         40.1738
          0.0000
          0.0000
          0.0000
          0.0000
          0.0000
          0.0000
          0.0000
          5.8637
         13.9305
         26.7069
         15.5422
          1.9859
         22.8619
          0.0000
          0.0000
          0.0000
          0.0000
         12.7926
         10.7562
          1.8606
          5.0408
          0.0000
          0.0000
          0.0000
          0.0000
         10.2948
          7.9484
          3.9692
          4.6273
          0.0000
          0.0000
          0.0000
          0.0000
         13.3504
          6.7602
         -3.2837
         -0.6456
          0.0000
          0.0000
          0.0000
          0.0000
          0.0000
          1.6248
          0.0000
          0.0000
          0.0000
          0.0000
          0.0000
          0.0000
          0.0000
          7.1470
          6.2591
          6.2054
          0.0000
          0.0000
          0.0000
          2.1876
         12.2299
         16.0104
         23.6622
         18.5344
          0.0000
          0.0000
          0.0000
          0.0412
         55.5590
         16.3296
          1.1133
          3.7012
          0.0000
          0.0000
          0.0000
          0.0000
          0.0000
          0.0000
          0.0000
          0.0000
          0.0000
          0.0000
          0.0000
          0.0000
          0.0000
          0.0000
          0.0000
          2.6283
          0.0000
          0.0000
          0.0000
          8.4715
         26.0741
         16.8054
         19.3802
          9.3196
          0.0000
          0.0000
          0.0000
          0.0000
          0.0000
          0.0000
          0.0000
         10.6155
          0.0000
          0.0000
          0.0000
          0.0000
          0.0000
          0.0000
          0.0000
          0.0000
         13.0398
         12.0850
          0.0000
          0.0000
          0.0000
          0.0000
          0.0000
          0.0000
         29.6196
          0.0000
          0.0000
          0.0000
          0.0000
          0.0000
          0.0000
          9.3335
          0.0000
         21.1740
          0.0000
          0.0000
          0.0000
          0.0000
          0.0000
          0.0000
          0.0000
          0.0000
          0.0000
          1.1404
          5.8550
         11.5279
          0.5498
          5.8879
         25.4660
         52.6509
          0.0670
          0.0000
          0.0000
          0.0000
          0.0000
          0.0000
          0.0000
          0.0000
          0.0000
          0.0000
          0.0000
          0.0000
          0.0000
          0.0000
          0.0000
          0.0000
          0.0000
          0.0000
          0.0000
          0.0000
          0.0000
          0.0000
          0.0000
          0.0000
          0.0000
          0.0000
          6.9108
          2.6337
          0.0000
          9.8486
          0.0000
         22.0013
         13.7124
          0.0000
          4.5034
         13.5164
         -2.2285
        -14.8832
          0.0000
          0.0000
         16.2075
         22.9350
         27.5511
         28.7265
         36.4469
         44.4820
          0.0000
          0.0000
          0.0000
          0.9370
          2.1655
          3.1591
          9.9660
          2.7870
         43.2144
         16.5658
          0.0000
          0.0000
          0.0000
          0.0000
          4.8997
         -6.1218
          0.0000
          0.0000
          1.3392
          0.0000
          0.0000
          0.0000
          0.0000
          4.7942
          5.3144
         13.3633
         12.7533
          9.9577
          5.7648
          1.3884
          0.0000
         15.5605
         47.6921
         95.5244
         15.5999
          0.0000
          0.0000
          9.4286
          2.7801
         -5.9274
          0.0000
          0.0000
          0.0000
          0.0000
          0.0000
          0.0000
          0.0000
          0.0000
          0.0000
          0.0000
          0.0000
          0.0000
          0.0000
          0.0000
          0.0000
          9.0652
          0.0000
          0.0000
          0.0000
          0.0000
         13.5842
          7.9495
          1.0210
         -9.3351
          0.0000
          0.0000
          0.0000
          0.0000
          0.0000
          0.0000
          0.0000
          8.0009
          0.8645
         26.3884
          0.0000
         13.5638
         40.7081
          0.5285
          3.0914
        151.1842
        116.0673
          0.0000
          0.0000
          0.0000
          0.0000
          0.0000
          0.0000
          0.0000
          0.0000
          0.0000
          0.0000
          0.0000
          0.0000
          0.0000
          0.0000
          0.0000
          0.0000
        -11.8321
          0.0000
          0.0000
          0.0000
          0.0000
          0.0000
          0.0000
          0.0000
          0.0000
          0.0000
          0.0000
          0.0000
          0.0000
          0.0000
          0.0000
          0.0000
          0.0000
          0.0000
          0.0000
          0.0000
          0.0000
          0.0000
          0.0000
          0.0000
          0.0000
          0.0000
          0.0000
          0.0000
          0.0000
          0.0000
          0.0000
          0.0000
          0.0000
          8.8863
         20.1031
         18.0987
          2.2983
          0.0000
          0.0000
          0.0000
          0.0000
          0.0000
          0.0000
          0.0000
          0.0000
          0.0000
          0.0000
          0.0000
          0.0000
          0.0000
          0.0000
          0.0000
          0.0000
          0.0000
          0.0000
          0.0000
          0.0000
          0.0000
          0.0000
          0.0000
          0.0000
          0.0000
          4.9012
          0.0000
          0.0000
          0.0000
          0.0000
          0.0000
          0.0000
          0.0000
          0.0000
          0.0000
          0.0000
         37.2896
          9.7893
         23.2700
         11.3707
         11.0179
          9.4870
         -0.6167
          0.0000
          0.0000
          0.0000
          3.1948
          0.8603
          0.5197
          0.9387
          2.7611
          0.0000
          0.0000
          0.0000
          0.0000
          0.0000
          7.8872
          7.3026
          0.0000
          0.0000
          0.0000
          0.0000
          0.0000
          0.0000
         11.3198
         83.5318
          0.0000
          0.0000
          0.0000
          0.0000
          0.0000
          0.0000
          0.0000
          0.0000
          0.0000
          0.0000
         27.7414
          0.0000
          0.0000
          0.0000
          0.0000
          0.0000
          0.0000
          0.0000
          0.0000
          0.0000
          0.0000
          0.0000
          0.0000
          0.0000
          0.0000
          0.0000
          0.0000
          0.0000
          0.0000
          0.0000
          0.0000
          0.0000
          0.0000
          0.0000
          0.0000
          0.0000
          0.0000
          0.0000
          0.0000
          0.0000
          0.0000
          0.0000
          0.0000
          0.0000
          0.0000
          0.0000
          0.0000
          0.0000
          0.0000
         10.4790
          0.0000
         27.1326
         39.8527
          0.5194
         -0.2034
         15.0566
          0.0000
         85.9093
         25.8476
          0.0000
          0.0000
          0.0000
          9.4773
          5.6722
          0.0000
        174.9851
        102.0699
          0.0000
          0.0000
          2.4808
          2.3010
          6.0084
          0.0000
          0.0000
          0.0000
          0.0000
         10.8400
          9.8553
          0.0000
          0.0000
          0.0000
          0.0000
          0.0000
          0.0000
          0.0000
          0.0000
          0.0000
          0.0000
          0.0000
          0.0000
          0.0000
          0.0000
          0.0000
          5.2061
          4.7827
          0.0000
         32.3640
         17.4824
          0.0000
          0.0000
          0.0000
          1.8302
          1.8003
          7.2087
          0.0000
          0.0000
          0.0000
          0.0000
          0.0000
          1.5892
          0.4861
          0.0000
          0.0000
          0.0000
          0.0000
          0.0000
          0.0000
          0.0000
          0.0000
          0.0000
          0.0000
          0.0000
          0.0000
          0.0000
          0.0000
          0.0000
          0.0000
          0.0000
          0.0000
          0.0000
          0.0000
          0.0000
          0.0000
          4.8736
          2.1730
          0.3530
         19.0846
         53.4476
          0.0000
          0.0000
          0.0000
         18.6357
         58.5150
          2.9174
          0.0000
          0.0000
          0.0000
          0.0000
          0.0000
          0.0000
          0.0000
         11.5645
          5.6372
          0.0000
          0.0000
          0.0000
          0.0000
          0.0000
          0.0000
          0.6135
          0.0000
          0.0000
          0.0000
          0.0000
          0.0000
          0.0000
          0.0000
          0.0000
          0.0000
          0.0000
          0.0000
          0.0000
          0.0000
          1.3833
          0.3947
          0.0000
          0.0000
          0.0000
          0.0000
          0.0000
          1.5114
          4.1983
          6.5224
          4.6375
          0.0000
          0.0000
          0.0000
          0.0000
          0.0000
          0.3514
         13.4281
         19.4217
          0.0000
          0.0000
          0.0000
          0.0000
          0.0000
          0.0000
          0.0000
          2.1786
          0.0000
          3.7114
          8.9681
          8.8918
          0.0000
          0.0000
          0.0000
          0.0000
          0.0000
          0.0000
          0.0000
          0.0000
          0.0000
          1.2757
          0.0000
          0.0000
          0.0000
          0.0000
          0.0000
          0.0000
          0.0000
          1.9011
          0.0000
          0.0000
          0.0000
          0.0000
          0.0000
          0.0000
          0.0000
          0.0000
          0.0000
          0.0000
          0.0000
          0.0000
          0.0000
          0.0000
          0.0000
          0.0000
          0.0000
          0.0000
          0.0000
          0.0000
          0.0000
          0.0000
         18.0260
          2.7990
          0.0000
          0.0000
          0.0000
          0.0000
          0.0000
          9.7426
         31.1094
         14.0587
         44.6348
         41.3859
          0.0000
          0.0000
          0.0000
          0.0000
          0.0000
          0.0000
          0.0000
          5.2180
          0.0000
          0.0000
         21.9292
          0.0000
         20.4012
         73.6678
         39.4074
         57.6742
         65.1261
          0.0000
          0.0000
          0.0000
          0.0000
          0.0000
          0.0000
          0.0000
          0.0000
          0.0000
          0.0000
          0.0000
          0.0000
          0.0000
          0.0000
          9.7159
          7.0850
         83.9191
          0.0000
          0.0000
          0.8316
         22.6752
          8.8998
          1.8903
          0.0000
         -5.9780
         -2.1171
          0.0000
          0.0000
          0.0000
          0.0000
          0.0000
          0.0000
          0.0000
          0.0000
          0.0000
          7.9889
          3.5512
          0.0000
          1.7498
          0.0000
          0.0000
          0.0000
          0.0000
          0.0000
          0.0000
          0.0000
        171.6738
          0.0000
          0.0000
          0.0000
          0.0000
          2.5797
          6.7185
          0.0000
          0.0000
          0.0000
          0.0000
          0.0000
          0.0000
         73.5607
        147.9033
         80.4878
         13.7621
          0.0000
          0.0000
          0.0000
          0.0000
          0.0000
          0.3943
        165.0397
        157.0082
        176.7695
          0.0000
          0.0000
          0.0000
          0.0000
          0.0000
          0.0000
          0.0000
          0.0000
         38.5723
          0.0000
          0.0000
          6.8353
          0.0000
        150.3146
          0.0000
          0.0000
          0.0000
          0.0000
          0.0000
          0.0000
          7.8155
          0.6330
          0.0000
         33.1508
          0.0000
          0.0000
          0.0000
          0.0000
          0.0000
          0.0000
          0.0000
          0.0000
          0.0000
          0.0000
          0.0000
         21.2582
         21.0146
          7.5528
         29.1838
         58.9349
          0.0000
          0.0000
          0.0000
          2.8543
          0.0000
          0.0000
          0.0000
          0.0000
          0.0000
          0.0000
          0.0000
          0.0000
          0.0000
          5.7225
         18.5143
          0.0000
          0.0000
          0.0000
          0.0000
         23.5043
         23.6323
          9.8985
         21.8464
         27.3971
        196.6127
         35.2922
          0.0000
          0.0000
          0.0000
          2.5113
         12.9530
          0.0000
         24.3401
          0.0000
          0.0000
          1.8415
          7.5952
          3.9983
          8.0458
         24.1469
          7.0877
          0.0000
          0.0000
          0.0000
          0.0000
          0.0000
          0.0000
          0.0000
         61.5003
         29.7054
          0.0000
          0.0000
          0.0000
          0.0000
         18.0709
         11.9677
        105.5784
         32.7768
          0.0000
          0.0000
          0.0000
          0.0000
          0.0000
          0.0000
         -1.2185
          0.0000
          0.0000
          0.0000
          0.0000
          0.0000
          0.0000
          0.0000
          0.0000
          0.0000
          0.0000
          0.0000
          0.0000
          0.0000
          0.6311
          8.9630
          3.0780
         -4.3620
          0.0000
          0.0000
          0.0000
          0.0000
          0.0000
          2.4823
         -0.5687
         -0.6321
          7.6232
          7.6939
         11.0009
          5.8999
         10.7445
          0.0000
          0.0000
          0.0000
          0.0000
          0.0000
          0.0000
          0.0000
          0.0000
          0.0000
          0.0000
          0.0000
          0.0000
          0.0000
          0.0000
          0.0000
          0.0000
          0.0000
          0.0000
          0.0000
          3.2784
          0.0000
          0.0000
          0.0000
          0.0000
          0.0000
          0.0000
          0.0000
          0.0000
          0.0000
          0.0000
          0.0000
          0.0000
          0.0000
          0.0000
          0.0000
          0.0000
          7.2022
         18.1437
         18.0692
         11.6660
         41.6755
        165.9432
         59.7456
          3.1568
          0.0000
          0.0000
          2.9519
         14.2292
          7.9526
        105.8243
          0.0000
          0.0000
          1.6507
          9.7368
          6.7832
         13.8835
         -0.3463
          0.0000
          3.0570
          8.2084
          0.0000
          0.0000
          0.0000
          0.0000
          3.5041
         -1.8707
          0.0000
          0.0000
          0.0000
          0.0000
          0.0000
          0.0000
          0.0000
         -9.3716
          0.0000
          0.0000
         21.0416
          9.6975
         -7.7487
        204.4231
        226.1506
        244.7713
          0.0000
          0.0000
          0.0000
          0.0000
          0.0000
          0.0000
          8.9315
         -2.7102
         -1.6546
          0.0000
          0.0000
          0.0000
          0.0000
          0.0000
          0.0000
          0.0000
          0.0000
          0.0000
          0.0000
          0.0000
          0.0000
         13.1759
         54.6976
        146.8990
          8.0352
        -17.7454
         44.8299
         71.2292
         28.2146
        122.9774
        192.1212
        147.7203
          0.0000
          0.0000
          0.0000
          0.0000
          0.0000
          0.0000
          0.0000
        -12.6219
          0.0000
          0.0000
         14.9821
          4.2222
         25.6603
         89.3080
        153.3102
        114.5092
          0.0000
          0.0000
          0.0000
          0.0000
          0.0000
          0.0000
          0.0000
          0.0000
          0.0000
          0.0000
          0.0000
          0.0000
          0.0000
          0.7499
          0.0000
          0.0000
         93.5631
         48.1613
          0.0000
          0.0000
          0.0000
          0.0000
          0.0000
          0.0000
          0.0000
          0.0000
          0.0000
          0.0000
          0.0000
          6.4070
         46.3879
        139.5141
        153.7880
         45.3567
         12.9439
         12.2351
        108.6673
        133.5518
        115.6662
         59.6266
          0.0000
          0.0000
          0.0000
          0.0000
          0.0000
          0.0000
          5.8301
         21.1851
          8.0694
         21.9169
        111.9762
        146.3145
         70.5191
         13.7646
         25.1461
          0.0000
          0.0000
          0.0000
          0.0000
          0.0000
          0.0000
          0.0000
          0.0000
         -0.5843
          0.0000
          0.0000
          7.0257
          6.6015
          6.3104
         13.7088
          5.5375
          0.0000
          0.0000
          0.0000
          0.0000
          0.0000
          0.0000
          0.0000
          0.0000
          0.0000
          0.0000
          0.0000
          0.0000
          0.0000
          0.0000
          0.0000
          0.0000
         -4.6177
         -0.3808
          0.0000
          0.0000
          3.8896
         31.0788
         70.4433
        135.0202
        105.3933
         26.3950
          0.0000
          0.0000
          0.0000
          0.0000
          0.0000
          0.0000
          0.0000
          0.0000
          0.0000
          0.0000
          0.0000
          0.0000
          0.0000
          0.0000
         -8.0574
         -1.6962
          0.0000
          0.0000
          0.0000
          0.0000
          0.0000
          0.0000
         -7.8762
         -0.7974
          0.0000
          1.6075
          4.3860
          2.1931
         10.5973
         14.8346
        -12.5993
          0.0000
          0.0000
         17.0178
         10.6856
          0.0000
         12.2679
         51.3846
         37.3926
          0.0000
          0.0000
          0.0000
          0.0000
          0.0000
         14.2131
         28.1220
          7.4913
          0.0000
          2.9554
          0.0000
          0.0000
          0.0000
          0.0000
         17.7677
          3.0532
         -3.2260
         15.3242
          0.0000
          1.5196
         15.7665
         23.5424
         27.3194
         91.5715
          7.1278
          9.1399
          6.7585
          0.0000
          0.0000
         29.8134
         66.0510
         33.2810
         24.1686
         10.9534
         -5.5838
          3.8276
          7.3436
          0.6209
        111.7599
        118.6278
          0.0000
          0.0000
          1.4213
          0.0000
         24.2839
          0.0000
          0.0000
          0.0000
          0.0000
          3.9341
          2.0690
          0.0000
          0.0000
          0.0000
          0.0000
         -5.6921
         -1.1457
          0.0000
         20.1788
          9.5221
         -8.1952
         51.2227
        217.9290
         20.3606
          0.0000
          0.0000
         44.5389
         31.6951
         80.9561
         94.1669
        116.8934
          7.0983
          0.0000
          0.0000
          0.0000
          0.0000
          0.0000
          0.0000
          0.0000
          7.7710
         24.4188
          0.0000
          0.0000
         -5.6611
          0.0000
          1.2418
          0.0000
          0.0000
          0.0000
          0.2852
         20.6255
         15.5929
         -3.8621
          6.7519
        182.5742
        192.6743
          0.0000
          0.0000
          0.0000
          0.0000
          0.0000
          4.7588
          0.0000
          1.6982
         -0.1141
         34.4737
         81.1468
         32.6786
          0.0000
          0.0000
          0.0000
          0.0000
          0.0000
          0.0000
          0.0000
          0.0000
          0.0000
          0.0000
          0.0000
         24.7266
          0.0000
          0.0000
         23.6274
         26.3048
         28.0993
         -0.1770
        123.5946
         57.6091
          0.0000
          0.0000
          0.0000
         13.0306
         14.3580
         18.5506
          0.0000
          0.0000
         16.9664
          3.2697
         19.3209
         68.7900
          0.0000
          0.0000
          0.0000
         -0.8419
          0.0000
          0.0000
          0.0000
          0.0000
          0.0000
          4.0457
          6.9780
          0.0000
          0.0000
          0.6947
         14.4919
         14.0301
         15.1721
         -4.0073
         -5.7545
          0.0000
          0.0000
          0.0000
          4.7409
         14.6907
         22.7670
         21.3454
         24.6053
         43.6696
          0.0000
          0.8477
          2.7323
         12.4591
         18.5544
         34.8347
         82.5261
        117.5303
          0.0000
          0.0000
          0.0000
          1.0803
         28.9774
         19.1535
         84.7998
        116.2690
          0.0000
          0.0000
          8.3896
         -5.0625
          0.0000
          0.0000
          1.2977
          0.0000
          0.0000
          0.0000
          0.0000
          0.0000
          0.0000
          0.4619
          1.3260
         -0.0228
          0.0000
          0.0000
          0.0000
          0.0000
          4.4514
         19.7766
          0.0000
          0.0000
          0.0000
          0.0000
         38.3522
         13.2770
          6.5431
         50.3778
        144.9790
          0.0000
          0.0000
          6.9572
         19.3387
          7.2415
          0.0000
          6.8742
          0.0000
          0.0000
          0.0000
          0.0000
          0.0000
          5.5416
         11.7011
         17.0522
         31.0211
         27.7275
         27.7275
          0.0000
          0.0000
          5.5229
          6.2884
         18.2532
         17.6005
         15.4925
         12.2684
          0.0000
          0.0000
          0.0000
          0.0000
          7.1092
         35.8834
         52.7790
          0.0000
         18.5980
         23.6610
          9.1097
          3.6408
          2.1353
          0.0000
          0.0000
          0.0000
          0.0000
         14.2372
         15.1964
          9.5277
         26.3339
         68.0810
         30.3266
          0.0000
          0.0000
         11.3865
         16.7757
         26.6495
         54.4814
         83.7306
          0.0000
          0.0000
          0.0000
          0.0000
         16.6832
          7.7813
         14.3485
         19.1807
         40.0100
         -1.9183
          0.0000
          0.0000
          0.0000
          0.0000
          0.1782
          0.0000
         -2.1657
          0.0000
         21.1712
         21.5342
         16.5545
         19.7187
         23.2190
         12.4270
          0.0000
          0.0000
         34.2125
         76.7694
         37.7851
         88.4719
         57.1060
         55.8167
          0.0000
          0.0000
          0.0000
          0.0000
          8.0773
         13.4291
         36.9850
         53.4914
          0.0000
          0.0000
          0.0000
          0.0000
          5.1517
         11.1269
         61.7894
        116.2113
         25.9480
          0.0000
          0.0000
          0.0000
          0.0000
          0.0000
          0.0000
          0.0000
          0.0000
          0.0000
          0.0000
          0.0000
          0.0000
          0.0000
          0.0000
          2.2147
          3.4197
          0.0000
          0.0000
          0.0000
          2.6940
          2.4579
          8.3811
         11.6091
         52.9973
          0.0000
          0.0000
          0.0000
          0.0000
          0.0000
          0.0000
          0.0000
         -1.7767
          0.0000
          0.0000
         14.7308
        -10.4631
        -11.2015
         -2.8105
          0.0000
         34.0879
         32.5415
          0.0000
          0.0000
          0.0000
          0.0000
          0.0000
          0.0000
          0.0000
         36.5316
          0.0000
          0.0000
          0.0000
          0.0000
          0.0000
          0.0000
          0.0000
         35.1475
         68.6558
         37.9022
          2.3132
          0.0000
          0.0000
          0.0000
         91.4117
         83.6720
          0.0000
          0.0000
          0.0000
          0.0000
          0.0000
          0.0000
          0.0000
         41.6056
          0.0000
          0.4447
          0.0000
          0.0000
          0.0000
          0.0000
          0.0000
          2.4199
          0.0000
          0.0000
          0.0000
          0.0000
          5.8883
          0.7115
          0.4829
         91.8988
         97.5816
         66.1331
         19.2230
        -10.4916
         13.4908
        110.1047
         48.2926
          1.1000
          0.0000
          6.2349
         23.3474
          6.8725
         19.4251
         66.9456
         72.9147
          0.0000
          0.0000
          0.0000
          0.0000
          0.0000
         11.5928
          4.0867
         -2.4475
          0.0000
          0.0000
          0.0000
          0.0000
          0.3128
         17.2660
         14.4578
          4.1359
          0.0000
          0.0000
          0.0000
          0.0000
          0.0000
          0.0000
          0.0000
          0.8368
          0.0000
          0.0000
          0.0000
          0.0000
          0.6016
          7.9802
          7.6439
          3.2950
          0.0000
          0.0000
          6.9357
          0.0000
          0.0000
         12.4358
         17.1562
        112.1918
        121.2628
         30.7304
          9.5420
         13.9350
         18.3394
          8.1057
          0.0000
          0.0000
         45.8075
         12.0663
         16.8588
         36.6540
         43.5247
        -19.8470
         81.3727
         20.8004
          0.0000
          0.0000
          3.1127
          8.3160
         16.1542
         37.3029
        141.2481
         30.2327
          0.0000
          0.0000
          0.0000
          5.3626
         19.5915
          3.3137
         16.6570
         20.8471
          0.0000
          0.0000
          0.0000
          0.0000
          0.0000
          0.0000
          0.0000
          0.0000
          0.0000
          0.0000
          0.0000
          0.0000
          0.0000
         10.0717
         13.8792
          9.0745
          8.9965
          0.0000
          0.0000
          0.0000
          0.0000
          0.0000
          0.0000
         -0.5269
          0.0000
          0.0000
          0.0000
          0.0000
          0.0000
          0.0000
          0.0000
         -5.8084
         -0.5662
          0.0000
          0.0000
          0.0000
          0.0000
          0.0000
          0.0000
         -0.1013
          0.0000
          0.0000
          0.0000
          0.0000
          0.0000
          0.0000
          0.0000
         -4.7052
          0.0000
          0.0000
          0.0000
          0.0000
          0.0000
         19.2286
          0.0000
          0.0000
         45.5635
         81.6776
         64.7289
          0.0000
          0.0000
          0.0000
          0.0000
          0.0000
          0.0000
          0.0000
          0.0000
          0.0000
          0.0000
          9.3409
          5.5248
         14.8786
          0.0000
          0.0000
          0.3410
          9.5292
         10.4532
         17.0706
         19.2020
        119.9749
          0.0000
          0.0000
          0.0000
          0.0000
          0.0000
          0.0000
          2.9120
          1.5683
          0.2300
          9.7719
         15.1884
         12.8159
         18.3823
         23.0332
         22.9411
          4.7518
          0.0000
          0.0000
          0.0000
          0.0000
          7.1680
         23.6439
         38.4360
          0.6100
          0.0000
          8.3268
         27.3256
         18.9894
          4.1304
          0.3835
          0.0000
          0.0000
          0.0000
          0.0000
         16.3762
         12.0024
         -4.5523
         35.0853
        113.8652
         58.9987
          0.0000
          0.0000
          0.0000
          0.0000
          0.9041
         13.4558
        107.6455
          0.0000
          0.0000
          0.0000
          0.0000
          0.0000
          0.0000
          0.0000
          0.0000
          0.2750
         -0.4270
          0.0000
          0.0000
          0.0000
          0.0000
          0.0000
          0.0000
         -4.0263
          0.0000
          0.0000
          0.0000
          0.0000
          0.0000
          0.0000
          1.9192
         81.0780
         95.1246
         25.8493
         16.6584
          2.9756
         -7.6985
        -24.1000
         12.1656
        123.6817
        158.1773
        103.9932
          0.0000
          0.0000
          0.0000
          0.0000
          0.0000
          0.0000
          0.0000
          0.0000
          0.0000
         -1.7183
          4.3425
          9.1517
         45.8750
         96.8593
         72.1394
         -0.4164
        -17.7539
         -9.5966
        -10.3232
        -13.5212
          0.0000
          2.4588
          8.9936
         15.2054
         36.9273
         22.8227
          0.0000
          1.4304
          0.0000
         46.5931
         16.0772
          0.0000
          0.0000
          0.0000
         21.3312
         27.3425
          0.0000
          0.0000
          0.0000
          1.9899
          2.0796
          8.6040
          7.6673
          5.6237
         -8.5870
        -19.4630
         -0.8805
         51.9931
        221.1141
         86.7199
         33.0498
         51.1608
         34.3051
        264.2326
        246.8703
        109.2065
          0.0000
          0.0000
          0.0000
         18.3564
          6.2102
         89.1000
        100.8641
         12.6282
         -7.0203
          0.0000
         -2.0909
         15.2222
         13.2205
         60.7245
         54.7685
          0.0000
          0.0000
          0.0000
          0.0000
         14.0026
        117.6730
         -0.2433
          0.0000
          0.0000
         14.5650
         32.0571
          0.0000
          0.0000
          0.0000
          0.0000
          0.0000
          0.0000
          2.9629
         10.0273
          0.0000
          0.0000
         89.4305
         45.3078
          0.0000
          0.0000
          0.0000
          0.0000
          0.0000
          0.0000
          0.0000
         24.6235
          0.9732
         -1.8579
         -8.7080
          0.8073
          9.0198
          7.5350
        -16.6143
         26.1469
         61.3465
         26.0884
         -8.7304
         19.2126
         26.9651
         -0.3401
          0.0000
         81.1571
          0.0000
          0.0000
          0.5361
         18.7992
          7.6831
          7.7266
          6.5917
         69.0619
          0.0000
         12.6551
         21.2186
         23.4920
         43.9618
         74.2513
          0.0000
          0.0000
          0.0000
          0.0000
          0.0000
          0.0000
          0.0000
          0.0000
          0.0000
         -4.4642
          2.5954
          5.8807
          2.4383
         19.8889
         35.8291
         26.0593
         20.0995
         48.1092
         35.2138
          2.1665
         -8.9889
          8.4059
         44.8971
          5.6113
          0.0000
         11.4448
        109.3410
         21.3128
         13.3616
          8.0192
         10.5198
          7.1607
         35.3154
         70.4248
          3.6543
         17.4301
          7.2870
          0.6837
         22.9250
        -15.1483
         51.0756
         83.6923
        122.7691
          0.0000
         41.7383
          0.0000
         10.9801
         30.8938
         10.1241
        -17.6173
         22.5989
         30.7361
         23.4349
         -3.1889
          8.0440
         -0.1766
          0.0000
          0.0000
         26.7360
         11.8705
         18.4939
         17.9846
        -23.3385
        -55.7484
          3.5107
          0.0000
          0.0000
          0.0000
          0.0000
          0.0000
          6.7461
         38.4524
         79.7248
         29.1377
          0.0000
          0.0000
          0.0000
          0.0000
          0.0000
          0.0000
          0.0000
          0.0000
         10.5550
          0.0000
         32.3044
          0.0000
          0.0000
          0.0000
          0.0000
         20.6245
         55.4565
         97.6772
         84.4701
         70.7863
         25.3186
          0.0000
          0.0000
        127.6260
        186.0830
        113.6466
        174.4022
        144.1222
        106.6656
         22.4994
          0.0000
         -5.3100
          0.0000
          0.0000
          0.0000
          0.0000
          0.0000
          0.0000
          0.0000
         -4.0191
          0.0000
          0.0000
          0.0000
          0.0000
          4.9590
          3.5762
          0.0000
          0.0000
          0.0000
          0.0000
          0.0000
          0.0000
          0.0000
          0.0000
          0.0000
         11.8315
         38.2130
          5.9345
         26.0078
         41.0033
        108.3889
        139.5987
        208.8653
         99.6124
          0.0000
          0.0000
          0.0000
          0.0000
          2.5573
         12.3695
        119.1002
          0.0000
          0.0000
          0.0000
          0.0000
          0.0000
          0.0000
         11.3883
         45.4542
         45.5185
         15.7304
          5.3843
         -1.2258
          0.0000
         40.9203
         92.9324
         97.5593
         63.4908
         53.5765
          0.0000
          0.0000
          0.0000
          0.0000
          0.0000
          0.0000
          0.0000
          0.0000
          0.0000
          0.0000
          0.0000
          0.0000
          0.0000
          0.0000
         -6.0451
         -1.5627
          3.3862
         -0.4308
          4.1055
          1.3209
          4.0901
          5.2348
          0.2767
         -0.1389
          8.0127
          0.0000
          0.0000
          0.0000
          0.0000
          0.0000
          0.0000
          0.0000
          0.0000
          7.7945
          2.1176
          0.0000
          0.0000
          0.0000
          0.0000
          0.0000
          1.1254
         11.8681
         11.4494
          3.7103
         -1.6238
          0.0000
          0.0000
          0.0000
          0.0000
         22.9148
         16.6671
         -0.2995
          7.1050
          0.0000
          0.0000
          8.4619
          0.7923
          0.0000
          0.0000
          0.0000
         10.8813
          6.1522
          0.0000
         18.3844
         67.8195
         94.5119
          3.7250
         30.6061
         14.8551
         10.1495
          1.8678
          0.0000
          0.0000
          0.0000
          0.0000
          0.4753
         14.8246
         24.6483
          0.0000
          0.0000
          0.0000
          0.0000
          2.0390
          0.0000
          1.5403
          0.0000
          0.0000
         12.7961
         19.2465
         19.5621
          9.9764
        102.9215
         97.2154
          8.3781
          0.0000
          0.0000
          2.9603
          2.6970
         -7.1606
         72.6373
        122.7107
         24.8179
          0.0000
          0.0000
          0.0000
          0.0000
          0.0000
          0.0000
          0.0000
          0.0000
          0.0000
         19.3652
          0.0000
          0.0000
          0.0000
          0.0000
          0.0000
          0.0000
          0.0000
          0.0000
          0.0000
          5.8859
         26.8799
         21.9594
         29.6900
        134.2108
          0.0000
          0.0000
          0.0000
          0.0000
         23.5803
          0.0000
          0.0000
         52.8591
         46.3886
          0.0000
          0.0000
          1.7153
         10.2667
          7.4526
         27.4361
         84.2348
         67.9626
          0.0000
          0.0000
          0.0000
          0.0000
         16.5152
         19.4863
         15.6900
         13.4923
         -2.4549
          0.0000
          0.0000
          0.0000
          0.0000
          4.2994
          0.0000
         21.1793
         18.3421
          0.0000
          0.0000
          0.0000
          0.0000
          1.4171
          0.0000
         54.4938
          0.0000
          0.0000
          0.0000
          0.0000
          0.0000
          5.3609
          6.8767
          0.0000
          0.0000
          1.1682
          8.9407
         16.4882
          7.1270
         25.9284
         53.7724
         30.9044
         -1.1938
          0.0000
         42.7267
         20.6933
          5.6085
         21.7527
         36.3141
          0.0000
          0.0000
          0.0000
         12.6906
         10.3160
          0.0000
         16.0120
        134.9034
          0.0000
          0.0000
          0.0000
          0.0000
          0.0000
          0.0000
          3.0920
          0.0000
         23.8858
          0.0000
          0.0000
          3.0307
          2.7644
          8.6366
         11.7506
          0.0000
          2.1959
          1.8019
         50.4816
         84.7690
         29.1068
        -10.6398
         18.4863
         64.4592
         21.0832
         78.1111
          9.0870
          0.0000
          1.3407
         38.8532
         76.8837
         31.2522
         -0.8785
          0.0000
          0.0000
          0.0000
          0.0000
         35.2846
         17.2278
         14.7009
         15.7090
         46.7487
         50.3560
         65.3206
         41.6644
         67.6685
         85.1521
         37.5950
         -0.6905
          0.0000
          1.4749
          3.0572
          1.3750
          0.0000
          1.2291
         15.1029
         96.2578
        158.9728
        106.0346
          0.0000
          0.0000
          0.0000
          1.8646
          0.0000
          0.0000
          0.0000
          0.0000
          0.0000
          0.0000
          0.0000
          2.0589
          0.0000
          3.4548
          0.0000
          0.0000
          2.7703
          0.0000
          0.0000
         -6.5309
         30.1442
          0.0000
          0.0000
          0.0000
         29.5618
         59.3962
         86.5334
        119.7261
        197.9918
          0.0000
          0.0000
          0.0000
          0.0000
          0.0000
          0.0000
          7.7139
          6.0556
          0.0000
          0.0000
          0.0000
          0.0000
          0.0000
          0.0000
         16.9099
         41.6424
         62.6545
          0.0000
          0.0000
         24.7870
         21.5719
         32.4754
         11.0057
         -1.8983
         -2.3933
          0.0000
          0.0000
          0.0000
         11.1222
         42.0888
         47.7545
        121.6881
         23.8771
          0.0000
          0.0000
          0.0000
          0.0000
          0.0000
         10.3855
         82.7748
         58.6282
          0.0000
          0.0000
          0.0000
          0.0000
          0.0000
          0.0000
          0.0000
          0.0000
          0.0000
          0.0000
          4.2301
         13.0787
         12.0218
         12.2210
          0.8674
         -1.5657
          2.6523
         16.7909
         33.7073
         28.7382
         18.6858
         19.1843
         12.8535
          0.0000
          0.0000
          0.0000
          0.0000
          0.0000
          0.0000
          0.0000
          4.1956
         -1.7303
          0.0000
          0.0000
          0.0000
          0.0000
          2.2824
         55.6028
         24.6541
          0.0000
          5.1160
         51.1058
          2.3589
          3.0130
          0.0000
          0.0000
          0.0000
          1.4756
         32.1113
         30.9623
         16.9185
         17.3870
         22.7672
         12.1908
         -0.2233
          0.0000
          7.7090
         38.9724
        127.9016
        165.2533
        165.6332
        149.7197
        159.9338
          0.0000
          0.0000
          0.0000
          0.0000
          0.0000
          0.0000
          0.0000
          0.0000
          0.0000
          0.0000
          0.7380
          0.0000
          0.0000
          0.0000
         12.1297
         37.8311
         86.9388
         78.1070
          4.5193
          0.0000
          0.0000
          0.0000
          0.0000
         49.3793
         94.3702
          0.0000
          0.0000
          0.0000
          0.0000
          0.0000
          5.7833
          7.0931
         48.9661
          0.0000
          0.0000
          0.4326
         10.5090
          5.3809
         21.8876
         37.5575
         14.7513
          6.1597
         33.7692
         37.1391
         -0.0979
         -2.6230
          6.8312
         13.6279
         16.7927
          3.2131
         15.4786
         57.2657
        108.0223
         25.9918
         17.7339
         32.5770
         64.9063
          0.0000
          0.0000
          0.0000
          5.1252
          0.0000
         11.8263
          3.6144
          0.0000
         74.9058
         23.2297
         35.4144
         10.8936
          4.6348
          1.4093
          0.0000
          0.0000
          0.0000
          0.0000
          2.0412
         12.7832
          5.8623
          9.3508
          5.3233
         22.8667
          0.0000
          0.0000
          0.0000
          0.0000
          8.9087
          7.3276
          6.1479
         -1.1652
          0.0000
          0.0000
          0.0000
          0.0000
          0.0000
         12.3836
         20.5670
          9.1346
          0.0000
          0.0000
          5.6328
         10.3941
          0.0000
          4.0570
         18.5853
          1.9760
          8.7449
          6.5104
          5.4680
          4.0287
          0.3660
          5.8568
         15.0563
        143.2815
          0.0000
          0.0000
          3.6276
          0.0000
          0.0000
         -0.8623
          0.0000
          0.0000
          0.0000
          0.0000
          5.3297
          3.8225
          0.0000
          0.0000
          0.0000
         -0.0201
          0.0000
          0.0000
          0.0000
          0.3940
          0.0000
          0.0000
          0.0000
          0.0000
          0.0000
          5.4574
          7.7365
         15.6409
         27.6072
         28.0006
          6.3673
          0.0000
          0.0000
          0.0000
          4.9020
         18.3429
          4.3954
         -3.1868
         21.3677
         17.0356
          0.0000
          0.0000
          0.0000
          0.0000
          0.0000
          0.0000
          0.0000
          0.0000
          0.0000
          0.0000
          0.0000
          0.0000
         11.5426
         17.3434
         12.9419
          8.5093
          0.0000
          0.0000
          6.0999
         24.9595
         -2.6471
        -14.3320
          0.0000
         14.2720
          0.0000
          0.0000
         16.2025
         28.1239
         15.7598
          0.0000
          0.0000
          0.0000
          0.0000
          0.0000
          0.0000
          0.0000
          0.0000
          0.0000
          0.0000
          0.0000
          0.0000
          0.0000
         11.9896
          5.3198
         15.0699
         35.0190
          9.4804
          0.0000
          0.0000
          0.0000
          0.0000
          0.0000
          5.4879
         19.3980
         21.1773
         51.3407
          0.0000
          0.0000
          5.8593
          0.0000
          0.0000
          0.0000
          0.0000
         -0.9486
          0.0000
          0.0000
          0.0000
          0.0000
          0.0000
          0.0000
          0.0000
         -1.9409
          3.8781
          3.6881
          0.0000
          0.0000
          0.0000
          0.0000
          5.9853
          7.3075
          6.6543
         11.6338
         12.3522
         12.3976
          3.5850
         27.6336
        103.6956
        136.5836
          5.6398
          3.1890
         10.7179
          0.0000
          0.0000
          7.0987
         -1.1518
         -2.6699
          3.2739
         16.6795
         28.9555
         20.3718
         14.2246
         31.5021
         18.7353
         -3.7363
          0.0000
          0.0000
         29.5236
         38.8476
         25.2733
        106.4470
        145.9272
          0.0000
          0.0000
          0.0000
          0.0000
          0.0000
          0.0000
          5.1197
          0.0000
          0.0000
          8.1248
         10.0427
          8.0635
         15.9892
         26.5932
         66.2530
        115.1333
         57.6658
          0.0000
          0.0000
          0.0000
          0.0000
          0.0000
          0.0000
          0.0343
         -1.0966
         -2.4125
          0.0000
          5.3769
          2.6347
         -0.4511
         -0.2686
         -1.6035
          0.0000
          0.0000
          0.0000
          0.0000
          0.0000
          0.0000
          0.0000
         19.8293
         13.8958
          0.0000
          3.0503
         32.4809
         40.4595
         38.9293
         77.2351
        156.6671
         -2.7136
          0.0000
          0.0000
          0.0000
          0.0000
          0.0000
          0.0000
          4.3350
         10.3105
          0.0000
          0.0000
          0.0000
          0.0000
          0.0000
          7.4621
          8.1630
          5.5645
          1.1857
          0.5957
          2.4612
          0.0000
          0.0000
          3.2587
         -0.2382
         -2.1599
          0.0000
          0.0000
          0.0000
          0.0000
          0.0000
          0.0000
          0.0000
         -9.3841
          0.0000
          0.0000
          0.0000
          0.0000
          0.0000
          0.0000
          5.3761
          1.1844
         -1.7854
          6.2064
         17.4327
          1.1135
          0.0000
          3.5605
          9.9294
         15.3297
         18.9835
          0.0000
          8.6028
         10.2522
          0.0000
          0.0000
          0.0000
          0.0000
          5.3773
         19.2011
         32.8037
          6.2442
         -2.8973
         13.5389
         11.7931
          0.8047
          6.4899
         16.7160
         12.6648
         22.6756
          0.9472
          0.9678
          4.6902
          9.7193
         97.0513
          7.9659
          6.8825
         11.9395
         18.1430
          5.7226
         -0.4642
         -1.5911
          0.0000
          0.0000
          0.0000
          0.0000
          0.0000
          0.0000
          0.0000
          2.7960
          5.1200
         21.9632
          8.2044
          0.0000
          0.0000
          0.0000
          0.0000
          0.0000
          0.0000
          0.0000
          0.8483
          8.0072
          0.0000
          0.0000
          2.3155
          0.8281
         -4.1117
          0.0000
          1.0194
          6.1638
          0.0000
          0.0000
          0.0000
         -6.0560
         -1.0626
          0.0000
          0.0000
          0.0000
          0.0000
          0.0000
          0.0000
         -5.0770
         -0.3974
         -2.6424
          0.0000
          0.0000
          0.0000
          2.1724
          4.0051
          2.8670
          5.9912
          1.4221
         -1.7904
         -1.2647
          0.0000
          0.0000
          6.3798
          4.0483
         39.6382
          0.0000
          0.0000
          0.0000
          0.0000
          0.0000
          0.0000
         -1.8662
         -0.9805
          5.6827
          9.1038
         30.5402
         74.0481
         90.2578
         12.6840
          0.0000
          0.0000
          0.0000
          0.0000
          0.0000
          0.0000
          0.0000
          2.8154
         -0.2944
         -1.0088
          0.0000
          0.0000
          3.5592
          7.0988
          3.3323
         -4.0645
         -2.4316
          6.9682
         13.3553
          0.0000
          0.0000
          0.0000
          0.0000
          0.0000
         23.0758
         76.8796
          0.0000
          0.0000
          0.0000
          0.0000
          0.0000
         31.0957
         66.6154
         59.3267
         -2.6967
          0.0000
          0.0000
         56.3060
          9.7749
         -1.0899
         -0.9079
          0.7406
         13.6525
         17.8718
         18.7109
         91.8446
         80.2014
         77.4284
        130.8093
         35.6853
         15.2632
          0.6283
         31.6786
         55.4236
         13.1697
          0.0000
          0.3557
          0.0000
          5.1296
         39.1078
        108.5326
         64.8079
          1.3326
          8.4166
         -0.1645
          0.0000
          0.0000
          0.0000
          0.0000
          0.0000
          0.0000
        125.0284
        144.5837
          0.0000
          0.0000
          0.0000
          0.0000
          0.0000
          0.0000
          0.0000
         86.3185
        105.0381
          0.0000
          0.0000
          0.0000
          0.0000
          3.4203
          9.6716
         21.9802
         20.6556
         21.8367
         21.3344
         11.4017
         -7.0408
          0.0000
          0.0000
          0.0000
          0.0000
          0.0000
          0.0000
          0.0000
          0.0000
          0.0000
          0.0000
          0.0000
          0.0000
          0.0000
          0.0000
          0.0000
          0.0000
          0.0000
          0.0000
        115.5132
         29.3119
          0.0000
          0.0000
          0.0000
          0.0000
          0.0000
          0.0000
         13.7082
          0.0000
          0.0000
          0.0000
          0.0000
          0.0000
          0.0000
          0.0000
          0.0000
          0.0000
          0.0000
          5.3285
          0.0000
          0.0000
          0.0000
          0.0000
         16.3464
         16.9514
          0.0000
          0.0000
          0.0000
          0.0000
          0.0000
          0.0000
          0.0000
          0.0000
          0.0000
          0.0000
          0.0000
          0.0000
          0.0000
          0.0000
          0.0000
          0.0000
          0.0000
          0.0000
          0.0000
          0.0000
          0.0000
          0.0000
         25.4286
         22.4272
         18.7511
         22.7450
          1.0473
          0.0000
          0.0000
          0.0000
          0.0000
          0.0000
          0.0000
          0.0000
          0.0000
          0.0000
          0.0000
          0.0000
          0.0000
          0.0000
          0.0000
          0.0000
          0.0000
          0.0000
          0.0000
          0.0000
          0.0000
          0.0000
          0.0000
          0.0000
          0.0000
          0.0000
          0.0000
          0.0000
          0.0000
          0.0000
          0.0000
          0.0000
          0.0000
          0.0000
          0.0000
          0.0000
          0.0000
          0.0000
          0.0000
          0.0000
          0.0000
          0.0000
          0.0000
          0.0000
          0.0000
          0.0000
          0.0000
          0.0000
          0.0000
          0.0000
          0.0000
          7.5829
         53.0303
         29.3039
          0.0000
          0.0000
          4.3578
          0.0000
          2.7401
          8.6724
         49.2396
         13.9113
          2.0406
          0.0000
          0.0000
          0.0000
          0.0000
          0.0000
         -0.9751
         -4.4352
          0.0000
          0.0000
          0.0000
          0.0000
          0.0000
          0.0000
          0.0000
          0.0000
          0.0000
          1.2847
          2.9958
          0.0000
          3.3846
         -0.8972
         -5.4737
          0.0000
          0.0000
          0.0000
          0.0000
          0.0000
         20.5436
         15.6440
         15.2527
          0.0000
          0.0000
          0.0000
          0.0000
          1.8201
         27.4226
         51.3077
        140.7471
          0.0000
          0.0000
          0.0000
          0.0570
          0.0000
          0.0000
          0.0000
         -5.0551
          2.7543
          0.0000
          0.0000
          0.0000
          0.0000
          0.0000
         19.3074
         25.8076
          0.0000
          0.0000
          0.0000
          0.0000
          0.0000
          0.0000
          0.0000
         12.0488
          1.2116
          0.0000
          0.0000
          0.0000
          0.0000
          0.0000
          0.0000
          0.0000
          0.0000
          0.0000
          0.0000
          0.0000
          0.0000
          0.0000
          0.0000
          0.0000
          0.0000
          0.0000
          0.0000
          0.0000
          0.0000
          0.0000
          0.0000
          0.0000
          0.0000
          0.0000
          0.0000
         60.1233
          6.5271
          9.0704
          1.7900
         80.7119
          3.2964
         67.2878
         61.7791
         16.7765
          0.0000
          3.3634
         25.1785
          1.1492
         17.2535
          0.0000
          0.0000
          0.0000
          0.0000
          0.0000
          0.0000
         -4.4905
          0.0000
          0.0000
          0.0000
          0.0000
          0.0000
          0.0000
          0.0000
          0.0000
          0.0000
          0.0000
          0.0000
         18.3682
         79.0935
         73.5519
         12.6618
         -7.2858
          0.0000
          0.0000
          1.6429
         11.4284
         31.5411
         35.0663
        153.1818
         33.7711
          0.0000
          0.0000
          0.0000
          2.7964
          0.0000
          5.7736
          6.3628
          0.0000
          0.0000
          3.0513
          0.0000
          0.0000
          0.0000
          0.0000
          0.0000
          0.0000
          0.0000
          0.0000
          0.0000
          0.0000
          0.0000
          0.0000
          0.0000
         20.5295
          0.0000
          0.0000
          0.0000
          0.0000
          0.0000
         17.7026
         27.7072
         58.9491
          0.0000
          0.0000
         20.7446
         17.8804
         -1.0913
          0.0000
          0.0000
         12.0499
          0.0000
          0.0000
          0.0000
          0.0000
          0.0000
          0.0000
          0.0000
          0.0000
          0.0000
          0.0000
          0.0000
          0.0000
          3.8313
          9.6465
          0.0000
          0.0000
          0.0000
          1.5382
          0.0000
          0.0000
          0.0000
          0.0000
          0.0000
         -0.9995
         -0.5946
          0.2163
          0.0000
          0.0000
          0.0000
          0.0000
          2.2982
         -1.3571
          0.0000
          0.0000
          0.0000
          0.0000
          0.0000
          0.0000
          0.0000
          0.0000
          0.0000
          0.0000
          0.0000
          0.0000
          0.0000
          0.0000
          0.0000
          0.0000
          0.0000
          0.0000
          0.0000
          0.0000
          0.0000
          0.0000
          0.0000
          0.0000
          0.0000
          0.0000
          0.0000
          0.0000
          0.0000
          0.0000
          0.0000
          0.0000
          0.0000
          0.0000
          0.0000
          0.0000
          0.0000
          0.0000
          0.0000
          0.0000
          0.0000
          0.0000
         11.6965
         21.0776
          5.6781
          0.0000
          0.0000
         -0.6011
          0.0000
          0.0000
          0.0000
          0.0000
          0.0000
          9.3332
         52.7720
          3.6494
          0.0000
          0.0000
          0.0000
          0.0000
          0.0000
          0.0000
          0.0000
          0.0000
          0.0000
         19.0418
          0.0000
          0.0000
          0.0000
          0.0000
          0.0000
          0.0000
          0.0000
          0.0000
          0.0000
          0.0000
          0.0000
          0.0000
          0.0000
          0.0000
          0.0000
          0.0000
          0.0000
          0.0000
          0.0000
          0.0000
          0.0000
          0.0000
          0.0000
          0.0000
          0.0000
          0.0000
          0.0000
          0.0000
         21.9484
          5.1995
          0.0000
          0.0000
          0.0000
          0.0000
          0.0000
          0.0000
          0.0000
          0.0000
          0.0000
          0.0000
          0.0000
          0.0000
          0.0000
          0.0000
          0.0000
          0.0000
          0.0000
         -0.8174
          0.0000
          0.0000
          0.0000
          0.0000
          0.0000
          0.0000
          0.0000
          4.4906
          0.0000
          0.0000
          0.0000
          0.0000
          2.7736
         12.3995
          0.0000
          0.0000
          0.0000
          0.0000
          0.0000
          0.0000
          0.0000
          0.0000
          0.0000
          0.0000
          0.0000
          0.0000
          0.0000
          0.0000
          0.0000
          0.0000
          0.0000
          0.0000
          0.0000
          0.0000
          0.0000
          0.0000
          0.0000
          0.0000
          0.0000
          0.0000
          1.4026
          5.0436
          0.0000
          0.0000
          0.0000
          0.0000
          0.0000
          7.6890
          8.4993
          0.0000
          0.0000
          0.0000
          0.0000
          0.0000
          0.0000
          0.0000
          0.0000
          0.0000
          0.0000
          0.0000
          0.0000
         -3.7326
          0.0000
          0.0000
          0.0000
          0.0000
          0.0000
          3.4247
          0.0000
          8.1520
          0.0000
          0.0000
          0.0000
          0.0000
          0.0000
          0.0000
          0.0000
          0.0000
          0.0000
          0.0000
          0.0000
          0.0000
          0.0000
          0.0000
          0.0000
          0.0000
          0.0000
          0.0000
          0.0000
          0.0000
          0.0000
          0.0000
          0.0000
          0.0000
          0.0000
          0.0000
          0.0000
          0.0000
          0.0000
          0.0000
          0.0000
         -0.1606
          0.0000
          0.0000
          5.9841
          8.7376
         12.1101
        127.2160
         38.7360
          0.0000
          0.0000
          0.0000
         25.8874
         22.4689
         28.0947
         17.7592
          0.0000
          0.0000
          0.0000
          0.0000
          0.0000
          0.0000
          0.0000
          0.0000
          0.0000
          0.0000
          0.0000
          0.0000
          0.0000
          0.0000
          0.0000
          0.0000
          5.9541
         -9.2205
          0.0000
          0.0000
          0.0000
          2.6935
          0.8308
         -9.8663
          0.0000
          0.0000
          0.0000
          0.0000
         14.6879
         14.2866
          4.2929
          7.9113
          0.0000
          0.0000
          0.0000
          0.0000
          0.0000
          0.0000
          0.0000
         18.7337
        140.3089
        100.9874
          0.0000
          0.0000
          0.0000
         21.9205
         26.9519
         10.4945
          0.0000
         49.8840
          0.0000
          0.0000
          0.0000
          0.0000
          0.0000
          0.0000
          0.0000
         -6.3154
          0.0000
          0.0000
          0.0000
          0.0000
          0.0000
          0.0000
          0.8132
         11.7307
         13.6860
          8.0213
          0.0000
          0.0000
          0.0000
          0.0000
          2.5686
          8.7856
          8.7143
         12.6397
         10.1359
          1.1644
          0.0000
          0.0000
          0.0000
          6.7484
          2.4665
          9.9941
         23.2021
          0.0000
          0.0000
          0.0000
          0.0000
          3.7391
         -0.0376
          1.5656
          1.0316
          0.0000
        110.8630
         98.9365
         61.4663
          0.0000
          0.0000
          0.0000
          0.0000
          0.0000
          0.0000
          0.0000
         13.8229
          0.0000
          0.0000
          0.0000
          0.0000
          0.0000
          0.0000
          0.0000
         20.1450
         79.5640
          0.0000
          0.0000
          0.0000
          0.0000
          0.0000
          0.0000
          1.2398
          0.0000
          0.0000
          0.0000
          0.0000
          0.0000
          0.0000
          0.0000
          1.2757
         21.7477
          0.0000
          0.0000
          1.2514
         11.8977
        137.5556
          0.0000
         20.0180
          4.1418
        -12.1278
          9.7333
         23.7476
         10.4367
         78.6555
        209.9286
         -5.8183
          0.0000
          0.0000
          0.0000
          0.0000
          0.0000
          0.0000
          0.0000
          0.0000
          0.0000
          0.0000
          0.0000
          0.0000
          0.0000
          0.0000
          0.0000
          0.0000
          0.0000
          0.0000
          0.0000
         10.0648
         17.4440
          5.7502
         18.7016
        138.4020
        205.9039
        114.6102
          0.0000
          0.0000
         12.3807
         67.0533
        146.9260
        102.5303
          0.0000
          0.0000
          0.0000
          0.0000
          0.0000
          0.0000
          0.0000
          0.0000
          0.0000
          0.0000
          0.0000
          0.0000
          0.0000
          0.0000
          0.0000
          9.1028
         49.0484
        143.9005
         17.0965
          0.0000
          0.0000
          0.0000
          0.0000
          0.0000
         12.4465
          0.0000
          0.0000
          0.0000
         13.1980
          3.0809
         16.7098
         86.7202
        160.9027
         36.2379
         61.8041
        103.3839
         18.1822
          8.1223
         22.2287
         99.0800
        263.6556
         16.0215
          0.0000
          0.0000
          0.0000
          8.4102
         -7.8244
         58.8424
        385.4489
        298.4638
          0.0000
          0.0000
          0.0000
          0.0000
          8.1580
          0.0000
        100.8254
        208.4214
         71.1571
         39.6751
         51.0977
        186.1784
        301.0312
        341.0221
          0.0000
          0.0000
          0.0000
          0.0000
          0.0000
          0.0000
          0.0000
          0.0000
          0.0000
          0.0000
          0.0000
          0.0000
          0.0000
          0.0000
          0.0000
         16.6552
          5.0678
          1.5085
         54.7552
         22.3518
          3.7732
          8.0596
          4.5671
          0.0000
          0.0000
          0.0000
          0.0000
          6.7159
         12.2112
          0.0000
          9.1665
          1.8679
          0.0000
         13.0988
         23.2342
         10.8816
          7.9371
         17.5493
         27.4279
        122.9924
        231.5867
          5.4838
          0.0000
          0.0000
          0.0000
          0.0000
          0.0000
          0.0000
          0.0000
          0.0000
          0.0000
          0.0000
          0.0000
          0.0000
          0.0000
          1.4340
         72.8602
         95.5945
          0.0000
          0.0000
          0.0000
          0.0000
         22.9068
         39.0101
          0.0000
          0.0000
          0.0000
          0.0000
          0.0000
          0.0000
          0.0000
          0.0000
          0.0000
          0.0000
          0.0000
          0.0000
          0.0000
          0.0000
          0.0000
          0.0000
          0.0000
          0.0000
          0.0000
          0.0000
          0.0000
          0.0000
          0.0000
          1.3439
          0.0000
          0.0000
          0.0000
          0.0000
          0.0000
          0.0000
          2.0484
         10.9547
          7.2463
          3.4887
         18.2312
         39.0902
         33.2143
         -3.3646
          7.9736
          9.9908
         40.8559
        307.7389
        330.3542
        341.9675
        231.4884
         59.7585
          0.0000
          0.0000
         16.6572
         39.8640
          0.0000
         25.1961
         40.5578
          2.9651
         10.3417
         -0.3090
         52.1903
         11.1586
         30.0163
          0.0000
          0.0000
          0.0000
          1.4485
          0.0000
          0.0000
          0.0000
          0.0000
          0.0000
          0.0000
          0.0000
          0.0000
          0.0000
          0.0000
          0.0000
          0.0000
         46.3352
         56.1052
          0.0000
          0.0000
          0.0000
          0.0000
          0.0000
          0.0000
          0.0000
          0.0000
          0.7825
         12.4142
         57.4739
        151.9559
          0.0000
          0.0000
         39.8115
        197.5613
        285.3690
        325.9502
        103.4520
          0.0000
          0.0000
         74.8349
        185.0160
          0.0000
          0.0000
         35.0373
         16.9569
          0.0000
          1.2559
          3.2022
         14.4505
          6.7728
         10.5818
         22.2898
         16.4680
          0.0000
          0.0000
          0.0000
          0.0000
          0.0000
          0.0000
          0.0000
          0.0000
          0.4201
          0.0000
          0.0000
          0.0000
          0.0000
          0.0000
          0.0000
          0.0000
        -13.1816
         -3.5086
          6.9350
          0.0000
          0.0000
          0.0000
          0.0000
          0.0000
          0.0000
          0.0000
          0.0000
          0.0000
          0.0000
          1.0050
          7.5704
          0.0000
          0.0000
          0.0000
          0.0000
          0.0000
          0.0000
          5.5057
         24.6307
        189.4474
          0.0000
          0.0000
          0.0000
          0.0000
          0.0000
         19.2206
         83.4484
          0.0000
          0.0000
          0.0000
          0.0000
         86.9054
        110.5990
          0.0000
          0.0000
          0.0000
          0.0000
          0.0000
          0.0000
         27.3083
         15.3635
          8.8892
         26.2560
        171.0285
          0.0000
          0.0000
          0.0000
          0.0000
          0.0000
          0.0000
          0.0000
          0.0000
          0.0000
          0.0000
          0.0000
          0.0000
          7.8382
          0.0000
          0.0000
          0.0000
          0.0000
          2.5372
         13.7568
         13.6654
          0.0000
          0.0000
          0.0000
          0.0000
        -15.0988
         -4.2619
          0.0000
          0.0000
          0.0000
          0.0000
          6.6938
          3.5483
          0.0000
          0.0000
          0.0000
          0.0000
          3.3864
         16.2763
         83.5736
        150.1626
          0.0000
          0.0000
          0.0000
          0.0000
         16.2169
         31.2827
         10.4137
          0.0000
          0.0000
          0.0000
         13.9772
         37.5374
         17.4868
         54.5364
         27.5863
          0.0000
          0.0000
          0.0000
          0.0000
          9.1357
          0.0000
          0.0000
          0.0000
          0.0000
          0.0000
          0.0000
         17.0025
         15.5041
          7.6835
         21.8985
         33.0409
         24.4791
        183.5252
          1.1857
         59.2575
          0.0000
          0.0000
          2.7420
         11.6800
         10.7070
         34.1118
          0.0000
          0.0000
         11.3652
         19.0356
         14.5873
          2.7669
          0.0000
          0.0000
          0.0000
          0.0000
          8.4895
          2.8035
          9.5351
          0.0000
          0.0000
          0.0000
          0.0000
          0.0000
          0.0000
          0.0000
          5.5178
          4.0010
          0.0000
          0.0000
          0.0000
          0.0000
         22.0058
         22.1141
         19.7822
         16.7594
          0.0000
          0.0000
          0.0000
          2.3906
         10.8623
         70.9244
         73.5954
         48.6319
         47.6103
         38.2250
          0.0000
          0.0000
         14.2594
          0.0000
         74.5462
         69.9498
          2.8993
          0.0000
          0.0000
          0.0000
          0.0000
          0.0000
          0.0000
          1.1837
         11.3922
         79.6111
         10.9409
          0.0000
          0.0000
          0.0000
          0.0000
          7.5682
          0.0000
          0.0000
          0.0000
          1.0049
         23.4430
         17.7750
         70.0589
        106.5347
        169.5477
        106.7265
         18.2077
          0.0000
          0.0000
          0.0000
          0.0000
          0.0000
          0.0000
         -1.2673
          0.0000
          2.0641
         21.8356
         13.1909
          2.1072
         12.7811
          0.0000
          0.0000
          0.0000
          0.0000
         28.9337
          9.3504
          0.3022
          7.1901
          0.0000
          0.0000
          0.0000
          0.0000
         22.5112
          7.9945
        171.6216
        154.0885
         20.0228
          0.0000
          0.0000
          0.0000
          8.8574
          9.1545
        112.1392
         80.6354
          0.0000
          0.0000
          0.0000
          0.0000
         14.2017
         10.7757
         13.0365
         20.8327
         29.8363
          6.4279
          6.4279
