          0.0000
          0.0000
          0.0000
          0.0000
          0.0000
          0.0000
         -7.8537
          0.0000
          0.0000
          0.0000
          0.0000
          0.0000
          0.0000
          0.0000
         -4.9191
          0.0000
          0.0000
          0.0000
          2.1435
         11.7479
         11.5642
          0.0000
          0.0000
          0.0000
          0.0000
          0.0000
          0.0000
          0.0000
         12.8422
          1.7486
         -1.5614
          0.0000
          0.0000
          0.8777
          1.2740
         20.1368
         22.4655
         21.4001
         63.7302
          0.0000
          0.0000
          0.0000
          0.0000
         22.5689
          5.4372
         -1.6837
         -1.0823
          0.0000
          0.0000
          0.0000
          0.6615
         18.9881
         39.2513
         93.6762
        134.8737
         21.1458
          0.0000
          0.0000
          0.0000
          0.0000
          7.3666
          5.4039
         66.8141
         74.8637
         26.7425
          4.7813
          6.0722
          0.0000
          0.0000
          0.0000
          0.0000
         16.3524
          7.5221
         -2.5050
         10.4880
         62.7469
         36.3490
          2.3694
         35.6295
        105.1911
        107.8157
        117.4918
         80.8480
         23.2981
          0.0000
          0.0000
          0.0000
          0.0000
          0.0000
          0.0000
          0.0000
          0.0000
          0.0000
          0.0000
         51.9268
         82.6919
         36.8690
         71.1499
        119.7268
         98.4788
         52.0580
         -0.2095
         -1.7160
          0.0000
          0.0000
          0.0000
          0.0000
          0.0000
          0.0000
          0.0000
         19.2300
         22.7786
         47.0741
          0.5441
         -0.6757
          0.0000
          3.8347
          4.3080
         14.3076
         22.2286
          0.0000
          0.0000
          0.0000
          0.0000
          5.8375
          0.0000
          0.0000
          0.0000
          0.0000
          0.0000
          5.1258
          0.0000
          6.1290
         50.7055
          8.1242
          0.0000
          0.0000
          0.0000
          2.3677
         13.6438
         16.2022
        138.0296
          0.0000
          0.0000
          0.0000
         24.9204
         23.8704
         24.9233
         34.4484
         93.4599
          1.6068
         -0.0900
         10.3130
         44.9349
         42.7927
          0.0000
          0.0000
          0.0000
          0.0000
          0.0000
          4.1392
         20.7972
          0.0000
          0.0000
          0.0000
          0.0000
         -1.8228
          0.0000
          0.0000
          0.0000
          0.0000
          0.0000
          6.8957
          3.2236
          0.0000
          0.0000
          0.0000
          0.0000
          0.0000
          9.6417
         11.8146
          0.0000
          0.0000
          0.0000
          0.0000
          0.0000
          2.4797
         14.8714
          7.2299
          0.0000
          0.0000
          0.0000
         15.9813
         12.5819
         23.9375
          8.1434
          9.4496
         14.3077
         67.0437
         59.8288
         82.8465
         92.5583
         65.8583
         74.3333
         -7.3828
          0.0000
          0.0000
         64.1336
         28.4254
          8.4784
          8.5770
         -4.7434
         -2.2680
         -1.8074
        102.0837
        121.8417
         21.4465
          6.3545
         31.1008
         35.5531
         27.1432
          0.0000
         42.8213
         75.4785
          3.5714
         12.9303
          0.0651
         -0.0937
         -0.0989
          0.0000
          0.0000
          0.0000
          0.0000
          0.0000
          0.0000
          0.0000
          0.0000
          0.0000
          0.0000
          0.0000
          0.0000
          0.0000
          0.4876
          0.7967
          9.9065
         19.3738
         94.4707
         19.1779
          0.0000
          0.0000
          5.6365
          5.7653
          7.9059
          0.0000
         35.5786
          0.0000
          0.0000
          0.0000
          0.0000
          2.4746
         35.9423
         -0.3154
          0.0000
          0.0000
          0.0000
          0.0000
          0.0000
          0.3976
          7.9029
          2.4681
          0.0000
         50.1557
        121.3782
         80.4055
         32.3995
          0.0000
          0.0000
          0.0000
         -5.9986
         95.8540
         27.7395
          2.6685
         -4.4880
          0.9297
        -12.4308
          0.0000
          0.0000
        170.0266
          0.0000
         16.9903
          3.4135
          0.0000
          1.2996
          0.0000
         35.3921
         17.9504
          5.1302
         -1.9313
          7.0160
          7.4141
         -0.8338
        191.6772
        203.4504
         99.0826
          0.0000
          0.0000
          2.3369
          5.2300
          9.4341
         13.2878
          3.6338
          0.0000
          0.0000
          0.0000
          3.5827
          0.0000
          3.2681
          0.0000
         -0.7848
         -0.1031
         15.6751
         20.5784
         21.8029
         34.5500
         41.2639
         16.5372
         78.3353
         55.9795
         30.0666
          3.7657
         16.0326
        133.2941
        167.1484
         32.5737
         -3.8654
          0.0000
          0.0000
          0.0000
         18.9754
         84.1860
         74.3570
          0.0000
         -2.5985
          0.0000
         17.6069
         11.2880
          1.9175
         -3.3400
        -18.2154
        -29.2089
         12.7942
         32.8688
          3.9442
         31.4052
        101.7927
         93.7956
         32.4505
         22.5870
          0.0000
         16.9518
         35.9220
         24.9189
         12.3973
         16.9145
         17.2181
         27.8889
        124.9874
         67.0243
         -2.0979
          0.0000
          0.0000
          0.0000
          4.5264
          0.0000
         51.6194
         93.8169
         43.7163
         -0.4533
         10.0231
          5.9110
         -0.5061
         -6.4993
        123.5688
        168.8980
         27.0036
          0.0000
          0.0000
          1.7792
         34.1530
          2.8370
         36.7208
         27.8382
          0.0000
          0.0000
          0.0000
          0.0000
          0.0000
          0.0000
          1.9948
          0.1716
          3.2737
          0.0000
          3.2993
         19.8425
         26.5795
          9.0356
          0.0000
          0.0000
          5.5988
         29.6496
         85.0089
        149.1761
         73.0508
          0.0000
          0.0000
          0.0000
          0.0000
          0.0000
          0.0000
         17.1468
         19.7261
         76.5607
         25.6589
          0.0000
          0.0000
          0.0000
         11.0582
         20.2478
         23.5054
         96.0213
          0.0000
          0.0000
          0.0000
          2.1012
         14.0510
         11.8024
         16.4040
         72.0735
          0.0000
          0.0000
          0.0000
          0.9016
         10.8256
         11.7414
         12.2530
          4.8910
        125.0776
          0.0000
          0.0000
          0.0000
         46.2883
         43.4327
         80.0607
        179.0939
         87.8208
          8.0533
          0.0000
          0.0000
          0.0000
          0.0000
          0.0000
          0.0000
          0.8779
          0.0000
          0.0000
          0.0000
          0.0000
          0.0000
          7.8296
          0.0000
         19.9769
         27.2819
          0.0000
          0.0000
         16.9696
         39.8504
         28.4542
         20.2119
         40.1905
         55.9471
        198.6296
        203.7926
        160.4939
         97.3280
         49.1646
          0.0000
          0.0000
          0.0000
          0.0000
          0.0000
          0.0000
          0.0000
          0.0000
          0.0000
          8.9896
          4.9496
         11.2177
         19.2457
         15.1978
         11.6113
         49.8504
         58.1524
          9.2473
         33.8193
          0.0000
          5.1971
         35.0144
         67.5855
          0.0000
          0.0000
         63.4757
         30.7380
          0.0000
          0.0000
          0.0000
          0.0000
          6.9678
          1.2263
         -1.6313
          0.0000
          0.0000
          0.0000
          0.0000
          0.0000
          3.6313
          9.1189
         78.9145
        155.8582
        168.0887
        162.1861
        133.1651
        158.8019
        176.1395
          4.2013
          0.0000
          0.0000
          0.0000
          0.0000
          0.0000
          0.0000
          0.0000
          0.0000
          0.0000
         -3.6460
         -0.6578
          0.0000
          0.0000
          0.0000
          0.0000
          0.0000
          0.0000
         59.1087
          7.8721
        -19.1900
          7.4142
         17.7580
          7.2201
        105.5695
        195.7742
        132.6733
        143.7613
        141.0512
        158.3922
        137.0759
         94.1547
         25.8481
          0.0000
          0.0000
          0.0000
          0.0000
          0.0000
          0.0000
          0.0000
          2.2017
         50.5028
         25.0478
        -16.6301
          0.0000
          0.0000
          0.0000
         19.4456
         87.0341
         41.6110
          1.3979
          2.1971
          0.0000
          0.0000
          0.0000
          0.0000
          0.0000
          0.0000
          0.0000
          0.0000
          0.0000
          0.0000
          0.0000
          0.0000
          0.0000
         -0.3102
          0.0000
          0.0000
          0.0000
          0.0000
          0.0000
          2.2971
          0.0000
          0.0000
          0.0000
          0.0000
         23.6456
         12.5035
         20.1070
          0.0000
          0.0000
          0.0000
          0.0000
          0.0000
         18.4898
         51.6541
        118.3699
        121.3895
        115.2811
          0.0000
          0.0000
          3.6599
          5.0678
         12.2051
        118.6123
        113.8925
          1.1437
          0.0000
          0.0000
          0.0000
         12.4019
         19.3639
        119.0106
        112.0884
          0.0000
          0.0000
          0.0000
          8.5879
         33.8398
         23.0042
         29.9506
         -9.9673
         52.5310
         15.1738
         23.0714
         30.1823
         13.7732
         19.3300
         69.2707
         28.9879
          0.0000
          2.1835
         80.0734
         37.5721
         10.2631
          8.3962
         38.2651
         94.4718
         55.8935
         10.7096
          0.0000
          0.0000
          0.0000
          0.0000
          0.0000
          0.0000
          0.0000
          0.0000
          0.0000
          0.0000
          0.0000
          0.0000
          0.0000
          7.3756
          3.8621
         19.1860
         32.6134
         22.4772
         38.1665
         30.5083
         39.8864
        104.4702
         97.2029
          0.0000
         83.5988
        100.1661
        145.5711
         39.1024
          0.0000
          0.0000
          0.0000
          0.0000
          0.0000
          0.0000
          0.0000
          0.0000
          0.0000
          0.0000
          0.0000
         16.1974
         15.1693
        -15.1372
          0.0000
          0.0000
          0.0000
          5.2024
          0.0000
         -3.1790
         -1.3007
          3.7794
         34.8406
         76.0553
          0.0000
          0.0000
          0.0000
         11.2969
         -1.5864
         15.2953
         15.2883
         27.0469
         63.7625
        114.6864
        223.5695
         54.3485
          0.0000
          0.0000
          0.0000
          0.0000
          0.0000
          0.0000
          0.0000
         87.7217
         72.4965
          0.0000
          0.0000
          0.0000
          0.0000
          0.0000
          0.0000
         -0.7228
          0.0000
          0.0000
          0.0000
          0.0000
          0.0000
          9.4340
         -3.6991
         32.2467
          6.0405
         -1.3457
          0.0000
          0.0000
          0.0000
          6.4037
          4.8865
         35.5076
         81.2873
         55.9900
        -20.8223
         -3.7496
          0.0000
          1.6962
          0.0000
          0.0000
          0.0000
          3.6031
          0.0000
          0.1294
         10.2833
          4.4568
          0.0000
          0.0000
          0.0000
          2.1363
         54.4257
          4.9126
         -2.9487
         16.1476
          2.1828
          1.1266
          2.7652
          8.4107
          0.6522
         -0.4211
         27.6925
         28.1960
         63.7089
         10.6052
          5.1024
         24.1445
         68.6531
         20.6593
          0.0000
          0.0000
          3.7077
         20.0437
          0.3917
          1.4692
          0.0000
          0.0000
          0.0000
          0.0000
          0.0000
         -1.6806
         -0.2933
          6.1671
          7.5974
          4.5732
          0.0000
          0.0000
          0.0000
          0.0000
          1.6407
         15.7227
        109.7199
        144.4660
         42.9055
          0.0000
          0.0000
          0.0000
          0.0000
          8.1055
         -6.1370
        131.7064
        112.3148
         36.4937
         93.0173
        195.4871
        121.3493
          0.0000
          0.0000
          0.0000
          0.0000
          0.0000
          0.0000
         -3.6743
         -1.7762
          5.1855
         12.6483
          5.3531
          3.0659
          0.0000
          0.0000
          0.0000
          0.0000
          0.0000
         10.2128
         19.2695
          6.7298
         45.1951
        150.9558
        111.1973
          0.0000
          0.0000
          0.0000
          0.0000
          0.0000
          0.0000
          0.0000
          0.0000
          0.0000
          0.0000
          0.0000
          6.8666
          7.9985
         33.9721
          0.0000
         12.6241
         18.6336
         -0.8089
         -6.1613
          5.3389
          1.5943
          5.0230
         36.1141
          0.0000
          0.0000
          0.0000
         65.7216
         86.3255
         74.1574
         10.4950
          0.0000
         31.4929
          0.0000
          0.0000
          0.0000
          0.0000
          0.0000
          4.2974
         16.2808
         57.0892
         10.0692
         26.9175
         59.2198
         15.8628
          0.0000
         14.7855
         54.5141
        143.8483
         31.7515
          0.0000
          0.0000
          0.0000
          0.0000
         11.4338
          0.0000
         17.7724
          0.0000
          1.0984
         25.3237
         51.1305
         16.1239
         15.0556
         21.3093
        141.3177
        138.2219
          2.5547
         19.4757
          8.0609
          5.5181
          1.0311
          0.0000
         27.7571
         20.7287
          0.0000
          0.0000
         11.2234
         10.6182
         -6.4062
         51.1265
        101.5910
          0.0000
          0.0000
          0.0000
          0.0000
          0.0000
          2.4335
          0.0000
          0.0000
          0.0000
          0.0000
          0.0000
          0.0000
          0.0000
          1.3523
          0.0000
          0.0000
          0.0000
          0.0000
          0.0000
          8.6601
         33.8453
         26.5948
          5.1672
         12.4454
         68.9961
         73.2849
         42.2015
         45.1395
         69.6199
         62.5072
         25.5277
         -4.1744
          0.0000
          0.8401
          3.2617
          5.2402
          0.0000
          0.0000
          0.0000
          0.0000
          0.0000
          1.6166
          9.3198
         12.5708
          8.3782
          1.1182
          0.0000
          0.0000
         20.2647
          8.3826
         29.1050
        141.0582
        149.3691
        124.7122
        140.2190
         63.6147
          3.7096
         -3.3624
          0.0000
          0.0000
          0.0000
          0.0000
          0.0000
         -3.5927
         14.7718
         67.6579
         38.7256
          0.0000
          0.0000
          0.0000
          0.0000
          0.0000
          0.0000
          0.0000
          0.0000
          0.0000
          0.0000
          0.0000
          0.0000
         -2.2490
         -0.3385
          3.9048
          0.0000
          0.0000
          0.0000
          0.0000
          0.0000
          0.0000
          0.0000
          7.0072
         25.3044
         49.5032
         84.0724
        140.0712
        199.3321
        137.8979
         69.0698
          0.0000
          0.0000
          0.0000
          0.0000
          2.1190
          0.3014
         -3.1315
         27.0766
         26.4376
         26.9829
         41.6757
         62.7449
         59.9579
         58.0612
        117.8133
         68.8709
          0.0000
          0.0000
          0.0000
          0.0000
          0.0000
          0.0000
          0.0000
          0.0000
          3.1286
          0.0000
          0.0000
          8.3160
         16.4694
         15.1890
         35.0747
         57.7050
         32.2244
         -8.3725
          0.0000
          0.0000
          0.7749
          0.0000
          0.0000
          0.0000
          0.0000
          0.0000
          0.0000
          2.9203
          9.1634
          0.0000
          0.0000
          0.0000
          3.0542
         15.5534
         18.7912
         17.4191
         -2.2972
        129.2117
         89.5749
          0.0000
          0.0000
          0.0000
          0.0870
          0.0000
          0.0000
          0.0000
          5.6460
          1.1989
          0.0000
          0.0000
          0.0000
          0.0000
          0.0000
          0.0000
         -0.5471
          0.0000
          0.0000
          0.0000
          5.3832
          8.4089
         30.8950
         45.7024
          9.3119
         -1.3185
          0.0000
          0.0000
          0.0000
          0.0000
          0.0000
          0.0000
          0.0000
          0.0000
          0.0000
          0.0000
         10.3608
          3.9549
          6.7132
          1.1474
         87.0744
         80.9442
          0.3858
         -9.3374
          0.0000
          0.0000
          8.2897
          1.6275
         34.0927
          9.4357
          9.9909
         -2.2775
         -0.6989
          0.0000
          0.0000
          0.0000
          0.0000
          0.0000
          0.0000
          0.0000
          0.0000
         75.5659
         62.3764
         53.4216
         96.5561
         10.7428
         -3.2198
          0.0000
          1.1958
          0.0000
          2.4174
          0.0000
          0.0000
          0.0584
          5.5680
          3.3970
         20.9479
         28.1474
         16.2458
         21.5534
         17.3379
         90.6518
         20.9230
         15.3181
         22.6017
         13.0198
          0.2747
          0.0000
          0.0000
          0.0000
          0.0000
          0.0000
          0.0000
          0.0000
          0.4608
          0.0000
          0.0000
          0.0000
          4.7861
         14.8830
         20.0249
         15.5820
         28.2445
         30.3181
         76.3932
         18.1045
         17.1954
         13.1532
          0.0000
          0.7660
         53.0789
         97.0537
          0.0000
          0.0000
          0.0000
          0.0000
          0.0000
          0.0000
          3.1864
          0.0000
         -3.2646
         13.1663
          0.0000
          0.0000
          0.0000
          0.0000
          0.0000
          0.0000
          0.0000
          0.0000
          0.0000
          3.0533
          8.1911
          0.0000
          0.0000
          0.0000
          0.0000
          0.0000
          0.3262
          0.9059
          0.1251
          0.0000
          0.0000
          0.0000
          0.0000
          0.0000
         10.2987
         40.0148
         38.1091
         14.1345
         10.4019
          0.0000
          0.0000
          0.0000
          0.0000
          2.0097
          7.7598
         16.5534
          4.4534
          0.0000
          0.0000
          0.0000
          0.0000
          0.0000
          0.0000
         10.7317
          7.0268
         25.4956
         70.1878
         31.4481
          0.0000
          0.0000
          0.0000
          0.0000
          4.1191
          0.0000
          0.0000
          0.0000
          0.0000
          0.0000
          0.0000
          0.0000
          0.0000
          0.0000
          0.0000
          0.0000
          0.0000
          0.0000
          0.0000
          0.0000
          0.0000
          0.0000
          0.0000
          0.0000
          5.3423
          2.0109
          0.0000
          0.0000
          0.0000
          0.0000
          0.0000
          0.0000
          0.0000
         27.7441
         24.6772
          8.2934
         61.8971
         64.8489
        134.6201
        160.3780
          0.0000
          0.0000
          0.0000
          0.0000
          0.0000
          0.0000
          0.0000
          0.0000
          0.0000
          0.0000
          0.0000
          0.0000
          0.0000
          0.0000
          0.0000
          0.0000
          0.0000
          0.0000
          0.0000
          0.0000
          0.0000
          0.0000
          0.0000
          0.0000
          0.0000
          0.0000
          1.4180
          0.0000
          0.0000
          0.2312
        -10.3230
         -6.5681
          0.0668
         13.6568
         10.0851
         -1.8564
          0.0000
         22.0073
         10.8234
          0.0000
          0.0000
          0.0000
          0.0000
          2.6107
          8.1313
          3.9273
          0.0000
         20.9787
         17.0532
          5.2498
         24.3580
          0.5619
          0.0000
          0.0000
        126.5415
         33.3906
          0.0000
          0.0000
          0.0000
          7.3560
         99.9917
        153.0065
         25.3685
          0.0000
          0.0000
          0.0000
          2.2690
          5.7591
          8.7224
          7.9508
          8.0101
         44.6081
        131.7484
         64.3149
          5.4170
          0.0000
          0.0000
          0.0000
          0.0000
         15.8258
         16.5636
          2.5473
          4.1265
          0.0000
          0.0000
          0.0000
          0.0000
          0.0000
          0.0000
          0.0000
         16.5902
          0.0000
          0.0000
          0.0000
          0.0000
          0.0000
          0.0000
          0.0000
          0.0000
          0.0000
          0.0000
          5.8422
         12.0953
          0.2030
          0.0000
         19.3053
          6.2075
          5.8734
         13.1994
          7.7196
          0.0000
          0.0000
          3.4734
          5.9980
          4.9431
         10.2845
         63.4483
         53.5282
         43.8980
          0.0000
          0.0000
          0.4349
          0.0000
          0.0000
          3.0473
          0.0000
          0.8000
          7.7390
         22.5186
         36.0949
         15.0235
         13.0641
          5.6607
        -17.5941
          4.2227
         92.1908
          5.1497
         45.0907
         21.5856
         55.9674
         69.1740
         40.0662
         -4.6803
         -0.6718
          2.8102
          0.0000
         19.5141
         61.5812
          9.9207
          1.8953
          5.7062
         -0.0366
          2.2929
          0.4747
          0.8566
          0.6309
          6.3316
          7.6657
         -1.4349
          0.0000
          0.0000
          0.0000
          0.0000
          0.0000
          2.7181
          0.0000
          0.0000
          0.0000
          5.5492
         14.2743
         43.1947
        121.8920
         83.9288
          0.0000
          0.0000
          0.0000
          0.0000
         15.4729
         18.7426
          8.2564
          4.4394
          0.0000
          0.1494
          0.0000
          0.0000
          0.0000
          0.0000
          0.0000
          0.0000
          0.0000
          0.0000
          0.0000
          0.0000
          0.0000
          0.0000
          0.0000
          2.3257
          0.0000
          0.0000
          0.0000
          0.0000
          0.4670
          0.8571
          0.0000
          0.0000
          0.0000
          0.0000
          0.0000
          2.4641
          2.1517
          1.8165
          6.1323
          5.3171
          0.0000
          0.0000
          0.0000
          0.0000
          0.0000
          0.0236
          8.2024
         30.6585
         43.8463
         35.8890
          0.0000
          0.0000
          0.0000
          7.1401
         30.3284
         42.3080
         19.4299
          0.0000
          0.0000
          0.0000
         12.6463
         18.2541
         -0.6593
          1.4445
         53.1810
         49.2824
          0.0000
         14.3530
         25.0666
         28.6271
         31.9748
         11.3104
          3.8358
         56.8585
          0.0000
          0.0000
          0.0000
          0.0000
          0.0000
          5.0875
          0.0000
          0.0000
         38.6674
          0.0000
          0.0000
          0.0000
          0.0000
          0.0000
          0.0000
          0.0000
          4.9967
         14.1518
         26.0589
         15.1844
          1.9787
         22.5519
          0.0000
          0.0000
          0.0000
          0.0000
         11.5959
         10.2753
          1.7772
          4.8704
          0.0000
          0.0000
          0.0000
          0.0000
         10.0433
          7.7796
          3.6283
          4.4820
          0.0000
          0.0000
          0.0000
          0.0000
         12.3025
          6.4171
         -3.2265
         -0.6330
          0.0000
          0.0000
          0.0000
          0.0000
          0.0000
          0.7575
          0.0000
          0.0000
          0.0000
          0.0000
          0.0000
          0.0000
          0.0000
          6.6636
          6.0340
          6.0612
          0.0000
          0.0000
          0.0000
          1.9404
         11.6476
         15.4625
         23.0158
         18.1838
          0.0000
          0.0000
          0.0000
          0.0000
         53.4315
         15.8543
          0.8077
          3.3800
          0.0000
          0.0000
          0.0000
          0.0000
          0.0000
          0.0000
          0.0000
          0.0000
          0.0000
          0.0000
          0.0000
          0.0000
          0.0000
          0.0000
          0.0000
          2.5670
          0.0000
          0.0000
          0.0000
          7.7568
         25.2241
         17.0562
         19.5655
          9.1488
          0.0000
          0.0000
          0.0000
          0.0000
          0.0000
          0.0000
          0.0000
         10.2417
          0.0000
          0.0000
          0.0000
          0.0000
          0.0000
          0.0000
          0.0000
          0.0000
         12.6200
         11.7369
          0.0000
          0.0000
          0.0000
          0.0000
          0.0000
          0.0000
         28.8755
          0.0000
          0.0000
          0.0000
          0.0000
          0.0000
          0.0000
          9.4129
          0.0000
         19.8672
          0.0000
          0.0000
          0.0000
          0.0000
          0.0000
          0.0000
          0.0000
          0.0000
          0.0000
          0.7327
          5.3803
         11.1739
          0.5341
          5.8467
         24.4790
         50.5601
          0.0000
          0.0000
          0.0000
          0.0000
          0.0000
          0.0000
          0.0000
          0.0000
          0.0000
          0.0000
          0.0000
          0.0000
          0.0000
          0.0000
          0.0000
          0.0000
          0.0000
          0.0000
          0.0000
          0.0000
          0.0000
          0.0000
          0.0000
          0.0000
          0.0000
          0.0000
          6.2863
          2.2041
          0.0000
          8.9211
          0.0000
         20.2711
         12.0823
          0.0000
          4.8310
         13.2285
         -2.2633
        -13.2331
          0.0000
          0.0000
         14.8303
         21.4657
         26.2923
         28.4436
         36.2194
         44.1418
          0.0000
          0.0000
          0.0000
          0.2377
          1.3782
          2.0165
          9.2875
          3.4074
         41.2016
         14.8477
          0.0000
          0.0000
          0.0000
          0.0000
          3.5129
         -6.1118
          0.0000
          0.0000
          0.3494
          0.0000
          0.0000
          0.0000
          0.0000
          4.4092
          4.2855
         11.0674
         12.3647
         10.0331
          4.4233
          0.2291
          0.0000
         14.5421
         46.6192
         92.9979
         12.7540
          0.0000
          0.0000
          8.0960
          1.6036
         -5.5573
          0.0000
          0.0000
          0.0000
          0.0000
          0.0000
          0.0000
          0.0000
          0.0000
          0.0000
          0.0000
          0.0000
          0.0000
          0.0000
          0.0000
          0.0000
          9.2505
          0.0000
          0.0000
          0.0000
          0.0000
         12.1807
          8.1258
          0.9829
         -9.0955
          0.0000
          0.0000
          0.0000
          0.0000
          0.0000
          0.0000
          0.0000
          7.5929
          0.4700
         24.5268
          0.0000
         12.4323
         41.8182
          0.0000
          2.4641
        149.3771
        113.5616
          0.0000
          0.0000
          0.0000
          0.0000
          0.0000
          0.0000
          0.0000
          0.0000
          0.0000
          0.0000
          0.0000
          0.0000
          0.0000
          0.0000
          0.0000
          0.0000
        -11.6925
          0.0000
          0.0000
          0.0000
          0.0000
          0.0000
          0.0000
          0.0000
          0.0000
          0.0000
          0.0000
          0.0000
          0.0000
          0.0000
          0.0000
          0.0000
          0.0000
          0.0000
          0.0000
          0.0000
          0.0000
          0.0000
          0.0000
          0.0000
          0.0000
          0.0000
          0.0000
          0.0000
          0.0000
          0.0000
          0.0000
          0.0000
          0.0000
          8.0249
         19.3891
         16.9719
          1.2564
          0.0000
          0.0000
          0.0000
          0.0000
          0.0000
          0.0000
          0.0000
          0.0000
          0.0000
          0.0000
          0.0000
          0.0000
          0.0000
          0.0000
          0.0000
          0.0000
          0.0000
          0.0000
          0.0000
          0.0000
          0.0000
          0.0000
          0.0000
          0.0000
          0.0000
          3.9847
          0.0000
          0.0000
          0.0000
          0.0000
          0.0000
          0.0000
          0.0000
          0.0000
          0.0000
          0.0000
         35.2444
          8.9116
         22.8652
         11.4626
         11.1395
          9.5376
         -0.0522
          0.0000
          0.0000
          0.0000
          2.9148
          0.9440
          0.5890
          0.8501
          2.5939
          0.0000
          0.0000
          0.0000
          0.0000
          0.0000
          7.8708
          7.2756
          0.0000
          0.0000
          0.0000
          0.0000
          0.0000
          0.0000
         10.5759
         82.1516
          0.0000
          0.0000
          0.0000
          0.0000
          0.0000
          0.0000
          0.0000
          0.0000
          0.0000
          0.0000
         25.1063
          0.0000
          0.0000
          0.0000
          0.0000
          0.0000
          0.0000
          0.0000
          0.0000
          0.0000
          0.0000
          0.0000
          0.0000
          0.0000
          0.0000
          0.0000
          0.0000
          0.0000
          0.0000
          0.0000
          0.0000
          0.0000
          0.0000
          0.0000
          0.0000
          0.0000
          0.0000
          0.0000
          0.0000
          0.0000
          0.0000
          0.0000
          0.0000
          0.0000
          0.0000
          0.0000
          0.0000
          0.0000
          0.0000
          9.7401
          0.0000
         26.6047
         39.0203
          0.6249
          0.0000
         14.7481
          0.0000
         83.4385
         24.1034
          0.0000
          0.0000
          0.0000
          9.5373
          5.9063
          0.0000
        172.6997
        100.1681
          0.0000
          0.0000
          1.6731
          1.7426
          6.1602
          0.0000
          0.0000
          0.0000
          0.0000
          9.9697
          9.1784
          0.0000
          0.0000
          0.0000
          0.0000
          0.0000
          0.0000
          0.0000
          0.0000
          0.0000
          0.0000
          0.0000
          0.0000
          0.0000
          0.0000
          0.0000
          4.1225
          3.8856
          0.0000
         31.1848
         16.1984
          0.0000
          0.0000
          0.0000
          1.8366
          1.6389
          6.6706
          0.0000
          0.0000
          0.0000
          0.0000
          0.0000
          1.5784
          0.5019
          0.0000
          0.0000
          0.0000
          0.0000
          0.0000
          0.0000
          0.0000
          0.0000
          0.0000
          0.0000
          0.0000
          0.0000
          0.0000
          0.0000
          0.0000
          0.0000
          0.0000
          0.0000
          0.0000
          0.0000
          0.0000
          0.0000
          4.8018
          2.1381
          0.2640
         18.0354
         51.2076
          0.0000
          0.0000
          0.0000
         17.9401
         57.4313
          3.1126
          0.0000
          0.0000
          0.0000
          0.0000
          0.0000
          0.0000
          0.0000
         11.2100
          5.2134
          0.0000
          0.0000
          0.0000
          0.0000
          0.0000
          0.0000
          0.6387
          0.0000
          0.0000
          0.0000
          0.0000
          0.0000
          0.0000
          0.0000
          0.0000
          0.0000
          0.0000
          0.0000
          0.0000
          0.0000
          1.3746
          0.3865
          0.0000
          0.0000
          0.0000
          0.0000
          0.0000
          1.3415
          4.0317
          6.3379
          4.6393
          0.0000
          0.0000
          0.0000
          0.0000
          0.0000
          0.0000
         13.5012
         19.4303
          0.0000
          0.0000
          0.0000
          0.0000
          0.0000
          0.0000
          0.0000
          2.0556
          0.0000
          3.1052
          8.2211
          8.8239
          0.0000
          0.0000
          0.0000
          0.0000
          0.0000
          0.0000
          0.0000
          0.0000
          0.0000
          1.3679
          0.0000
          0.0000
          0.0000
          0.0000
          0.0000
          0.0000
          0.0000
          0.0000
          0.0000
          0.0000
          0.0000
          0.0000
          0.0000
          0.0000
          0.0000
          0.0000
          0.0000
          0.0000
          0.0000
          0.0000
          0.0000
          0.0000
          0.0000
          0.0000
          0.0000
          0.0000
          0.0000
          0.0000
          0.0000
          0.0000
         17.9509
          2.9537
          0.0000
          0.0000
          0.0000
          0.0000
          0.0000
          9.2238
         29.8819
         13.7713
         44.2067
         41.2876
          0.0000
          0.0000
          0.0000
          0.0000
          0.0000
          0.0000
          0.0000
          4.3791
          0.0000
          0.0000
         20.4625
          0.0000
         19.8964
         73.3465
         39.3967
         56.5127
         64.1379
          0.0000
          0.0000
          0.0000
          0.0000
          0.0000
          0.0000
          0.0000
          0.0000
          0.0000
          0.0000
          0.0000
          0.0000
          0.0000
          0.0000
          9.1842
          6.5160
         81.3030
          0.0000
          0.0000
          0.0394
         21.3367
          8.1733
          1.8604
          0.0000
         -5.5974
         -1.9300
          0.0000
          0.0000
          0.0000
          0.0000
          0.0000
          0.0000
          0.0000
          0.0000
          0.0000
          7.6269
          3.4408
          0.0000
          0.8397
          0.0000
          0.0000
          0.0000
          0.0000
          0.0000
          0.0000
          0.0000
        169.7937
          0.0000
          0.0000
          0.0000
          0.0000
          2.3729
          6.4725
          0.0000
          0.0000
          0.0000
          0.0000
          0.0000
          0.0000
         72.0584
        144.3540
         77.6626
         13.7387
          0.0000
          0.0000
          0.0000
          0.0000
          0.0000
          0.0000
        163.1864
        154.6627
        173.9128
          0.0000
          0.0000
          0.0000
          0.0000
          0.0000
          0.0000
          0.0000
          0.0000
         35.6261
          0.0000
          0.0000
          6.1138
          0.0000
        148.8866
          0.0000
          0.0000
          0.0000
          0.0000
          0.0000
          0.0000
          7.3547
          0.5148
          0.0000
         30.8638
          0.0000
          0.0000
          0.0000
          0.0000
          0.0000
          0.0000
          0.0000
          0.0000
          0.0000
          0.0000
          0.0000
         20.5236
         20.7638
          7.5618
         28.9509
         56.5615
          0.0000
          0.0000
          0.0000
          2.3818
          0.0000
          0.0000
          0.0000
          0.0000
          0.0000
          0.0000
          0.0000
          0.0000
          0.0000
          5.5082
         17.8308
          0.0000
          0.0000
          0.0000
          0.0000
         22.3531
         21.7744
         10.2133
         22.2206
         27.5886
        194.3072
         33.1205
          0.0000
          0.0000
          0.0000
          1.5869
         13.0687
          0.0000
         21.8678
          0.0000
          0.0000
          1.4187
          7.7079
          3.8724
          7.2577
         22.2518
          4.6499
          0.0000
          0.0000
          0.0000
          0.0000
          0.0000
          0.0000
          0.0000
         59.6822
         27.8899
          0.0000
          0.0000
          0.0000
          0.0000
         18.3952
         10.9511
        103.5433
         30.6792
          0.0000
          0.0000
          0.0000
          0.0000
          0.0000
          0.0000
         -1.1723
          0.0000
          0.0000
          0.0000
          0.0000
          0.0000
          0.0000
          0.0000
          0.0000
          0.0000
          0.0000
          0.0000
          0.0000
          0.0000
          0.3055
          7.1575
          3.0477
         -2.4351
          0.0000
          0.0000
          0.0000
          0.0000
          0.0000
          2.1804
         -0.5352
         -0.6157
          7.5618
          7.6024
         10.3414
          5.9122
         10.5160
          0.0000
          0.0000
          0.0000
          0.0000
          0.0000
          0.0000
          0.0000
          0.0000
          0.0000
          0.0000
          0.0000
          0.0000
          0.0000
          0.0000
          0.0000
          0.0000
          0.0000
          0.0000
          0.0000
          3.5012
          0.0000
          0.0000
          0.0000
          0.0000
          0.0000
          0.0000
          0.0000
          0.0000
          0.0000
          0.0000
          0.0000
          0.0000
          0.0000
          0.0000
          0.0000
          0.0000
          6.6213
         16.7494
         17.6949
         11.9319
         40.9490
        163.0846
         57.1531
          1.1613
          0.0000
          0.0000
          1.9479
         14.6292
          6.8969
        103.6124
          0.0000
          0.0000
          0.7024
          9.3304
          6.2282
         14.0004
          0.3936
          0.0000
          1.5967
          7.0154
          0.0000
          0.0000
          0.0000
          0.0000
          3.0821
         -1.8428
          0.0000
          0.0000
          0.0000
          0.0000
          0.0000
          0.0000
          0.0000
         -9.1936
          0.0000
          0.0000
         21.7091
          9.7379
         -7.6097
        201.5736
        222.4939
        240.8803
          0.0000
          0.0000
          0.0000
          0.0000
          0.0000
          0.0000
          7.7083
         -3.3055
         -1.4276
          0.0000
          0.0000
          0.0000
          0.0000
          0.0000
          0.0000
          0.0000
          0.0000
          0.0000
          0.0000
          0.0000
          0.0000
         11.8164
         54.9292
        146.3793
          7.1774
        -17.4023
         43.4531
         69.2629
         28.2727
        120.7796
        190.2624
        146.4819
          0.0000
          0.0000
          0.0000
          0.0000
          0.0000
          0.0000
          0.0000
        -10.4628
          0.0000
          0.0000
         13.0570
          4.6553
         25.5512
         88.3320
        150.0683
        111.4346
          0.0000
          0.0000
          0.0000
          0.0000
          0.0000
          0.0000
          0.0000
          0.0000
          0.0000
          0.0000
          0.0000
          0.0000
          0.0000
          1.2581
          0.0000
          0.0000
         91.2716
         45.8695
          0.0000
          0.0000
          0.0000
          0.0000
          0.0000
          0.0000
          0.0000
          0.0000
          0.0000
          0.0000
          0.0000
          5.5903
         44.4756
        137.8348
        152.3418
         45.4305
         13.2134
         12.4143
        108.6034
        133.1712
        113.1837
         57.0456
          0.0000
          0.0000
          0.0000
          0.0000
          0.0000
          0.0000
          3.8094
         20.4838
          7.7486
         20.0213
        111.0717
        144.9730
         69.8426
         13.5891
         23.3183
          0.0000
          0.0000
          0.0000
          0.0000
          0.0000
          0.0000
          0.0000
          0.0000
         -0.4379
          0.0000
          0.0000
          6.3953
          6.1300
          5.8462
         13.7793
          5.0924
          0.0000
          0.0000
          0.0000
          0.0000
          0.0000
          0.0000
          0.0000
          0.0000
          0.0000
          0.0000
          0.0000
          0.0000
          0.0000
          0.0000
          0.0000
          0.0000
         -4.5484
         -0.2933
          0.0000
          0.0000
          3.4640
         29.6552
         69.3987
        133.0232
        103.5289
         25.1232
          0.0000
          0.0000
          0.0000
          0.0000
          0.0000
          0.0000
          0.0000
          0.0000
          0.0000
          0.0000
          0.0000
          0.0000
          0.0000
          0.0000
         -7.9018
         -1.8099
          0.0000
          0.0000
          0.0000
          0.0000
          0.0000
          0.0000
         -7.7057
         -0.8989
          0.0000
          1.7660
          4.6928
          2.0978
         10.2395
         14.7029
        -11.5885
          0.0000
          0.0000
         16.4922
         10.6927
          0.0000
         11.3782
         50.3667
         35.3371
          0.0000
          0.0000
          0.0000
          0.0000
          0.0000
         13.5617
         27.4458
          7.4332
          0.0000
          2.0276
          0.0000
          0.0000
          0.0000
          0.0000
         17.0052
          3.0770
         -2.9806
         15.2595
          0.0000
          1.6150
         15.5117
         23.4302
         27.2025
         89.0370
          6.6255
          7.9084
          5.7429
          0.0000
          0.0000
         28.4065
         65.8498
         30.6895
         22.2315
         10.9741
         -5.6345
          4.0031
          8.5471
          2.0012
        110.7920
        115.3957
          0.0000
          0.0000
          0.7530
          0.0000
         23.3365
          0.0000
          0.0000
          0.0000
          0.0000
          4.0975
          2.2467
          0.0000
          0.0000
          0.0000
          0.0000
         -5.5109
         -1.1230
          0.0000
         18.8519
         10.0262
         -6.5342
         50.2395
        214.6289
         18.2321
          0.0000
          0.0000
         43.8772
         31.7337
         79.6913
         92.1315
        115.3157
          5.2430
          0.0000
          0.0000
          0.0000
          0.0000
          0.0000
          0.0000
          0.0000
          5.5793
         24.3993
          0.0000
          0.0000
         -3.5181
          0.0000
          0.7444
          0.0000
          0.0000
          0.0000
          0.0000
         20.1435
         15.9038
         -3.3370
          7.1750
        181.3775
        191.4392
          0.0000
          0.0000
          0.0000
          0.0000
          0.0000
          4.3839
          0.0000
          1.5291
         -3.8698
         34.4956
         79.8391
         31.7980
          0.0000
          0.0000
          0.0000
          0.0000
          0.0000
          0.0000
          0.0000
          0.0000
          0.0000
          0.0000
          0.0000
         21.8071
          0.0000
          0.0000
         24.0867
         26.9349
         28.7710
         -0.1617
        122.4114
         55.6266
          0.0000
          0.0000
          0.0000
         11.9354
         13.6550
         17.7594
          0.0000
          0.0000
         14.7785
          2.4326
         18.5576
         67.4321
          0.0000
          0.0000
          0.0000
         -0.8159
          0.0000
          0.0000
          0.0000
          0.0000
          0.0000
          3.8591
          6.7536
          0.0000
          0.0000
          0.5996
         13.7018
         14.3453
         15.4937
         -3.6665
         -4.1351
          0.0000
          0.0000
          0.0000
          4.2557
         14.6556
         22.5675
         21.5266
         24.5088
         40.6107
          0.0000
          0.5399
          2.6875
         12.4914
         18.4648
         34.6779
         81.6044
        114.5147
          0.0000
          0.0000
          0.0000
          0.9663
         29.1185
         19.3141
         83.3544
        113.7932
          0.0000
          0.0000
          8.0086
         -4.9423
          0.0000
          0.0000
          0.7187
          0.0000
          0.0000
          0.0000
          0.0000
          0.0000
          0.0000
          0.0000
          1.0345
          0.0000
          0.0000
          0.0000
          0.0000
          0.0000
          4.2305
         19.2022
          0.0000
          0.0000
          0.0000
          0.0000
         37.8996
         13.3816
          6.6944
         49.6093
        143.9033
          0.0000
          0.0000
          6.1239
         18.6894
          7.0260
          0.0000
          6.2803
          0.0000
          0.0000
          0.0000
          0.0000
          0.0000
          5.4119
         11.3535
         16.8266
         29.7512
         26.0737
         26.0737
          0.0000
          0.0000
          5.2424
          5.7650
         17.3911
         17.4652
         14.2725
         10.6267
          0.0000
          0.0000
          0.0000
          0.0000
          6.9182
         35.3095
         50.7823
          0.0000
         17.5514
         23.1148
          9.1391
          3.2735
          2.0207
          0.0000
          0.0000
          0.0000
          0.0000
         13.5524
         14.6252
          9.9170
         26.1328
         67.2279
         28.1972
          0.0000
          0.0000
         10.6605
         16.8972
         26.6827
         54.0401
         82.5683
          0.0000
          0.0000
          0.0000
          0.0000
         16.4333
          7.8319
         14.3646
         19.1358
         39.1006
         -0.8612
          0.0000
          0.0000
          0.0000
          0.0000
          0.0000
          0.0000
         -2.0644
          0.0000
         20.2988
         21.4493
         16.5740
         19.5589
         23.0066
         11.6173
          0.0000
          0.0000
         33.0769
         76.7004
         37.8761
         87.8529
         57.0458
         54.2013
          0.0000
          0.0000
          0.0000
          0.0000
          7.8719
         13.1324
         36.7970
         51.5693
          0.0000
          0.0000
          0.0000
          0.0000
          4.8723
         10.6494
         60.5225
        114.3189
         25.1695
          0.0000
          0.0000
          0.0000
          0.0000
          0.0000
          0.0000
          0.0000
          0.0000
          0.0000
          0.0000
          0.0000
          0.0000
          0.0000
          0.0000
          1.5855
          2.3032
          0.0000
          0.0000
          0.0000
          2.7665
          2.3854
          8.1391
         10.2983
         50.4397
          0.0000
          0.0000
          0.0000
          0.0000
          0.0000
          0.0000
          0.0000
         -1.7214
          0.0000
          0.0000
         14.8794
         -9.9468
         -9.7650
         -1.5947
          0.0000
         31.9234
         30.4197
          0.0000
          0.0000
          0.0000
          0.0000
          0.0000
          0.0000
          0.0000
         35.1738
          0.0000
          0.0000
          0.0000
          0.0000
          0.0000
          0.0000
          0.0000
         33.1343
         66.7970
         36.8425
          1.6408
          0.0000
          0.0000
          0.0000
         88.9825
         81.4383
          0.0000
          0.0000
          0.0000
          0.0000
          0.0000
          0.0000
          0.0000
         39.3788
          0.0000
          0.0000
          0.0000
          0.0000
          0.0000
          0.0000
          0.0000
          0.2250
          0.0000
          0.0000
          0.0000
          0.0000
          5.5033
          0.4682
         -0.4195
         91.3618
         97.4033
         65.6595
         19.3046
        -10.2760
         13.5936
        107.7431
         55.8762
          0.4647
          0.0000
          6.1080
         23.4211
          6.8514
         18.9849
         65.8865
         71.3991
          0.0000
          0.0000
          0.0000
          0.0000
          0.0000
         11.1420
          3.8988
         -2.0064
          0.0000
          0.0000
          0.0000
          0.0000
          0.1464
         17.0020
         13.9960
          3.9915
          0.0000
          0.0000
          0.0000
          0.0000
          0.0000
          0.0000
          0.0000
         -2.7586
          0.0000
          0.0000
          0.0000
          0.0000
          0.3842
          7.7417
          7.1778
          3.1806
          0.0000
          0.0000
          6.1224
          0.0000
          0.0000
         11.9045
         16.5400
        108.8661
        118.1699
         30.7349
          8.9963
         13.9003
         18.4585
          7.9263
          0.0000
          0.0000
         42.6839
         11.6417
         16.2206
         36.6352
         43.5833
        -19.4178
         80.3081
         19.5550
          0.0000
          0.0000
          2.5872
          8.6552
         16.3587
         36.1620
        139.3324
         29.1035
          0.0000
          0.0000
          0.0000
          5.3093
         19.4294
          3.3431
         16.3131
         20.8076
          0.0000
          0.0000
          0.0000
          0.0000
          0.0000
          0.0000
          0.0000
          0.0000
          0.0000
          0.0000
          0.0000
          0.0000
          0.0000
          9.9913
         13.3626
          8.5158
          7.5528
          0.0000
          0.0000
          0.0000
          0.0000
          0.0000
          0.0000
         -0.4774
          0.0000
          0.0000
          0.0000
          0.0000
          0.0000
          0.0000
          0.0000
         -5.7085
         -0.5804
          0.0000
          0.0000
          0.0000
          0.0000
          0.0000
          0.0000
         -0.0210
          0.0000
          0.0000
          0.0000
          0.0000
          0.0000
          0.0000
          0.0000
         -4.5471
          0.0000
          0.0000
          0.0000
          0.0000
          0.0000
         18.4131
          0.0000
          0.0000
         43.5978
         81.1356
         63.3078
          0.0000
          0.0000
          0.0000
          0.0000
          0.0000
          0.0000
          0.0000
          0.0000
          0.0000
          0.0000
          8.9989
          2.7233
         12.2275
          0.0000
          0.0000
          0.0000
          8.9549
          9.9112
         17.1674
         20.7493
        119.5470
          0.0000
          0.0000
          0.0000
          0.0000
          0.0000
          0.0000
          2.8818
          1.5823
          0.1267
          9.7155
         14.9140
         12.7538
         18.2205
         23.0028
         22.7246
          3.3304
          0.0000
          0.0000
          0.0000
          0.0000
          6.8834
         23.6817
         37.6323
          0.2219
          0.0000
          7.3866
         25.6601
         18.9434
          4.4268
          0.7699
          0.0000
          0.0000
          0.0000
          0.0000
         15.5083
         11.3938
         -4.2997
         35.0361
        111.7705
         58.0431
          0.0000
          0.0000
          0.0000
          0.0000
          0.8495
         12.7686
        106.4332
          0.0000
          0.0000
          0.0000
          0.0000
          0.0000
          0.0000
          0.0000
          0.0000
          0.2693
         -0.4108
          0.0000
          0.0000
          0.0000
          0.0000
          0.0000
          0.0000
         -3.7492
          0.0000
          0.0000
          0.0000
          0.0000
          0.0000
          0.0000
          0.7138
         81.0213
         94.7467
         26.4632
         17.0978
          3.1208
         -7.3771
        -22.4223
          9.9628
        127.7594
        156.2909
        102.4300
          0.0000
          0.0000
          0.0000
          0.0000
          0.0000
          0.0000
          0.0000
          0.0000
          0.0000
         -1.4538
          3.3375
         10.7482
         44.0971
         94.2121
         71.8613
         -0.1571
        -17.4272
         -7.9836
         -9.1447
        -12.3671
          0.0000
          0.0000
          6.1358
         16.0674
         37.2850
         22.7350
          0.0000
          1.4240
          0.0000
         43.2421
         13.3376
          0.0000
          0.0000
          0.0000
         20.1876
         26.1528
          0.0000
          0.0000
          0.0000
          2.0605
          2.1021
          8.2903
          7.3550
          5.7948
         -7.4194
        -16.2936
          0.0000
         49.0699
        218.1655
         86.4208
         33.3285
         51.2557
         33.0722
        261.5155
        243.5172
        106.4780
          0.0000
          0.0000
          0.0000
         18.2993
          6.1215
         87.0573
        100.5592
         12.8358
         -5.2054
          0.0000
         -0.5540
         16.4057
         13.4342
         57.8181
         52.1763
          0.0000
          0.0000
          0.0000
          0.0000
         13.5799
        115.4955
         -0.2657
          0.0000
          0.0000
         13.8692
         31.6368
          0.0000
          0.0000
          0.0000
          0.0000
          0.0000
          0.0000
          2.7268
          9.6774
          0.0000
          0.0000
         88.0885
         44.3903
          0.0000
          0.0000
          0.0000
          0.0000
          0.0000
          0.0000
          0.0000
         20.8680
          0.0000
         -0.5210
         -7.6076
          2.5223
          8.2287
          8.8003
        -14.6982
         23.2690
         60.4630
         25.8904
         -8.7190
         19.1376
         27.0727
          0.2108
          0.0000
         78.0433
          0.0000
          0.0000
          0.0000
         18.8952
          7.2139
          7.9203
          5.3160
         65.6188
          0.0000
         11.4701
         21.3171
         23.4285
         43.4832
         73.1383
          0.0000
          0.0000
          0.0000
          0.0000
          0.0000
          0.0000
          0.0000
          0.0000
          0.0000
         -4.7046
          2.4274
          5.8754
          2.4992
         19.3689
         35.4865
         26.2398
         20.1077
         46.5869
         34.7209
          2.4100
         -8.2735
          8.2961
         44.6226
          5.9153
          0.0000
          9.6039
        108.0620
         21.5022
         13.4890
          7.7031
         10.6010
          7.3540
         35.3112
         69.2343
          3.6491
         16.7762
          6.5599
          0.0000
         23.0252
        -14.7853
         50.5299
         82.3322
        121.0861
          0.0000
         40.5513
          0.0000
         11.3028
         31.3342
         10.4020
        -18.1831
         22.0568
         30.3073
         23.3229
         -3.1217
          8.0219
         -0.0068
          0.0000
          0.0000
         25.4544
         12.1573
         18.8253
         18.2303
        -23.1661
        -55.0961
          3.7066
          0.0000
          0.0000
          0.0000
          0.0000
          0.0000
          6.4635
         38.3326
         78.6047
         28.3865
          0.0000
          0.0000
          0.0000
          0.0000
          0.0000
          0.0000
          0.0000
          0.0000
          8.7286
          0.0000
         30.5459
          0.0000
          0.0000
          0.0000
          0.0000
         17.0280
         52.1411
         95.0576
         82.6692
         70.7716
         25.3816
          0.0000
          0.0000
        125.3155
        185.6431
        112.0222
        172.4052
        142.1113
        105.2495
         21.6055
          0.0000
         -5.0194
          0.0000
          0.0000
          0.0000
          0.0000
          0.0000
          0.0000
          0.0000
         -3.9347
          0.0000
          0.0000
          0.0000
          0.0000
          4.1532
          3.8041
          0.0000
          0.0000
          0.0000
          0.0000
          0.0000
          0.0000
          0.0000
          0.0000
          0.0000
          8.7337
         34.7625
          3.6818
         25.5950
         41.3481
        117.8581
        139.0178
        206.5831
         97.8882
          0.0000
          0.0000
          0.0000
          0.0000
          1.9610
         12.6302
        117.6197
          0.0000
          0.0000
          0.0000
          0.0000
          0.0000
          0.0000
         10.8550
         44.5581
         43.3201
         14.0852
          5.2585
         -0.3143
          0.0000
         40.1172
         92.0957
         96.2775
         61.1553
         51.0111
          0.0000
          0.0000
          0.0000
          0.0000
          0.0000
          0.0000
          0.0000
          0.0000
          0.0000
          0.0000
          0.0000
          0.0000
          0.0000
          0.0000
         -6.0736
         -1.6407
          2.7661
          0.0000
          4.0301
          0.8836
          3.4549
          5.1737
          0.3884
         -0.0797
          7.0312
          0.0000
          0.0000
          0.0000
          0.0000
          0.0000
          0.0000
          0.0000
          0.0000
          7.8753
          2.1456
          0.0000
          0.0000
          0.0000
          0.0000
          0.0000
          1.2417
         11.6965
         11.1449
          3.6079
         -1.5753
          0.0000
          0.0000
          0.0000
          0.0000
         21.9467
         16.5003
         -0.2136
          6.9408
          0.0000
          0.0000
          5.8701
          0.0000
          0.0000
          0.0000
          0.0000
         10.3158
          5.6678
          0.0000
         16.7081
         66.7958
         93.3098
          2.6699
         29.2198
         13.7270
          8.6081
          1.5437
          0.0000
          0.0000
          0.0000
          0.0000
          0.0000
         14.2161
         22.4448
          0.0000
          0.0000
          0.0000
          0.0000
          1.0513
          0.0000
          1.0531
          0.0000
          0.0000
         11.1946
         17.8467
         19.6957
          9.9659
        102.5390
         95.7692
          7.3738
          0.0000
          0.0000
          2.1595
          2.0374
         -5.8829
         70.9926
        120.3723
         22.5564
          0.0000
          0.0000
          0.0000
          0.0000
          0.0000
          0.0000
          0.0000
          0.0000
          0.0000
         16.6797
          0.0000
          0.0000
          0.0000
          0.0000
          0.0000
          0.0000
          0.0000
          0.0000
          0.0000
          5.0081
         26.0093
         22.0488
         29.8491
        133.0992
          0.0000
          0.0000
          0.0000
          0.0000
         22.9104
          0.0000
          0.0000
         51.0726
         43.9795
          0.0000
          0.0000
          1.0160
          9.6643
          6.7041
         27.5437
         82.4088
         65.7141
          0.0000
          0.0000
          0.0000
          0.0000
         15.3126
         18.4435
         15.8916
         12.9817
         -0.4981
          0.0000
          0.0000
          0.0000
          0.0000
          3.7280
          0.0000
         18.5295
         15.6612
          0.0000
          0.0000
          0.0000
          0.0000
          1.0191
          0.0000
         51.6234
          0.0000
          0.0000
          0.0000
          0.0000
          0.0000
          4.7561
          6.4387
          0.0000
          0.0000
          0.9488
          8.4505
         16.6490
          6.5956
         25.3246
         52.9857
         30.3843
         -0.7329
          0.0000
         41.3600
         21.0796
          6.1992
         20.9334
         35.4364
          0.0000
          0.0000
          0.0000
         11.7768
          9.6786
          0.0000
         15.6619
        132.5954
          0.0000
          0.0000
          0.0000
          0.0000
          0.0000
          0.0000
          2.7961
          0.0000
         20.3043
          0.0000
          0.0000
          2.4621
          3.0839
          8.5116
         11.2384
          0.0000
          1.9704
          0.5875
         50.5914
         87.5080
         29.0098
        -10.5969
         18.3930
         63.3282
         18.6112
         75.5445
          8.2277
          0.0000
          0.3607
         38.1057
         76.2907
         30.5447
          0.0000
          0.0000
          0.0000
          0.0000
          0.0000
         34.8929
         16.8661
         14.3523
         15.5536
         45.8359
         50.7535
         65.3202
         41.6587
         67.3523
         83.6788
         35.9873
         -0.6448
          0.0000
          1.3409
          2.8975
          1.2587
          0.0000
          0.4714
         14.0612
         94.7587
        157.6967
        105.4517
          0.0000
          0.0000
          0.0000
          1.8886
          0.0000
          0.0000
          0.0000
          0.0000
          0.0000
          0.0000
          0.0000
          2.0498
          0.0000
          3.4134
          0.0000
          0.0000
          2.0866
          0.0000
          0.0000
         -5.6432
         28.4079
          0.0000
          0.0000
          0.0000
         28.6926
         59.2894
         86.0263
        117.5512
        194.9835
          0.0000
          0.0000
          0.0000
          0.0000
          0.0000
          0.0000
          7.6972
          6.0270
          0.0000
          0.0000
          0.0000
          0.0000
          0.0000
          0.0000
         16.4970
         41.5295
         60.5232
          0.0000
          0.0000
         23.5834
         22.2193
         32.7496
         11.0949
         -1.8834
         -2.2252
          0.0000
          0.0000
          0.0000
         10.7493
         42.0071
         47.6565
        120.5352
         22.1665
          0.0000
          0.0000
          0.0000
          0.0000
          0.0000
          9.9026
         81.2189
         57.5347
          0.0000
          0.0000
          0.0000
          0.0000
          0.0000
          0.0000
          0.0000
          0.0000
          0.0000
          0.0000
          3.9570
         12.8830
         11.7496
         12.2190
          0.9934
         -1.5442
          2.5718
         16.5239
         33.5512
         28.3817
         18.5071
         19.0242
         12.5143
          0.0000
          0.0000
          0.0000
          0.0000
          0.0000
          0.0000
          0.0000
          3.7390
         -1.6697
          0.0000
          0.0000
          0.0000
          0.0000
          1.7896
         54.3031
         23.6178
          0.0000
          4.0577
         50.5841
          1.6964
          2.6817
          0.0000
          0.0000
          0.0000
          1.1767
         31.0652
         31.1783
         16.7518
         17.0592
         22.4606
         12.1641
          0.0000
          0.0000
          5.8703
         40.1585
        127.0867
        164.1102
        164.3694
        148.3968
        157.2822
          0.0000
          0.0000
          0.0000
          0.0000
          0.0000
          0.0000
          0.0000
          0.0000
          0.0000
          0.0000
          0.0910
          0.0000
          0.0000
          0.0000
         10.9774
         36.2931
         84.8765
         77.4125
          4.3297
          0.0000
          0.0000
          0.0000
          0.0000
         48.0775
         92.3165
          0.0000
          0.0000
          0.0000
          0.0000
          0.0000
          5.5649
          6.8352
         46.2632
          0.0000
          0.0000
          0.4788
         10.4431
          5.3580
         21.7683
         37.3221
         12.6449
          5.9641
         33.2714
         36.4272
         -0.1941
         -2.5084
          6.0492
         12.8577
         15.6159
          2.5488
         14.2696
         56.4616
        107.5108
         25.8794
         17.7678
         32.4039
         63.0899
          0.0000
          0.0000
          0.0000
          4.3658
          0.0000
         11.4951
          3.3791
          0.0000
         72.3384
         23.4038
         35.1493
         11.5634
          3.7805
          1.3974
          0.0000
          0.0000
          0.0000
          0.0000
          2.0252
         12.5827
          5.7880
          9.2074
          4.9281
         21.0450
          0.0000
          0.0000
          0.0000
          0.0000
          8.3989
          7.3833
          5.9203
         -1.0274
          0.0000
          0.0000
          0.0000
          0.0000
          0.0000
         11.5927
         20.2431
          7.8783
          0.0000
          0.0000
          5.1601
         10.0736
          0.0000
          3.7700
         17.9095
          1.4143
          7.6123
          5.8621
          5.1582
          3.8962
          0.4138
          5.4554
         14.2241
        141.5716
          0.0000
          0.0000
          3.0494
          0.0000
          0.0000
         -0.0207
          0.0000
          0.0000
          0.0000
          0.0000
          4.9871
          3.5626
          0.0000
          0.0000
          0.0000
          0.0000
          0.0000
          0.0000
          0.0000
          0.3216
          0.0000
          0.0000
          0.0000
          0.0000
          0.0000
          4.6574
          6.8161
         14.8216
         26.8341
         27.3804
          5.5417
          0.0000
          0.0000
          0.0000
          3.9787
         17.2707
          3.3079
         -2.7836
         20.3124
         15.4023
          0.0000
          0.0000
          0.0000
          0.0000
          0.0000
          0.0000
          0.0000
          0.0000
          0.0000
          0.0000
          0.0000
          0.0000
         11.2647
         17.0743
         11.0932
          5.4924
          0.0000
          0.0000
          4.8860
         23.7197
         -2.3468
        -13.8943
          0.0000
         11.4823
          0.0000
          0.0000
         15.2881
         27.1277
         14.8117
          0.0000
          0.0000
          0.0000
          0.0000
          0.0000
          0.0000
          0.0000
          0.0000
          0.0000
          0.0000
          0.0000
          0.0000
          0.0000
         11.5112
          5.3097
         14.7428
         34.4334
          8.9721
          0.0000
          0.0000
          0.0000
          0.0000
          0.0000
          4.9869
         19.3973
         20.2588
         49.0338
          0.0000
          0.0000
          4.8129
          0.0000
          0.0000
          0.0000
          0.0000
         -0.5732
          0.0000
          0.0000
          0.0000
          0.0000
          0.0000
          0.0000
          0.0000
         -1.9033
          3.8386
          3.5240
          0.0000
          0.0000
          0.0000
          0.0000
          5.7524
          7.0292
          6.4880
         11.5664
         12.3956
         12.3819
          3.4636
         27.1926
        102.8057
        134.9383
          4.4784
          1.3539
          9.3947
          0.0000
          0.0000
          6.5132
         -0.4247
         -2.0449
          3.2930
         16.4542
         28.6217
         20.0845
         14.0367
         30.8520
         18.1297
         -3.4482
          0.0000
          0.0000
         28.0776
         38.1413
         25.2194
        105.3211
        143.6943
          0.0000
          0.0000
          0.0000
          0.0000
          0.0000
          0.0000
          4.7787
          0.0000
          0.0000
          6.6589
          9.5541
          8.1577
         15.9163
         26.4138
         65.7568
        113.9353
         56.4390
          0.0000
          0.0000
          0.0000
          0.0000
          0.0000
          0.0000
          0.0000
         -0.9831
         -2.4194
          0.0000
          5.3822
          2.5490
         -0.4808
         -0.0715
         -1.6190
          0.0000
          0.0000
          0.0000
          0.0000
          0.0000
          0.0000
          0.0000
         19.7546
         13.6041
          0.0000
          2.2180
         32.2836
         40.3409
         38.9313
         75.4474
        154.4586
         -2.5527
          0.0000
          0.0000
          0.0000
          0.0000
          0.0000
          0.0000
          3.7622
          9.9869
          0.0000
          0.0000
          0.0000
          0.0000
          0.0000
          6.5106
          7.2854
          5.4883
          0.9526
          0.5075
          2.3358
          0.0000
          0.0000
          3.0621
         -0.2264
         -2.1406
          0.0000
          0.0000
          0.0000
          0.0000
          0.0000
          0.0000
          0.0000
         -9.2350
          0.0000
          0.0000
          0.0000
          0.0000
          0.0000
          0.0000
          5.0425
          1.1582
         -1.8398
          6.0703
         16.8301
          0.8685
          0.0000
          2.9253
          9.2386
         14.9038
         17.6838
          0.0000
          7.5271
          9.3694
          0.0000
          0.0000
          0.0000
          0.0000
          5.1657
         18.9322
         32.5652
          6.3252
         -2.9599
         13.3646
         11.0816
          0.2063
          6.2802
         16.4590
         12.4597
         23.7030
          0.4175
          0.3237
          4.5705
          9.4073
         94.8962
          6.2595
          5.6476
         11.2736
         18.0127
          5.8800
         -0.3866
         -1.1443
          0.0000
          0.0000
          0.0000
          0.0000
          0.0000
          0.0000
          0.0000
          1.0360
          3.6225
         20.4270
          6.9320
          0.0000
          0.0000
          0.0000
          0.0000
          0.0000
          0.0000
          0.0000
          0.2796
          7.7720
          0.0000
          0.0000
          2.3306
          0.8991
         -3.9809
          0.0000
          1.1435
          6.1023
          0.0000
          0.0000
          0.0000
         -5.7354
         -1.1010
          0.0000
          0.0000
          0.0000
          0.0000
          0.0000
          0.0000
         -4.9497
         -0.4996
         -2.4882
          0.0000
          0.0000
          0.0000
          1.9747
          3.6458
          2.8137
          5.8309
          1.3968
         -1.6299
         -0.8986
          0.0000
          0.0000
          5.7060
          3.6683
         38.1468
          0.0000
          0.0000
          0.0000
          0.0000
          0.0000
          0.0000
         -1.5090
         -0.7015
          4.9770
          8.9238
         29.6975
         73.6989
         89.7790
         11.5195
          0.0000
          0.0000
          0.0000
          0.0000
          0.0000
          0.0000
          0.0000
          2.5446
         -0.3342
         -1.6444
          0.0000
          0.0000
          3.4530
          7.0534
          3.2507
         -3.9623
         -2.1178
          6.9238
         13.2750
          0.0000
          0.0000
          0.0000
          0.0000
          0.0000
         21.1929
         75.0268
          0.0000
          0.0000
          0.0000
          0.0000
          0.0000
         29.7969
         64.8687
         57.4466
         -1.7676
          0.0000
          0.0000
         54.2891
          9.8641
         -0.5704
         -0.1832
          0.0000
         12.6136
         17.2194
         18.4913
         90.7546
         79.3592
         75.5374
        128.4017
         33.9630
         14.3949
          0.3045
         31.3343
         54.9673
         13.2616
          0.0000
          0.0000
          0.0000
          4.8954
         39.1532
        107.2641
         63.3332
          0.7345
          8.0331
          0.0443
          0.0000
          0.0000
          0.0000
          0.0000
          0.0000
          0.0000
        123.0999
        142.1813
          0.0000
          0.0000
          0.0000
          0.0000
          0.0000
          0.0000
          0.0000
         84.7882
        102.4368
          0.0000
          0.0000
          0.0000
          0.0000
          2.9917
          9.2259
         21.0394
         20.0319
         21.6799
         21.1752
         11.3776
         -5.9592
          0.0000
          0.0000
          0.0000
          0.0000
          0.0000
          0.0000
          0.0000
          0.0000
          0.0000
          0.0000
          0.0000
          0.0000
          0.0000
          0.0000
          0.0000
          0.0000
          0.0000
          0.0000
        113.4868
         27.8069
          0.0000
          0.0000
          0.0000
          0.0000
          0.0000
          0.0000
         12.1219
          0.0000
          0.0000
          0.0000
          0.0000
          0.0000
          0.0000
          0.0000
          0.0000
          0.0000
          0.0000
          4.9759
          0.0000
          0.0000
          0.0000
          0.0000
         15.2601
         15.8984
          0.0000
          0.0000
          0.0000
          0.0000
          0.0000
          0.0000
          0.0000
          0.0000
          0.0000
          0.0000
          0.0000
          0.0000
          0.0000
          0.0000
          0.0000
          0.0000
          0.0000
          0.0000
          0.0000
          0.0000
          0.0000
          0.0000
         24.0931
         21.3208
         18.0218
         22.0997
          1.2998
          0.0000
          0.0000
          0.0000
          0.0000
          0.0000
          0.0000
          0.0000
          0.0000
          0.0000
          0.0000
          0.0000
          0.0000
          0.0000
          0.0000
          0.0000
          0.0000
          0.0000
          0.0000
          0.0000
          0.0000
          0.0000
          0.0000
          0.0000
          0.0000
          0.0000
          0.0000
          0.0000
          0.0000
          0.0000
          0.0000
          0.0000
          0.0000
          0.0000
          0.0000
          0.0000
          0.0000
          0.0000
          0.0000
          0.0000
          0.0000
          0.0000
          0.0000
          0.0000
          0.0000
          0.0000
          0.0000
          0.0000
          0.0000
          0.0000
          0.0000
          7.0299
         51.5883
         28.3887
          0.0000
          0.0000
          4.3264
          0.0000
          2.1797
          8.7088
         48.8348
         13.7176
          2.0372
          0.0000
          0.0000
          0.0000
          0.0000
          0.0000
         -0.8438
         -4.3559
          0.0000
          0.0000
          0.0000
          0.0000
          0.0000
          0.0000
          0.0000
          0.0000
          0.0000
          1.3239
          2.9829
          0.0000
          3.3546
         -0.8796
         -5.2220
          0.0000
          0.0000
          0.0000
          0.0000
          0.0000
         20.6948
         15.3946
         14.9402
          0.0000
          0.0000
          0.0000
          0.0000
          1.9898
         27.1450
         50.7749
        139.1712
          0.0000
          0.0000
          0.0000
          0.0000
          0.0000
          0.0000
          0.0000
         -4.9094
          2.9192
          0.0000
          0.0000
          0.0000
          0.0000
          0.0000
         18.8011
         25.6266
          0.0000
          0.0000
          0.0000
          0.0000
          0.0000
          0.0000
          0.0000
         11.4893
          1.1371
          0.0000
          0.0000
          0.0000
          0.0000
          0.0000
          0.0000
          0.0000
          0.0000
          0.0000
          0.0000
          0.0000
          0.0000
          0.0000
          0.0000
          0.0000
          0.0000
          0.0000
          0.0000
          0.0000
          0.0000
          0.0000
          0.0000
          0.0000
          0.0000
          0.0000
          0.0000
         58.5392
          5.9712
          9.1985
          1.8370
         78.4332
          2.5497
         66.0532
         61.4906
         16.9766
          0.0000
          3.1795
         24.3449
          0.8268
         16.7319
          0.0000
          0.0000
          0.0000
          0.0000
          0.0000
          0.0000
         -4.2899
          0.0000
          0.0000
          0.0000
          0.0000
          0.0000
          0.0000
          0.0000
          0.0000
          0.0000
          0.0000
          0.0000
         17.4294
         78.3384
         72.5669
         12.6534
         -5.8492
          0.0000
          0.0000
          0.5515
         10.8409
         30.5544
         34.8964
        150.6508
         30.5292
          0.0000
          0.0000
          0.0000
          2.4384
          0.0000
          5.3783
          5.7091
          0.0000
          0.0000
          2.1526
          0.0000
          0.0000
          0.0000
          0.0000
          0.0000
          0.0000
          0.0000
          0.0000
          0.0000
          0.0000
          0.0000
          0.0000
          0.0000
         18.7404
          0.0000
          0.0000
          0.0000
          0.0000
          0.0000
         16.4802
         26.7566
         57.2882
          0.0000
          0.0000
         19.4981
         17.6947
         -0.0413
          0.0000
          0.0000
         10.4173
          0.0000
          0.0000
          0.0000
          0.0000
          0.0000
          0.0000
          0.0000
          0.0000
          0.0000
          0.0000
          0.0000
          0.0000
          3.7522
          9.6321
          0.0000
          0.0000
          0.0000
          1.1563
          0.0000
          0.0000
          0.0000
          0.0000
          0.0000
         -0.9133
         -0.6241
          0.1727
          0.0000
          0.0000
          0.0000
          0.0000
          2.2777
         -1.3258
          0.0000
          0.0000
          0.0000
          0.0000
          0.0000
          0.0000
          0.0000
          0.0000
          0.0000
          0.0000
          0.0000
          0.0000
          0.0000
          0.0000
          0.0000
          0.0000
          0.0000
          0.0000
          0.0000
          0.0000
          0.0000
          0.0000
          0.0000
          0.0000
          0.0000
          0.0000
          0.0000
          0.0000
          0.0000
          0.0000
          0.0000
          0.0000
          0.0000
          0.0000
          0.0000
          0.0000
          0.0000
          0.0000
          0.0000
          0.0000
          0.0000
          0.0000
         10.8264
         19.8665
          4.9139
          0.0000
          0.0000
          0.0000
          0.0000
          0.0000
          0.0000
          0.0000
          0.0000
          8.9815
         52.1138
          2.3757
          0.0000
          0.0000
          0.0000
          0.0000
          0.0000
          0.0000
          0.0000
          0.0000
          0.0000
         18.0413
          0.0000
          0.0000
          0.0000
          0.0000
          0.0000
          0.0000
          0.0000
          0.0000
          0.0000
          0.0000
          0.0000
          0.0000
          0.0000
          0.0000
          0.0000
          0.0000
          0.0000
          0.0000
          0.0000
          0.0000
          0.0000
          0.0000
          0.0000
          0.0000
          0.0000
          0.0000
          0.0000
          0.0000
         21.4700
          5.0999
          0.0000
          0.0000
          0.0000
          0.0000
          0.0000
          0.0000
          0.0000
          0.0000
          0.0000
          0.0000
          0.0000
          0.0000
          0.0000
          0.0000
          0.0000
          0.0000
          0.0000
         -0.8853
          0.0000
          0.0000
          0.0000
          0.0000
          0.0000
          0.0000
          0.0000
          4.5741
          0.0000
          0.0000
          0.0000
          0.0000
          2.1566
         11.7215
          0.0000
          0.0000
          0.0000
          0.0000
          0.0000
          0.0000
          0.0000
          0.0000
          0.0000
          0.0000
          0.0000
          0.0000
          0.0000
          0.0000
          0.0000
          0.0000
          0.0000
          0.0000
          0.0000
          0.0000
          0.0000
          0.0000
          0.0000
          0.0000
          0.0000
          0.0000
          0.8477
          4.4097
          0.0000
          0.0000
          0.0000
          0.0000
          0.0000
          7.4058
          8.7443
          0.0000
          0.0000
          0.0000
          0.0000
          0.0000
          0.0000
          0.0000
          0.0000
          0.0000
          0.0000
          0.0000
          0.0000
         -3.6596
          0.0000
          0.0000
          0.0000
          0.0000
          0.0000
          2.8447
          0.0000
          7.2708
          0.0000
          0.0000
          0.0000
          0.0000
          0.0000
          0.0000
          0.0000
          0.0000
          0.0000
          0.0000
          0.0000
          0.0000
          0.0000
          0.0000
          0.0000
          0.0000
          0.0000
          0.0000
          0.0000
          0.0000
          0.0000
          0.0000
          0.0000
          0.0000
          0.0000
          0.0000
          0.0000
          0.0000
          0.0000
          0.0000
          0.0000
          0.0000
          0.0000
          0.0000
          5.6592
          8.7191
         12.1845
        126.3364
         37.4714
          0.0000
          0.0000
          0.0000
         25.0496
         22.1197
         27.4659
         17.1834
          0.0000
          0.0000
          0.0000
          0.0000
          0.0000
          0.0000
          0.0000
          0.0000
          0.0000
          0.0000
          0.0000
          0.0000
          0.0000
          0.0000
          0.0000
          0.0000
          5.8307
         -8.7978
          0.0000
          0.0000
          0.0000
          2.5271
          0.6703
         -8.7747
          0.0000
          0.0000
          0.0000
          0.0000
         14.0000
         14.0581
          4.3932
          7.3450
          0.0000
          0.0000
          0.0000
          0.0000
          0.0000
          0.0000
          0.0000
         17.6271
        137.6871
         98.2789
          0.0000
          0.0000
          0.0000
         21.1037
         26.1432
          9.8427
          0.0000
         46.2346
          0.0000
          0.0000
          0.0000
          0.0000
          0.0000
          0.0000
          0.0000
         -6.0591
          0.0000
          0.0000
          0.0000
          0.0000
          0.0000
          0.0000
          0.6382
         11.0583
         13.4356
          8.0775
          0.0000
          0.0000
          0.0000
          0.0000
          2.1206
          8.6314
          8.7224
         12.7582
          9.9512
          1.1067
          0.0000
          0.0000
          0.0000
          6.2369
          2.5255
         10.2880
         22.9318
          0.0000
          0.0000
          0.0000
          0.0000
         -4.9733
         -0.1760
          2.0624
          1.3314
          0.0451
        108.3930
         96.6669
         58.6087
          0.0000
          0.0000
          0.0000
          0.0000
          0.0000
          0.0000
          0.0000
         13.2533
          0.0000
          0.0000
          0.0000
          0.0000
          0.0000
          0.0000
          0.0000
         19.3933
         77.1783
          0.0000
          0.0000
          0.0000
          0.0000
          0.0000
          0.0000
          0.6955
          0.0000
          0.0000
          0.0000
          0.0000
          0.0000
          0.0000
          0.0000
          0.3899
         21.3217
          0.0000
          0.0000
          0.1028
         11.2062
        135.2301
          0.0000
         19.6541
          1.9914
        -11.2266
          8.7810
         23.7291
         10.2334
         77.3603
        207.6265
         -4.7691
          0.0000
          0.0000
          0.0000
          0.0000
          0.0000
          0.0000
          0.0000
          0.0000
          0.0000
          0.0000
          0.0000
          0.0000
          0.0000
          0.0000
          0.0000
          0.0000
          0.0000
          0.0000
          0.0000
          9.8476
         16.6244
          5.7124
         18.7953
        136.0182
        202.5543
        112.7517
          0.0000
          0.0000
         12.1187
         66.2164
        145.6947
        100.3006
          0.0000
          0.0000
          0.0000
          0.0000
          0.0000
          0.0000
          0.0000
          0.0000
          0.0000
          0.0000
          0.0000
          0.0000
          0.0000
          0.0000
          0.0000
          8.5762
         48.3199
        141.0850
         15.1741
          0.0000
          0.0000
          0.0000
          0.0000
          0.0000
          8.9623
          0.0000
          0.0000
          0.0000
         12.3399
          3.4280
         16.9151
         85.8305
        159.5312
         34.2629
         60.5264
        110.5292
         17.1203
          8.3474
         22.5319
         98.5253
        261.8131
         13.5072
          0.0000
          0.0000
          0.0000
          7.2703
         -7.4769
         55.3220
        379.7848
        294.9284
          0.0000
          0.0000
          0.0000
          0.0000
          7.3642
          0.0000
         98.4426
        205.7384
         69.4453
         38.6798
         50.8155
        184.9990
        296.1187
        336.9394
          0.0000
          0.0000
          0.0000
          0.0000
          0.0000
          0.0000
          0.0000
          0.0000
          0.0000
          0.0000
          0.0000
          0.0000
          0.0000
          0.0000
          0.0000
         16.4842
          4.8675
          0.8279
         53.2675
         21.7447
          3.8466
          8.2897
          4.9899
          0.0000
          0.0000
          0.0000
          0.0000
          6.7374
         11.8410
          0.0000
          8.7169
          1.4182
          0.0000
         12.1050
         23.0049
         10.6213
          7.8342
         17.4203
         27.4438
        121.7760
        229.0634
          4.5306
          0.0000
          0.0000
          0.0000
          0.0000
          0.0000
          0.0000
          0.0000
          0.0000
          0.0000
          0.0000
          0.0000
          0.0000
          0.0000
          0.8029
         71.1145
         92.1690
          0.0000
          0.0000
          0.0000
          0.0000
         22.2416
         37.8348
          0.0000
          0.0000
          0.0000
          0.0000
          0.0000
          0.0000
          0.0000
          0.0000
          0.0000
          0.0000
          0.0000
          0.0000
          0.0000
          0.0000
          0.0000
          0.0000
          0.0000
          0.0000
          0.0000
          0.0000
          0.0000
          0.0000
          0.0000
          1.5868
          0.0000
          0.0000
          0.0000
          0.0000
          0.0000
          0.0000
          2.0685
         10.7850
          7.1536
          3.4507
         18.0661
         38.7963
         32.9320
         -3.0948
          7.6507
          9.2824
         38.2936
        305.1950
        327.2006
        337.2129
        228.1673
         58.0147
          0.0000
          0.0000
         13.6653
         37.4382
          0.0000
         23.5083
         40.5502
          2.4906
         10.5316
          0.0000
         50.3362
          9.7620
         29.2279
          0.0000
          0.0000
          0.0000
          0.6350
          0.0000
          0.0000
          0.0000
          0.0000
          0.0000
          0.0000
          0.0000
          0.0000
          0.0000
          0.0000
          0.0000
          0.0000
         45.6830
         55.4457
          0.0000
          0.0000
          0.0000
          0.0000
          0.0000
          0.0000
          0.0000
          0.0000
          0.4976
         12.7028
         54.7655
        158.8148
          0.0000
          0.0000
         38.6979
        196.0889
        282.6097
        321.6455
        101.5603
          0.0000
          0.0000
         73.6959
        183.6392
          0.0000
          0.0000
         34.4528
         16.4813
          0.0000
          0.7116
          3.0082
         14.1350
          6.8470
         10.6089
         22.0339
         16.4570
          0.0000
          0.0000
          0.0000
          0.0000
          0.0000
          0.0000
          0.0000
          0.0000
          0.3965
          0.0000
          0.0000
          0.0000
          0.0000
          0.0000
          0.0000
          0.0000
        -13.0049
         -3.8008
          7.1159
          0.0000
          0.0000
          0.0000
          0.0000
          0.0000
          0.0000
          0.0000
          0.0000
          0.0000
          0.0000
          0.9551
          7.4096
          0.0000
          0.0000
          0.0000
          0.0000
          0.0000
          0.0000
          5.4297
         24.3207
        186.8996
          0.0000
          0.0000
          0.0000
          0.0000
          0.0000
         18.3711
         81.3793
          0.0000
          0.0000
          0.0000
          0.0000
         86.0562
        109.9314
          0.0000
          0.0000
          0.0000
          0.0000
          0.0000
          0.0000
         26.7745
         15.4390
          8.8858
         25.6957
        168.1509
          0.0000
          0.0000
          0.0000
          0.0000
          0.0000
          0.0000
          0.0000
          0.0000
          0.0000
          0.0000
          0.0000
          0.0000
          7.8819
          0.0000
          0.0000
          0.0000
          0.0000
          2.4751
         14.0938
         14.1220
          0.0000
          0.0000
          0.0000
          0.0000
        -14.7915
         -4.3027
          0.0000
          0.0000
          0.0000
          0.0000
          6.3063
          3.3445
          0.0000
          0.0000
          0.0000
          0.0000
          3.4436
         16.1378
         81.3713
        147.7416
          0.0000
          0.0000
          0.0000
          0.0000
         15.6633
         31.1293
         10.6936
          0.0000
          0.0000
          0.0000
         13.7591
         37.3595
         17.4436
         53.8074
         26.5049
          0.0000
          0.0000
          0.0000
          0.0000
          8.8683
          0.0000
          0.0000
          0.0000
          0.0000
          0.0000
          0.0000
         17.3952
         15.4346
          7.7465
         21.8625
         33.1040
         24.3550
        181.2540
          0.0000
         57.3999
          0.0000
          0.0000
          2.9126
         11.9216
          9.9744
         32.0063
          0.0000
          0.0000
         10.5394
         17.7632
         13.4682
          3.0860
          0.0000
          0.0000
          0.0000
          0.0000
          8.8003
          2.9354
          9.1286
          0.0000
          0.0000
          0.0000
          0.0000
          0.0000
          0.0000
          0.0000
          5.7834
          3.9549
          0.0000
          0.0000
          0.0000
          0.0000
         21.7433
         21.9376
         19.7926
         16.8960
          0.0000
          0.0000
          0.0000
          2.0346
         10.3212
         69.6833
         72.9423
         48.1523
         46.8304
         37.3733
          0.0000
          0.0000
         14.1426
          0.0000
         73.2818
         68.3138
          1.9784
          0.0000
          0.0000
          0.0000
          0.0000
          0.0000
          0.0000
          0.7766
         10.9249
         77.5561
         10.1526
          0.0000
          0.0000
          0.0000
          0.0000
          6.9688
          0.0000
          0.0000
          0.0000
          0.6235
         22.7553
         17.1520
         68.9402
        105.1442
        167.8932
        104.5477
         16.7437
          0.0000
          0.0000
          0.0000
          0.0000
          0.0000
          0.0000
         -1.0180
          0.0000
          2.0124
         21.7669
         13.4574
          2.1860
         12.5297
          0.0000
          0.0000
          0.0000
          0.0000
         28.4704
          9.2593
          0.3331
          7.2448
          0.0000
          0.0000
          0.0000
          0.0000
         22.3311
          7.8754
        169.8142
        151.8705
         18.3202
          0.0000
          0.0000
          0.0000
          8.9598
          9.2329
        110.6844
         79.5843
          0.0000
          0.0000
          0.0000
          0.0000
         14.1306
         10.6698
         12.9964
         20.6888
         29.6487
          5.4456
          5.4456
