          0.0000
          0.0000
          0.0000
          0.0000
          0.0000
          0.0000
         -8.4877
          0.0000
          0.0000
          0.0000
          0.0000
          0.0000
          0.0000
          0.0000
         -6.0277
          0.0000
          0.0000
          0.0000
          2.3419
         13.0014
         13.6694
          0.0000
          0.0000
          0.0000
          0.0000
          0.0000
          0.0000
          0.0000
         14.5642
          1.6384
         -2.0263
          0.0000
          0.0076
          4.3212
          2.8523
         23.2141
         22.6873
         22.6442
         76.6115
          0.0000
          0.0000
          0.0000
          0.8048
         21.6810
          2.2842
         -1.7471
          2.5366
          0.0000
          0.0000
          0.0000
          3.7675
         18.2837
         39.6813
         99.6740
        136.8142
         27.8853
          0.0000
          0.0000
          0.0000
          0.0000
         15.1369
         14.5201
         75.5648
         83.3099
         33.5308
         10.1805
          9.9924
          0.0000
          0.0000
          0.0000
          0.0000
         27.9921
          2.9026
         -8.3148
          9.2323
         63.4168
         35.7384
          1.0904
         41.8630
        109.6416
        113.3312
        120.0358
         84.3589
         26.8207
          0.0000
          0.0000
          0.0000
          0.0000
          0.0000
          0.0000
          0.0000
          0.0000
          0.0000
          0.0000
         64.2145
         93.4888
         37.4354
         80.3192
        123.1347
        112.1016
         55.7611
         -0.2275
         -0.4388
          0.0000
          0.0000
          0.0000
          0.0000
          0.0000
          0.0000
          0.0000
         26.6040
         28.6800
         49.1117
          1.9800
         -1.4885
         -3.9222
          4.5199
          4.5875
         22.7340
         30.7502
          0.0000
          0.0000
          0.0000
          0.0000
          7.5612
          0.0000
          0.0000
          0.0000
          0.0000
          0.0000
          6.7723
          0.0459
          7.5625
         63.9978
         23.1753
          0.0000
          0.0000
          0.0000
          3.4911
         16.6113
         11.9044
        151.6428
          0.0000
          0.0000
          0.0000
         26.5142
         21.7969
         22.6191
         37.0488
        103.3144
          1.4724
         -0.3399
         12.0313
         50.0995
         48.3730
          0.0000
          0.0000
          0.0000
          0.0000
          0.0000
          5.9988
         24.2201
          0.1590
          0.0000
          0.0000
          0.0000
         -1.8274
          0.0000
          0.0000
          0.0000
          0.0000
          0.0000
          8.5086
          4.4485
         -0.8214
          0.0000
          0.0000
          0.0000
          0.0000
         11.5198
         11.7969
          0.0000
          0.0000
          0.0000
          0.0000
          0.0000
          4.1452
         17.2904
          6.7093
          0.0000
          0.0000
          0.0000
         18.8016
         13.6679
         25.2563
         11.0440
         12.6623
         12.9671
         67.4141
         59.9799
         84.8221
         97.6045
         69.4784
         75.9849
        -10.8071
          0.0000
          0.0000
         73.5797
         31.0409
          7.5928
          8.3818
         -5.0139
         -3.2370
         -5.5245
        111.8706
        127.5342
         22.5173
         11.8534
         31.5064
         35.4022
         26.4041
          0.0000
         55.4043
         88.3114
         10.0139
         21.0336
          0.0666
         -0.0940
         -0.0967
          0.0000
         -1.2737
          0.0000
          0.0000
          0.0000
          0.0000
          0.0000
          0.0000
          0.0000
          0.0000
          0.0000
          0.0000
          0.0000
          2.4959
          2.1802
         11.0652
         24.0722
        101.4639
         33.0364
          0.0000
          0.0000
          6.8276
          6.6776
          7.1540
          0.3562
         46.3688
          0.0000
          0.0000
          0.0000
          0.0000
          3.6413
         40.5099
         -1.1839
          0.0000
          0.0000
          0.0000
          0.0000
          1.0457
          2.2103
          8.2113
          3.8670
          0.1119
         57.9847
        126.9322
         89.3799
         37.2953
          2.2766
          0.0000
          0.0000
         -8.0833
        108.4131
         28.0821
         -0.5805
         -7.7703
         -0.9325
        -15.1767
          0.0000
          0.0000
        180.2941
          0.0000
         25.5366
          9.9904
          0.0000
          1.3277
          0.0000
         46.5657
         22.7660
          5.8413
         -1.9601
         10.2650
          7.3348
         -0.8561
        201.4304
        218.8873
        106.6519
          0.0000
          0.0000
          2.3824
          5.6665
         10.4843
         13.0933
          3.4901
         -1.1832
          0.0000
          0.0000
          4.9143
          0.2588
          4.3782
          1.0261
         -1.1098
          0.0612
         16.9800
         22.6760
         24.5527
         38.9795
         42.0523
         24.1390
         93.6579
         70.6250
         41.8261
         12.1895
         19.5279
        137.6183
        171.8110
         44.6142
         -4.4418
          0.0000
          0.0000
          0.0000
         19.5042
         88.5917
         79.8304
          0.5358
         -2.7677
          5.8619
         28.1847
         10.7620
         -3.5441
         -4.0951
        -22.0275
        -23.3324
          3.3596
         34.9114
          8.9439
         29.6526
        104.0495
         96.6104
         32.1507
         31.2164
         -2.3812
         25.1149
         39.5802
         27.5188
         14.4927
         16.6157
         16.9907
         28.1465
        131.4796
         72.1532
         -4.6915
         -1.9787
          0.0000
          0.0000
          3.3640
          0.5242
         59.4628
         85.6404
         43.6837
         -3.2928
          9.7036
          5.7256
         -1.1458
         -9.6320
        127.5542
        174.2521
         22.2197
          0.0000
          0.0000
          4.1001
         35.4110
          3.8491
         47.5327
         37.6384
          0.0000
          0.0000
          0.0000
          0.0000
          0.0000
          0.0000
          2.4024
          0.9697
          5.0834
          0.0000
          2.6269
         21.0346
         27.2378
          9.1328
          0.0000
          0.0000
          8.9959
         33.9003
         89.0005
        159.9234
         80.4706
          0.0000
          0.0000
          0.0000
          0.0000
          0.0000
          0.0000
         19.5871
         19.9665
         78.8062
         31.4815
          0.0000
          0.0000
          0.0000
         10.8670
         20.9145
         27.7346
        104.5009
          0.0000
          0.0000
          0.0000
          2.3410
         14.0731
         12.4407
         20.2128
         81.9401
          0.0000
          0.0000
          0.0000
          1.7165
         -2.5316
         13.1999
         13.2935
          5.5310
        142.3356
          0.0000
          0.0000
          0.1387
         51.2843
         47.2819
         85.5058
        190.3666
         99.3585
         19.1981
          0.0000
          0.0000
          0.0000
          0.0000
          0.0000
          0.0000
         10.0942
          0.5661
          0.0000
          0.0000
          0.0000
          0.0000
         10.5058
          0.0000
         28.5273
         37.6434
          0.0000
          0.0000
         17.5955
         44.1999
         27.9870
         22.7914
         55.8578
         68.2748
        210.6990
        213.1875
        168.7364
        100.4145
         57.7539
          0.0000
          0.0000
          0.0000
          0.0000
          0.0000
          0.0000
          0.0000
          0.0000
          0.0000
         15.1914
         12.2921
         14.1144
         19.2349
         14.8601
         10.9398
         50.9392
         61.2509
         18.1160
         42.6011
          0.0000
          8.6503
         38.5702
         73.3881
          0.9098
          0.0000
         72.4021
         39.6558
          0.0000
          0.0000
          0.0000
          0.0000
          8.0582
          1.4840
         -1.3683
          0.0000
          0.0000
          0.0000
          0.0000
          0.0000
          5.6288
          8.9777
         73.0588
        155.1104
        180.6900
        170.4812
        142.6411
        168.8155
        184.4936
         10.7816
          0.0000
          0.0000
          0.0000
          0.0000
          0.0000
          0.0000
          0.0000
          0.0000
         -1.5982
         -3.7759
         -0.1916
          0.0000
          0.0000
          0.0000
          0.0000
          0.0000
          0.0000
         68.7791
          9.1612
        -15.9171
          7.4392
         21.5890
          9.9417
        110.4584
        207.5936
        135.3503
        145.7522
        148.2472
        163.9966
        146.5907
        104.0383
         36.9875
          0.0000
          0.0000
          0.0000
          0.0000
          0.0000
          0.0000
          0.0000
          4.8504
         65.5917
         28.1911
        -24.7022
          0.0000
          0.0000
          0.0000
         24.3105
         93.0913
         53.2111
          3.2949
          2.1531
          0.0000
          0.0000
          0.0000
          0.0000
          0.0000
          0.0000
          0.0000
          0.0000
          0.0000
          0.0000
          0.0000
          0.0000
          0.0000
         -0.6230
          0.0000
          0.0000
          0.0000
          0.0000
          0.0000
          2.3458
          0.0000
          0.0000
          0.0000
          0.0000
         27.0065
         11.9986
         20.1729
          0.0000
          0.0000
          0.0000
          0.0000
          0.0000
         25.0860
         51.2842
        120.2213
        127.7823
        122.2471
          0.0000
          0.0000
          4.4126
          6.0319
         18.6344
        125.8868
        121.7307
          1.6917
          0.0000
          0.0000
          0.0000
         13.5189
         21.5048
        124.0049
        116.2758
          0.0000
          0.0000
          0.0000
         10.7118
         33.5260
         22.7229
         31.0304
        -10.2434
         55.7097
         22.7391
         29.2244
         30.8670
         15.4448
         22.1342
         73.1082
         30.1660
          0.0000
          3.1914
         88.8900
         40.2108
         11.1642
          8.8478
         41.1232
         98.9283
         58.3640
         17.5048
          0.0000
          0.0000
          0.0000
          0.0000
          0.0000
          0.0000
          0.0000
          0.0000
          0.0000
          0.0000
          0.0000
          0.0000
          0.0000
          8.7265
          4.6797
         28.5992
         43.7263
         27.0150
         37.4272
         29.6059
         42.3750
        108.8911
        101.3209
          0.0000
         92.4623
         99.6537
        152.4931
         43.9007
          0.0000
          0.0000
          0.0000
          0.0000
          0.0000
          0.0000
          0.0000
          0.0000
          0.0000
          0.0000
          0.0000
         24.8721
         16.1767
        -15.1424
        -10.3068
          0.0000
          0.7221
          6.8009
         -1.1492
         -2.2460
         -2.5495
         -4.0269
         47.6747
         86.6563
          0.0000
          0.0000
          0.7426
         23.0960
         -2.2710
         19.3561
         15.6912
         26.6316
         64.6741
        118.0022
        235.0611
         62.4691
          0.0000
          0.0000
          0.0000
          0.0000
          0.0000
          0.0000
          0.0000
         98.8247
         81.6098
          0.0000
          0.0000
          0.0000
          0.0000
          0.0000
          0.0000
         -0.7863
          0.0000
          0.0000
          0.0000
          0.0000
          0.3205
         10.2454
         -4.2707
         40.3713
          8.5798
         -3.6339
         -4.7332
          0.0000
          0.0000
          8.9731
          4.1845
         44.5968
         87.9107
         56.5160
        -28.7989
        -12.0870
          0.0000
          3.8932
          0.0000
          3.3544
          0.0000
          3.4259
          0.7149
          1.3352
         13.4757
          5.4750
          0.0000
          0.0000
          0.0000
          8.6886
         52.5785
          3.3774
         -4.7855
         15.3686
          3.0584
          1.5472
          4.1635
          9.4731
          0.9427
         -0.5060
         27.6573
         29.4827
         67.8869
         12.8925
          6.1401
         25.4642
         77.5841
         26.3701
          0.0000
          0.9323
          5.5692
         29.1061
          0.1323
          1.5591
          0.0000
          0.0000
          0.0000
          0.0000
          0.0000
         -1.9508
         -0.5631
          7.3337
          8.2238
          4.7638
          0.0000
          0.0000
          0.0000
          1.1230
         10.5435
         20.8053
        119.7741
        153.2374
         49.9243
          0.0000
          0.0000
          0.0000
          0.0000
          8.5937
         -6.1798
        135.2845
        114.6423
         37.0784
         95.6132
        208.9480
        132.9942
          0.0000
          0.0000
          0.0000
          0.0000
          0.0000
          0.0000
         -4.0076
         -2.1298
          6.7892
         14.1349
          7.4499
          4.0090
          0.1633
          0.0000
          0.0000
          0.0000
          0.0000
         12.0476
         19.8523
          6.5864
         46.3811
        160.8757
        119.0932
          0.0000
          0.0000
          0.0000
          0.0000
          0.0000
          0.0000
          0.0000
          0.0000
          0.0000
          0.0000
          0.0000
          8.3741
         11.0601
         39.6078
         -0.5257
         24.9226
         28.8412
         -0.8305
         -8.3093
          5.4899
          1.0128
          3.4798
         42.3421
          0.0000
          0.0000
          0.0000
         69.6927
         94.7408
         82.6442
         12.8101
          0.0000
         38.6448
          0.0000
          0.0000
          0.0000
          0.0000
          0.0000
          6.0622
         19.4627
         64.0027
         12.8440
         31.0681
         59.3275
         20.4799
          0.0000
         13.7446
         54.9267
        150.8019
         29.5850
          0.0000
          0.0000
          0.0000
          0.0000
         13.9650
          0.0000
         28.4430
          5.0024
          2.4798
         31.5320
         55.6503
         19.2525
         16.8093
         24.3174
        151.0702
        146.5805
          5.6946
         20.6735
          8.2380
          5.6175
          1.3966
          1.1918
         42.7743
         37.3576
         -1.9775
         -1.4591
          8.5707
          7.6472
         -9.4883
         59.3806
        114.1663
          0.0000
          0.0000
          0.0000
          0.0000
          0.0000
          2.9402
          0.0000
          0.0000
          0.0000
          0.0000
          0.0000
          0.0000
          0.0000
          1.3898
          0.0000
          0.0000
          0.0000
          0.0000
          0.0000
         11.5195
         33.7637
         25.8256
          8.1539
         16.1925
         78.9595
         78.7094
         42.2817
         47.0368
         73.5696
         65.5490
         31.2033
         -4.7583
          0.0000
          1.3581
          8.3656
          6.8088
          0.0000
          1.4767
          0.0000
          0.0000
          0.0000
          3.3245
         11.2145
         13.8000
          9.1906
          0.9213
          0.0000
          0.0000
         27.2990
         10.9773
         33.4834
        144.4378
        153.3251
        130.0110
        142.9652
         70.5721
          7.0208
         -7.0094
          0.0000
          0.0000
          0.0000
          0.0000
          0.0000
          4.0774
         25.1837
         70.0076
         48.5837
          0.0000
          0.0000
          0.0000
          0.0000
          0.0000
          0.0000
          0.0000
          0.0000
          0.0000
          0.0000
          0.0000
          0.0000
         -2.4969
         -0.5884
         10.6178
          1.4451
          0.0000
         -0.1248
         -1.3441
          0.0000
          1.2790
          0.0000
         12.6893
         28.1815
         49.6837
         87.4187
        146.0485
        208.3815
        149.1122
         78.6710
          0.0000
          0.0000
          0.0000
          0.0000
          2.7794
          1.2339
         -5.3595
         25.1122
         26.6886
         27.4088
         41.7677
         64.7260
         61.6578
         60.6221
        126.1230
         76.6896
          0.0000
          0.0000
          0.0000
          0.0000
          0.0000
          0.0000
          0.0000
          0.0000
         10.6462
          0.0000
          0.0000
          5.6366
         13.2321
         19.1999
         47.1096
         57.6220
         28.5706
        -16.4835
          0.0000
          0.0000
          2.2990
          0.0000
          0.0000
          0.0000
          0.0000
          0.0000
          0.0000
          3.8861
          9.2855
          0.0000
          0.0000
          0.0000
          9.6151
         20.9537
         23.7715
         20.7871
         -4.4855
        143.0416
        105.3122
          0.0000
          0.0000
          0.0000
          1.1230
          0.0000
          0.5003
          0.0000
         10.0972
          5.8704
          0.0000
          0.0000
          0.0000
          0.0000
          0.0000
          0.0000
         -1.0010
          0.0000
          0.0000
          0.0000
          6.0266
          9.7500
         33.0769
         47.8460
         14.4132
          2.9783
          2.1890
          0.0000
          0.0000
          0.0000
          0.0000
          0.0000
          0.0000
          0.0000
          0.0000
          1.0733
         11.1856
          3.6578
          6.0864
          0.7897
         96.8793
         84.4115
         -1.6461
        -14.7873
          0.0000
          0.0509
          8.8373
          2.5724
         41.6025
         15.8967
         10.2691
         -9.0205
         -7.8543
          0.0000
          0.0000
          0.0000
          0.0000
          0.0000
          0.0000
          0.0000
          0.0000
         81.9448
         68.5150
         60.6588
        106.6770
         18.5419
         -4.4517
          0.0000
          1.7026
          0.0000
          2.4296
          0.0000
          0.0000
          0.4279
          6.2300
          4.4005
         22.2452
         29.4005
         16.4797
         22.0205
         21.5951
        103.5013
         28.2586
         18.9672
         25.8616
         15.2302
          0.4797
          0.0000
          0.0000
          0.0000
          0.0000
          0.0000
          0.0000
          0.0000
          2.7920
          1.0545
          0.0000
          0.0000
         10.2306
         19.3322
         21.6662
         16.7531
         28.8017
         33.2602
         85.0379
         19.1292
         15.8434
         12.3152
          1.0502
          3.8661
         53.4539
        103.9233
          0.0000
          0.0000
          0.0000
          0.0000
          0.0000
          0.0000
          3.7635
          0.2600
          1.1988
         21.9308
          0.0000
          0.0000
          0.0000
          0.0000
          0.0000
          0.0000
          0.0000
          0.0000
          0.0000
          5.2857
          9.2826
          0.0000
          1.1286
          0.0000
          0.0000
          0.0000
          0.1461
          1.0253
          0.3721
          0.0000
          0.0000
          0.0000
          0.0000
          0.0000
         13.2028
         44.6429
         40.5650
         14.5356
          9.6832
          0.0000
          0.0000
          0.0000
          0.0000
          4.2898
         13.2736
         20.6219
          3.4275
          0.0000
          0.0000
          0.0000
          0.0000
          0.0000
          0.0000
         14.5943
          5.6803
         26.3153
         82.0549
         41.0361
          0.0000
          0.0000
          0.0000
          0.0000
          6.0899
          0.0000
          0.0000
          0.0000
          0.0000
          0.0000
          0.0000
          0.0000
          0.0000
          0.0000
          0.0000
          0.0000
          0.0000
          0.0000
          0.0000
          0.0000
          0.0000
          0.0000
          0.0000
          0.0000
          6.9423
          3.7529
          0.0000
          0.0000
          0.0000
          0.0000
          0.0000
          0.0000
          0.0000
         33.6849
         24.2132
          8.3647
         64.8524
         68.3600
        147.4823
        176.5295
          0.0000
          0.0000
          0.0000
          0.0000
          0.0000
          0.0000
          0.0000
          0.0000
          0.0000
          0.0000
          0.0000
          0.0000
          0.0000
          0.0000
          0.0000
          0.0000
          0.0000
          0.0000
          0.0000
          0.0000
          0.0000
          0.0000
          0.0000
          0.0000
          0.0000
          0.0000
          0.0000
          0.0000
          0.0000
          0.1552
        -11.0047
         -6.3819
          0.0030
         14.7328
         10.0355
         -0.7989
          0.0000
         23.7977
         12.6223
          0.0000
          0.0000
          0.0000
          0.0000
          2.9590
          8.8750
          4.3013
         -1.4363
         25.5247
         15.9550
          5.6879
         26.6772
          2.2358
          0.0000
         -1.6539
        142.1204
         45.6287
         -0.2366
          0.0000
          0.0000
         10.4216
         99.2999
        163.8632
         30.0649
          0.0000
          0.0000
          0.0000
          4.1440
          7.3403
          8.7182
          7.5138
         13.7033
         49.7536
        138.8718
         68.7052
          5.7105
          0.0000
          0.0000
          0.0000
          0.1075
         20.1457
         20.8289
          5.5375
          7.7440
          0.0000
          0.0000
          0.0000
          0.0000
          0.0000
          0.0000
          0.0000
         18.6964
          0.0000
          0.0000
          0.0000
          0.0000
          0.0000
          0.0000
          0.0000
          0.5088
          0.0000
          0.0000
          5.8634
         12.7290
          0.2261
          0.0000
         20.6093
          6.3259
          6.3906
         13.3059
         10.3997
          0.0000
          0.0000
          5.7986
          8.3169
          5.3492
         11.6136
         65.8970
         56.9799
         54.9414
          0.0000
          0.0000
          1.8064
          0.0000
          0.0000
          4.0481
          0.6635
          2.6918
         10.1856
         23.0269
         36.2508
         15.3987
         13.2184
          5.7719
        -18.3352
          4.9286
         99.3890
          8.1380
         48.2164
         25.3354
         57.9403
         70.8917
         42.2433
         -5.3799
         -0.7752
          3.3647
          0.0000
         21.6106
         64.7661
          9.9317
          1.9988
          6.1915
          0.0533
          2.5767
          0.6457
          1.4401
          0.6676
          6.7824
          8.2896
         -2.2458
          0.0000
          0.0000
          0.0000
          0.0000
          0.0000
          4.0688
          0.0000
          0.0000
          0.0000
         11.3302
         17.2639
         43.3284
        125.6278
         88.2557
          0.0000
          0.0000
          0.0000
          0.0000
         22.6274
         19.3794
          8.0427
          3.7287
          3.2207
         -0.0730
          0.0000
          0.0000
          0.0000
          0.0000
          0.0000
          0.0000
          0.0000
          0.0000
          0.0000
          0.0000
          0.0000
          0.0000
          0.3023
          2.7261
          0.0000
          0.0000
          0.0000
          0.0000
          2.8018
          3.0344
          0.0000
          2.9180
          0.0000
          0.0000
          0.0000
          3.8327
          4.0602
          2.9228
          6.7280
          5.1833
         -1.2678
         -0.4839
          0.0000
          0.0000
          0.4660
          0.8116
         10.1113
         31.5932
         49.4589
         43.5972
          0.0000
          0.0000
          0.0000
          9.9391
         34.0350
         44.0725
         26.6775
          0.0000
          0.0000
          0.0000
         16.1165
         17.3144
         -1.5123
          1.8908
         55.9028
         58.4505
          0.0000
         15.6973
         25.7875
         27.9736
         32.7393
         11.2185
          5.2348
         67.0357
          0.0000
          0.0000
          2.0565
          0.0000
          0.0000
          8.2776
          0.0000
          0.0000
         45.6769
          0.0000
          0.0000
          0.4289
          0.0000
          0.0000
          0.0000
         -1.9438
          6.8602
         13.5158
         28.3484
         16.8212
          2.2341
         23.5404
          0.0000
          0.0000
          0.0000
          0.0000
         17.4119
         10.4054
          1.0300
          5.1093
          0.0000
          0.0000
          0.0000
          0.0000
         11.3422
          8.6757
          5.3821
          4.8487
          0.0000
          0.0000
          0.0000
          0.6102
         17.6685
          8.1914
         -2.9001
         -0.4047
          0.0000
          0.0000
          0.0000
          0.0000
          0.0000
          5.2483
          0.0000
          0.0000
          0.0000
          0.0000
          0.0000
          0.0000
          2.2248
          9.8323
          7.1710
          6.5047
          0.0000
          0.0000
          0.0000
          3.1537
         14.4703
         18.3709
         25.8802
         19.2983
          0.0000
          0.0000
          0.0000
          2.2098
         63.2939
         18.0681
          2.2180
          4.5184
          0.0000
          0.0000
          0.0000
          0.0000
          0.0000
          0.0000
          0.0000
          0.0000
          0.0000
          0.0000
          0.0000
          0.0000
          0.0000
          0.0000
          0.0000
          2.9495
          0.0000
          0.0000
          0.0000
         11.2056
         28.2398
         15.9347
         19.0587
          9.9054
          0.0000
          0.0000
          0.0000
          0.0000
          0.0000
          0.0000
          0.6211
         11.8840
          0.0000
          0.0000
          0.0000
          0.0000
          0.0000
          1.6685
          0.0000
          0.6766
         14.6560
         13.7908
          0.0000
          0.0000
          0.0000
          0.0000
          0.0000
          0.0000
         32.4054
          1.9880
          0.0000
          0.0000
          0.0000
          0.0000
          0.0000
          9.2137
          0.0000
         26.0606
          0.0000
          0.0000
          0.0000
          0.0000
          0.0000
          0.0000
          0.0000
         -1.6026
          0.0000
          2.9037
          8.0293
         12.3322
          0.0513
          6.1658
         26.5546
         55.7382
          7.1778
          0.0000
          0.0000
          0.0000
          0.0000
          0.0000
          0.0000
          0.0000
          0.0000
          0.0000
          0.0000
          0.0000
          0.0000
          0.0000
          0.0000
          0.0000
          0.0000
          0.0000
          0.0000
          0.0000
          0.0000
          0.0000
          0.0000
          0.0000
          0.0000
          0.7992
          9.3031
          4.5054
          0.5147
         13.2335
          0.0000
         28.2109
         19.7271
          0.0000
          9.1999
         14.7436
         -2.1278
        -16.7030
          0.0000
          0.0000
         21.3798
         28.2813
         32.3211
         30.3304
         37.9344
         45.0343
          0.0000
          0.0000
          0.0000
          4.4704
          5.9422
          7.6756
         13.2546
          0.3835
         50.4788
         23.2075
          0.0000
          0.0000
          0.0000
          0.0000
          8.8583
         -5.9412
          0.0000
          0.0000
          5.2419
          0.0000
          0.0000
          0.0000
          0.0000
          6.3593
          9.6068
         21.7513
         13.4727
          9.1086
          5.6396
          5.6915
          0.0000
         19.3073
         51.5758
        104.7788
         25.9790
          0.0000
          4.0550
         14.3224
          2.6239
         -7.4979
          0.0000
          0.4586
          0.0000
          0.0000
          0.0000
          0.0000
          0.0000
          0.0000
          0.0000
          0.0000
          0.0000
          0.0000
          0.0000
          0.0000
          2.6213
          8.1906
          0.0000
          0.0000
          0.0000
          0.0000
         13.5321
          7.9138
          0.7165
         -9.4915
         -2.5879
          0.0000
          0.0000
          0.0000
          0.0000
          0.0000
          0.0000
          9.5591
          2.8922
         33.5443
          0.0000
         17.1204
         45.9764
          4.7666
          4.4115
        157.8601
        125.3260
          0.0000
          0.0000
          0.0000
          0.0000
          0.0000
          0.0000
          0.0000
          0.0000
         -8.5065
          0.0000
          0.0000
          0.0000
          0.0000
          0.0000
          0.0000
          0.0000
        -12.2891
          0.0000
          0.0000
          0.0000
          0.0000
          0.0000
          0.0000
          0.0000
          0.0000
          0.0000
          0.0000
          0.0000
          0.0000
          0.0000
          0.0000
          0.0000
          0.0000
          0.0000
          0.0000
          0.0000
          0.0000
          0.0000
          0.0000
          0.0000
          0.0000
          0.0000
          0.0000
          0.0000
          0.0000
          0.0000
          0.0000
          0.0000
          0.0000
         12.2173
         23.0185
         22.5998
          6.0493
          0.0000
          0.0000
          0.0000
          0.0000
          0.0000
          0.0000
          0.0000
          0.0000
          0.0000
          0.0000
          0.0000
          0.0000
          0.0000
          0.0000
          0.0000
          0.0000
          0.0000
          0.0000
          0.0000
          0.0000
          0.0000
          0.0000
          0.0000
          0.0000
          0.0000
          8.3046
          0.0000
          0.0000
          0.0000
          0.0000
          0.0000
          0.0000
          0.0000
          0.0000
          0.0000
          0.0000
         45.2801
         13.0228
         23.7699
         11.3629
         10.1035
          8.7844
         -3.6795
          0.0000
          0.0000
          0.0000
          4.2565
          0.4756
          0.9578
          1.9992
          3.5252
          0.0000
          0.0000
          0.0000
          0.0000
          0.0000
          8.4732
          7.1658
          0.0000
          0.0000
          0.0000
          0.0000
          0.0000
          0.0000
         14.1707
         88.2793
          0.0000
          0.0000
          0.0000
          0.0000
          0.0000
          0.0000
          0.0000
          0.0000
          0.0000
          0.0000
         38.0836
          0.0000
          0.0000
          0.0000
          0.0000
          0.0000
          0.0000
          0.0000
          0.0000
          0.0000
          0.0000
          0.0000
          0.0000
          0.0000
          0.0000
          0.0000
          0.0000
          0.0000
          0.0000
          0.0000
          0.0000
          0.0000
          0.0000
          0.0000
          0.0000
          0.0000
          0.0000
          0.0000
          0.0000
          0.0000
          0.0000
          0.0000
          0.0000
          0.0000
          0.0000
          0.0000
          0.0000
          0.0000
          0.0000
         12.8030
          2.3575
         28.9004
         42.6393
          0.3881
         -2.9296
         15.7342
          0.0000
         95.2215
         32.8484
          0.4750
          0.0000
          0.0000
          8.9964
          4.8300
          0.0000
        183.2330
        109.1409
          0.0000
          0.0000
          5.4559
          4.5705
          4.8733
          0.0000
          0.0000
          0.0000
          0.0000
         13.9318
         12.3611
          0.0000
          0.0000
          0.0000
          0.0000
          0.0000
          0.0000
          0.0000
          0.0000
          0.0000
          0.0000
          0.0000
          0.0000
          0.0000
          0.0000
          0.0000
          9.1196
          8.4181
         -3.2619
         36.8893
         22.3078
          0.0000
          0.0000
          0.0000
          1.9714
          2.6349
          9.1606
          0.0000
          0.0000
          0.0000
          0.0000
          0.0000
          1.6548
          0.4722
          0.0000
          0.0000
          0.0000
          0.0000
          0.0000
          0.0000
          0.0000
          0.0000
          0.0000
          0.0000
          0.0000
          0.0000
          0.0000
          0.0000
          0.0000
          0.0000
          0.5249
          0.0000
          0.0000
          0.0000
          0.0000
          0.0000
          5.1499
          2.4008
          1.0785
         23.6486
         60.0333
          0.0000
          0.0000
          0.0000
         20.3671
         60.5018
          2.4660
          0.0000
          0.0000
          0.0000
          0.0000
          0.0000
          0.0000
          0.0000
         13.0084
          7.3601
         -1.8193
          0.0000
          0.0000
          0.0000
          0.0000
          0.0000
          0.5686
          0.0000
          0.0000
          0.0000
          0.0000
          0.0000
          0.0000
          0.0000
          0.0000
          0.0000
          0.0000
          0.0000
          0.0000
          0.0000
          1.1508
         -0.0572
          0.0000
          0.0000
          0.0000
          0.0000
          0.0000
          2.2626
          4.8432
          7.4952
          4.7941
          0.0000
          0.0000
          0.0000
          0.0000
          0.0000
          2.5582
         13.4768
         19.5225
          0.0000
          0.0000
          0.0000
          0.0000
          0.0000
          0.0000
          0.0000
          2.8380
          0.0000
          8.8145
         12.2661
          9.1141
          0.0000
          0.0000
          0.0000
          0.0000
          0.0000
          0.0000
          0.0000
          0.0000
          0.0000
          1.0527
          0.0000
          0.0000
          0.0000
          0.0000
          0.0000
          0.0000
          0.0000
         -0.5576
          0.0000
          0.0000
          0.0000
          0.0000
          0.0000
          0.0000
          0.0000
          0.0000
          0.0000
          0.0000
          0.0000
          0.0000
          0.0000
          0.0000
          0.0000
          0.0000
          0.0000
          0.0000
          0.0000
          0.0000
          0.0000
          0.0000
         18.3272
          4.3041
          0.0000
          0.0000
          0.0000
          0.0000
          0.0000
         11.8619
         32.0200
         14.2800
         46.0738
         41.5040
          0.0000
          0.0000
          0.0000
          0.0000
          0.0000
          0.0000
          0.0000
          4.7974
          0.0000
          1.2206
         28.0799
          0.0000
         22.6953
         74.8044
         39.6966
         61.7905
         67.9137
          0.0000
          0.0000
          0.0000
          0.0000
          0.0000
          0.0000
          0.0000
          0.0000
          0.0000
          0.0000
          0.0000
          0.0000
          0.0000
          0.1583
         12.1559
         10.0147
         93.5659
          0.0000
          0.0000
          5.1335
         27.8493
         11.7208
         -0.7912
          0.0000
         -7.2394
         -0.6593
          0.0000
          0.0000
          0.0000
          0.0000
          0.0000
          0.0000
          0.0000
          0.0000
          0.0000
          9.5582
          4.2812
          0.0000
          5.2351
          0.0000
          0.0000
          0.0000
          0.0000
          0.0000
          0.0000
          0.0000
        178.9261
          0.0000
          0.0000
          0.0000
          0.0000
          3.6589
          7.8288
          0.0000
          0.0000
          0.0000
          0.0000
          0.0000
          0.0000
         77.4078
        161.3177
         83.1081
         13.8262
          0.0000
         -1.5010
          0.0000
          0.0000
          0.0000
          3.9768
        163.8405
        165.5846
        187.1522
          0.0000
          0.0000
          0.0000
          0.0000
          0.0000
          0.0000
          0.0000
          0.0000
         50.4265
          0.0000
          0.0000
          9.4554
          0.0000
        155.6915
          0.0000
          0.0000
          0.0000
          0.0000
          0.0000
          0.0000
          9.5155
          1.5329
         -0.5156
         42.0983
          0.0000
          0.0000
          0.0000
          0.0000
          0.0000
          0.0000
          0.0000
          0.0000
          0.6418
          0.0000
          0.0000
         24.3666
         21.5939
          7.5142
         30.5265
         68.3269
          0.0000
          0.0000
          0.0000
          4.6478
          0.0000
          0.0000
          0.0000
          0.0000
          0.0000
          0.0000
          0.0000
          0.0000
          0.0000
          6.8254
         19.9085
          0.0000
          0.0000
          0.0000
          0.0000
         27.7925
         30.1946
          8.8948
         20.4837
         26.7408
        203.5023
         43.3996
          0.0000
          0.0000
         -4.3806
          1.6569
         12.2195
          0.0000
         33.5168
          0.0000
          0.0000
          4.4855
          7.2313
          4.5130
         10.4994
         31.0460
         15.9907
          0.0000
          0.0000
          0.0000
          0.0000
          0.0000
          0.0000
          0.0000
         68.2834
         36.7637
          0.0000
          0.0000
          0.0000
          3.5490
         15.8828
         15.7384
        113.1272
         40.6488
          0.0000
          0.0000
          0.0000
          0.0000
          0.0000
          0.0000
         -2.2103
          0.0000
          0.0000
          0.0000
          0.0000
          0.0000
          0.0000
          0.0000
          0.0000
          0.0000
          0.0000
          0.0000
          0.0000
          0.0000
          1.8590
         15.8983
         12.5739
        -11.9757
          0.0000
          0.0000
          0.0000
          0.0000
          0.0000
          3.7020
         -0.6724
         -0.6441
          7.8674
          9.2006
         12.0017
          4.5707
         10.8734
         -5.8498
          0.0000
          0.0000
          0.0000
          0.0000
          0.0000
          0.0000
          0.0000
          0.0000
          0.0000
          0.0000
          0.0000
          0.0000
          0.0000
          0.0000
          0.0000
          0.0000
          0.0000
          0.0000
          2.7034
          0.0000
          0.0000
          0.0000
          0.0000
          0.0000
          0.0000
          0.0000
          0.0000
          0.0000
          0.0000
          0.0000
          0.0000
          0.0000
          0.0000
          0.0000
          0.0000
         10.2062
         23.4230
         18.5056
          9.2009
         44.8279
        176.4254
         69.4407
         10.4946
          0.0000
          0.0000
          6.6609
         12.6479
          8.6246
        105.7424
          0.0000
          0.0000
          5.5444
          6.5871
          6.4899
         13.1772
         -1.6744
         -1.5393
          7.2106
          9.6673
          0.0000
          0.0000
          0.0000
          0.0000
          5.0293
         -1.9622
          0.0000
          0.0000
          0.0000
          0.0000
          0.0000
          0.0000
          0.0000
         -9.9709
         -3.0641
          0.0000
         23.3672
         10.7511
         -8.2073
        214.9003
        240.5983
        258.8579
          0.0000
          0.0000
          0.0000
          0.0000
          0.0000
          0.0000
         14.0204
          1.1400
         -6.1506
          0.0000
          0.0000
          0.0000
          0.0000
          1.2364
          2.5609
          0.0000
          0.0000
          0.0000
          0.0000
          0.0000
          0.0000
         15.8766
         54.2899
        148.3135
         10.7619
        -18.8591
         49.3851
         78.4975
         27.9613
        131.3544
        198.9550
        152.2418
          0.0000
          0.0000
          0.0000
          0.0000
          0.0000
          0.0000
          0.0000
        -16.0904
         -5.3770
          0.0000
         15.8073
          2.5346
         26.0792
         92.7631
        162.8537
        125.6110
          0.0000
          0.0000
          0.0000
          0.0000
          0.0000
          0.0000
          0.0000
          0.0000
          0.0000
          0.0000
          0.0000
          0.0000
          0.0000
         -1.8155
          0.0000
          0.0000
        101.9297
         54.3051
          0.0000
          0.0000
          0.0000
          0.0000
          0.0000
          5.1514
          0.0000
          0.0000
          0.0000
          0.0000
          0.0000
          9.5578
         52.9645
        145.6939
        147.4809
         45.7500
         11.7624
         11.7369
        108.9507
        134.6944
        123.2721
         69.1327
          0.0000
          0.0000
          0.0000
          0.0000
          0.0000
          0.0000
         13.1827
         16.5770
         14.6899
         25.5570
        115.7080
        150.6637
         72.7044
         16.8204
         31.8733
          0.0000
          0.0000
          0.0000
          0.0000
          0.0000
          0.0000
          0.0000
          0.0000
         -1.4599
          0.0000
          0.0000
          9.4425
          8.7881
          6.0399
         13.1001
          7.1409
          0.0000
          0.0000
          0.0000
          0.0000
          0.0000
          0.0000
          0.0000
          0.0092
          0.0000
          0.0000
          0.0000
          0.0000
          0.0000
          0.0000
          0.0000
          0.0000
         -5.2929
         -0.8319
          0.0000
          0.0000
          5.8763
         33.8173
         74.0147
        140.1179
        112.1566
         31.3186
          0.0000
          0.0000
          0.0000
          0.0000
          0.0000
          0.0000
          0.0000
          0.0000
          0.0000
          0.0000
          0.0000
          0.0000
          0.0000
          0.0000
         -8.5668
         -1.3568
          0.0000
          0.0000
          0.0000
          0.0000
          0.0000
          0.0000
         -8.4780
         -0.5552
          0.0000
          1.5540
          3.7166
          3.4263
         11.9771
         15.7910
        -15.7228
          0.0000
          0.0000
         19.2073
         10.5396
          0.5473
         15.5375
         55.2636
         45.3348
          0.0000
          0.0000
          0.0000
          0.0000
          0.0000
         17.0066
         30.4989
          7.6709
         -1.3532
          7.2553
          0.0000
          0.0000
          0.0000
          0.0000
         20.7329
          3.0539
         -3.4658
         15.7445
          0.2584
          1.4469
         17.0169
         23.3608
         27.9001
        100.7540
          9.0258
         10.5110
         11.0301
          0.0000
          0.0000
         31.6286
         67.0528
         43.6638
         30.7166
         10.9565
         -5.7460
          3.4926
          4.8778
         -4.9220
        112.8240
        126.1986
         -3.5163
          0.0000
          4.0227
          0.0000
         27.8413
          2.4686
          0.0000
          0.0000
          0.0000
          3.5331
          1.6798
          0.0000
          0.0000
          0.0000
          0.0000
         -6.3220
         -1.2980
          0.0000
         26.3380
          7.5784
        -15.3867
         55.1024
        229.9390
         28.0106
          0.0000
          0.0000
         47.0702
         31.4581
         85.2329
        102.0444
        121.9294
         13.5201
          0.0000
          0.0000
          0.0000
          0.0000
          0.0000
          0.0000
          0.0000
         16.0517
         24.6809
          0.0000
         -5.6984
        -13.6611
          0.0000
          3.7962
          0.0000
          0.0000
          0.0000
          5.6220
         22.9381
         14.3338
         -6.1285
          5.4380
        186.9218
        197.2908
          0.0000
          0.0000
          0.0000
          0.0000
          0.0000
          6.1653
          0.0000
          6.1637
          0.6112
         34.0658
         84.1032
         35.9306
          0.0000
          0.0000
          0.0000
          0.0000
          0.0000
          0.0000
          0.0000
          0.0000
          0.0000
          0.0000
          0.0000
         30.0305
          0.0000
          0.0000
         22.1187
         23.9801
         26.3532
         -1.0014
        127.5468
         64.9308
          0.0000
          0.0000
          0.0000
         17.0509
         16.9632
         21.3859
          1.2293
          4.2632
         25.0506
          6.4726
         22.3752
         73.7361
          0.0000
          0.0000
          0.0000
         -0.9437
          0.0000
          0.0000
          0.0000
          0.0000
          0.0000
          4.7831
          7.8216
          0.0000
          0.0000
          1.6444
         17.9960
          8.6920
         14.3932
         -5.2538
        -11.7585
          0.0000
          0.0000
          0.0000
          6.5727
         15.2873
         23.1480
         20.3996
         24.8178
         55.0924
          0.0000
          0.7142
          2.9776
         12.7948
         19.2570
         35.6660
         86.0141
        126.3788
          0.0000
          0.0000
          0.0000
          2.0633
         28.2350
         18.2316
         90.0420
        125.2310
          0.0000
          0.0000
          8.5337
         -5.3859
         -1.7802
          0.0000
          3.3026
         -0.7693
          0.0000
          0.0000
          0.0000
          0.0000
          0.0000
          3.5906
          2.9904
         -0.1595
          0.0000
          0.0000
          0.0000
          0.0000
          5.8749
         20.0855
          0.0000
          0.0000
          0.0000
          0.0000
         40.2484
         12.9852
          5.1864
         53.5279
        148.8661
          1.2086
          0.0000
         10.2191
         22.1688
          7.4271
          0.0000
          9.3862
          0.0000
          0.0000
          0.0000
          0.0000
          0.0000
          6.6459
         13.0833
         17.7208
         36.1166
         33.4651
         33.4651
          0.9654
          0.9654
          7.2595
          8.2865
         20.0939
         18.1320
         20.2955
         18.2685
          0.0000
          0.0000
          0.0000
          0.0000
          8.5112
         38.1390
         58.8321
         -0.4233
         22.5109
         24.0507
          9.0001
          5.4603
          2.8675
          0.0000
          0.0000
          0.0000
          0.0000
         17.3760
         18.7550
          8.2897
         25.5210
         70.8539
         38.3576
          0.0000
          0.0000
         14.0702
         16.3114
         26.4882
         54.4108
         87.9390
          0.0000
          0.0000
          0.0000
          0.9768
         18.1429
          7.3897
         14.5605
         19.1129
         43.3975
          0.3614
          0.0000
          0.0000
          0.0000
          0.0000
          2.4316
          1.0909
         -2.4634
          0.3479
         23.3952
         21.7887
         16.5239
         19.8489
         23.6111
         14.6154
         -0.8066
          0.0000
         35.1283
         77.0390
         37.2384
         90.9624
         57.5457
         59.2188
          0.0000
          0.0000
          0.0000
          0.0000
          8.8644
         14.0039
         37.5814
         60.8729
          0.0000
          0.0000
          0.0000
          0.0000
          6.3780
         11.3053
         66.1052
        123.4486
         28.7826
          0.0000
          0.0000
          0.0000
          0.0000
          0.0000
          0.0000
          0.0000
          0.0000
          0.0000
          0.0000
          0.0000
          0.0000
          0.0000
          0.0000
          4.7504
          8.7495
          6.1351
          0.0000
          0.0000
          2.5285
          2.7332
          8.6574
         18.0061
         62.2061
          0.0000
          0.0000
          0.0000
          0.0000
          0.0000
          0.0000
          0.0000
         -2.0145
          0.0000
          0.0000
         13.7653
        -12.3055
        -14.5978
         -4.7782
          0.0000
         42.3039
         40.6323
          0.0000
          0.0000
          0.0000
          0.0000
          0.0000
          0.0000
          0.0000
         41.8389
          0.0000
          0.0000
          0.0000
          0.0000
          0.0000
          0.0000
          0.0000
         42.7999
         75.5849
         41.8535
          5.1320
          0.0000
          0.0000
          0.0000
        100.1805
         91.9073
          0.0000
          0.0000
          0.0000
          0.0000
          0.0000
          0.0000
          0.0000
         50.1788
          0.0000
          3.7153
          1.8493
          0.0000
          0.0000
          0.0000
          0.0000
         10.4585
          0.0000
          0.0000
          0.0000
          0.0000
          7.2562
          1.8839
         10.6918
         93.8624
         98.2544
         67.4509
         18.9311
        -11.2949
         13.0817
        118.6005
         53.7060
          3.4619
          0.0000
          6.8182
         23.0776
          6.9431
         20.8959
         65.1784
         77.3182
          0.0000
          0.0000
          0.0000
          0.0000
          0.0000
         13.1718
          4.8631
         -7.5871
          0.0000
          0.0000
          0.0000
          0.0000
          1.0250
         18.2053
         16.1722
          2.0045
          0.0000
          0.0000
          0.0000
          0.0000
          0.0000
          0.0000
          0.0000
          0.7107
          0.0000
          0.0000
          0.0000
          0.0000
          1.5878
          9.6295
          8.8016
          3.9984
          4.3906
          1.9933
          9.9846
          0.0000
          0.0000
         14.3841
         19.8860
        124.0663
        129.2958
         30.6216
         10.3259
         13.9145
         17.8500
          8.4607
          0.0000
          0.0000
         57.3400
         13.6318
         19.7138
         36.2499
         43.0244
        -23.0888
         85.5265
         25.3885
          0.0000
          0.0000
          5.2183
          7.0877
         15.6130
         40.3462
        148.3862
         31.0950
          0.0000
          0.0000
          0.0000
          5.6255
         20.1954
          3.1804
         17.8102
         21.0685
          0.0000
          0.0000
          0.0000
          0.0000
          0.0000
          0.0000
          0.0000
          0.0000
          0.0000
          0.0000
          0.0000
          0.0000
          0.0000
         10.4965
         15.7304
         11.3082
         13.2081
          0.0000
          0.0000
          0.1471
          0.0000
          0.0000
          0.0000
         -0.7005
          0.0000
          0.0000
          0.0000
          0.0000
          0.0000
          0.0000
          0.0000
         -6.1554
         -0.5569
          0.0000
          0.0000
          0.0000
          0.0000
          0.0000
          0.0000
         -0.3565
          0.0000
          0.0000
          0.0000
          0.0000
          0.0000
          0.0000
          0.0000
         -4.2298
          0.0000
          0.0000
          0.0000
          0.0000
          0.0000
         22.7974
          0.0000
          0.0000
         52.8066
         83.6140
         70.1144
          0.0000
          0.0000
          0.0000
          0.0000
          0.0000
          0.0000
          0.0000
          0.0000
          0.0000
          0.0000
         10.5354
         15.8382
         25.1766
          0.0000
          0.0000
          2.5679
         11.7941
          6.9010
         16.5868
         13.8111
        110.1254
          5.9481
          0.0000
          0.0000
          0.0000
          0.0000
          0.0000
          3.1061
          1.5169
          0.2597
         10.4714
         16.3613
         12.9819
         18.3986
         22.7414
         23.4496
         13.6195
          0.0000
          0.0000
          0.0000
          0.0000
          8.8718
         23.6800
         41.4218
          2.0566
          0.0000
         11.8394
         32.6727
         18.8947
          3.0505
         -0.8652
          0.0000
          0.0000
          0.0000
          0.0000
         19.7346
         12.1551
         -5.3314
         35.6629
        121.5046
         62.6403
          0.0000
          0.0000
          0.0000
          0.7796
          1.1141
         15.9692
        112.3245
          0.0000
          0.0000
          0.0000
          0.0000
          0.0000
          0.0000
          0.0000
          0.0000
          0.1095
         -0.6776
          0.0000
          0.0000
          0.0000
          0.0000
          0.0000
          0.0000
         -4.6350
          0.0000
          0.0000
          0.0000
          0.0000
          0.0000
          0.0405
          6.5810
         98.4421
        111.1306
         23.3789
         14.8311
          2.2234
         -8.6837
        -28.2056
         20.2905
        129.7396
        164.9867
        109.8129
          0.0000
          0.0000
          0.0000
          0.0000
          0.0000
          0.0000
          0.0000
          0.0000
         -1.1995
         -3.0102
          7.4161
          3.2010
         51.4944
        106.7022
         72.7980
         -1.3452
        -18.8843
        -15.8711
        -14.6596
        -17.7475
         -5.0691
         16.2274
         17.7118
         11.2943
         35.7297
         22.9663
         -4.7967
          3.3900
          0.0000
         58.7153
         26.0621
          0.0000
          0.0000
          0.0000
         25.4926
         31.9436
          0.0000
         -1.0452
          0.0000
          1.8131
          2.4861
          9.8288
          9.0351
          4.6085
        -13.3169
        -29.2110
         -4.4998
         62.6664
        225.4354
         88.1689
         31.6451
         49.8827
         39.2799
        274.3866
        259.0269
        119.2237
          0.0000
          0.0000
          0.9947
         18.1967
          6.4733
         94.3451
        101.7589
         12.2220
        -14.0190
         -4.4662
         -4.8919
         11.1900
         11.6992
         67.1660
         64.7838
          0.0000
          0.0000
          0.0000
          0.6832
         13.6655
        125.2521
         -0.2298
         -1.1041
          0.0000
         17.3164
         33.5419
          0.0000
          0.0000
          0.0000
          1.9786
          0.0000
          0.0000
          4.4615
         10.3663
         -0.4842
          1.1695
         94.2838
         48.5668
          0.0000
          0.0000
          0.0000
          0.0000
          0.0000
          0.0000
          0.0000
         38.0386
         10.3240
         -7.0084
        -12.5883
         -5.6316
          5.2278
          3.1385
        -23.9519
         31.8860
         64.2815
         26.8241
         -8.8841
         19.5569
         26.5789
         -2.1895
          0.0000
         92.4767
          0.0000
          0.0000
          3.6195
         13.1733
          7.5055
          7.9187
         10.9826
         75.0525
          6.0747
         17.2980
         21.2037
         23.6494
         45.7616
         78.3133
          0.0000
          0.0000
          0.0000
          0.0000
          0.0000
          0.0000
          0.0000
          0.0000
          0.0000
         -1.8601
          3.0459
          5.8936
          2.5613
         21.1350
         38.1072
         24.0867
         20.1830
         53.6274
         36.7804
          1.2069
        -10.2422
          8.8929
         46.1368
          4.2921
         -1.5341
         18.7113
        113.8719
         20.6367
         12.9530
          9.2445
         10.1703
         10.0603
         35.3833
         74.7373
          2.6744
         19.6066
         10.0302
          4.5927
         22.5407
        -16.5110
         53.1401
         85.3897
        128.4838
          0.0000
         46.1721
          0.0000
          9.7106
         29.2977
          9.0782
        -15.8887
         24.4547
         32.3383
         23.8738
         -3.2094
          8.1299
         -0.7715
         -7.2862
          5.1592
         26.6232
          1.3430
         17.3545
         17.0665
        -23.9761
        -57.3897
          2.7320
          1.5714
          0.0000
          0.0000
          0.0000
          0.0000
          7.8129
         38.8045
         83.5872
         31.7274
          0.0000
          0.0000
          0.0000
          0.0000
          0.0000
          0.0000
          0.0000
          1.6826
         17.2701
          0.1855
         38.8207
          0.0000
          0.0000
          0.0000
          0.0000
         33.5775
         67.5679
        107.2355
         90.7016
         70.9874
         25.1144
         -4.2059
         -2.6397
        136.0835
        187.6652
        119.8265
        180.8846
        151.4980
        112.3026
         26.0159
          0.0000
         -6.5485
          0.0000
          0.0000
          0.0000
          0.0000
          0.0000
          0.0000
          0.0000
         -4.3452
          0.0000
          0.0000
          0.0000
          0.0000
          8.5615
          2.6297
          0.0000
          0.0000
          0.0000
          0.0000
          0.0000
          0.0000
          0.0000
          0.0000
          0.0000
         23.6906
         49.9394
         14.4005
         20.1336
         39.1298
        109.3393
        141.8002
        217.2495
        105.9693
          0.0000
          0.0000
          0.0000
          0.0000
          4.9503
         11.4258
        124.7299
          0.0000
          0.0000
          0.0000
          0.0000
          0.0000
          0.0000
         13.4902
         49.0510
         53.5603
         19.2517
          5.6039
         -5.0636
          0.0000
         41.4491
         96.0410
        102.4141
         70.7575
         62.8521
          0.0000
          0.0000
          0.0000
          0.0000
          0.0000
          0.0000
          0.0000
          0.0000
          0.0000
          0.0000
          0.0000
          0.0000
          0.0000
          0.0000
         -6.1353
         -1.2313
          5.6587
         -1.3416
          4.5959
          1.3338
          5.7321
          5.2172
         -0.1220
         -0.2025
         11.6310
          1.0706
          0.0000
          0.0000
          0.0000
          0.0000
          0.0000
          0.0000
          0.0000
          8.0929
          2.3213
          0.0000
          0.0000
          0.0000
          0.0000
          0.0000
          0.9949
         12.8792
         12.4583
          4.1495
         -1.7975
          0.0000
          0.0000
          0.0000
          0.0000
         26.7156
         17.4106
         -0.5631
          7.1070
          1.1888
          0.0000
         18.2053
          6.9932
          0.0000
          1.1873
          0.0000
         12.9563
          8.1749
          0.0000
         24.4062
         70.8692
         99.0597
          7.5028
         35.8385
         16.7204
         13.8977
         12.3082
          0.0000
          0.0000
          0.0000
          0.0000
          2.7877
         15.6668
         32.6702
          0.0000
          0.0000
          0.0000
          0.0000
          5.6525
          0.0000
          3.3260
          0.0000
          0.1719
         18.8117
         24.4942
         18.6225
          9.8975
        104.3458
        102.3461
         12.1165
          1.8772
          0.0000
          5.8174
          0.2492
         -7.2877
         73.3862
        131.1863
         33.0493
          0.0000
          0.0000
          0.0000
          0.0000
          0.0000
          0.0000
          0.0000
          0.0000
          0.0000
         29.2410
          0.0000
          0.0000
          0.0000
          0.0000
          0.0000
          0.0000
          0.0000
          0.0000
          0.0000
          9.3877
         30.1320
         21.5243
         29.3040
        138.2899
          0.0000
          0.0000
          0.0000
          0.0000
         26.1549
          0.3187
          0.0000
         59.3861
         55.1839
          0.0000
          0.0000
          4.4428
         12.6270
          8.3711
         27.0610
         87.8756
         76.2102
          0.0000
          0.0000
          0.0000
          0.0000
         20.9306
         20.3447
         13.9783
         15.2879
        -10.2888
          0.0000
          0.0000
          0.0000
          0.0000
          6.6076
          0.7929
         31.4883
         28.0935
          0.0000
          0.0000
          0.0000
          0.0000
          2.8250
          0.0000
         65.0375
          0.0000
          0.0000
          0.0000
          0.0000
          0.0000
          7.4882
          8.4695
          0.0000
          0.0000
          1.9705
         10.9905
         16.2376
          8.9925
         28.0791
         55.5180
         33.3928
         -3.7665
          0.0000
         47.5835
         19.2135
          3.2847
         24.2691
         39.8652
          0.0000
          0.0000
          0.0000
         16.0858
         13.1313
          0.0000
         17.2090
        143.2175
          0.0000
          0.0000
          0.0000
          0.3257
          1.5299
          0.0000
          4.4421
          0.0000
         36.8506
          0.0000
          0.0000
          6.0081
          1.9115
          8.1532
         13.6479
          0.6280
          3.2807
          7.5566
         47.9646
         85.0998
         28.2501
        -10.8252
         18.4255
         68.6556
         28.3705
         85.3638
          9.2015
          0.0000
          5.0385
         41.5819
         79.0334
         33.5193
         -1.2462
          1.0294
          0.0000
          0.0000
          0.7541
         36.9074
         18.5099
         15.9694
         16.4722
         49.8756
         48.5298
         65.1945
         41.7080
         68.8468
         90.5880
         43.7933
         -0.8701
          0.0000
          2.0247
          3.6511
          1.8389
          0.0000
          4.0488
         17.2292
        101.5852
        163.4868
        108.3223
          0.0000
          0.0000
          0.0000
          1.8014
          0.0000
         -3.6504
          0.0000
          0.0000
          0.0000
          0.0000
          0.0000
          2.1000
          0.0000
          5.4828
          0.0000
          0.0000
          5.6754
          0.0000
          0.2555
         -9.9426
         36.4674
          0.0000
          0.0000
          0.0000
         32.7945
         59.3693
         88.2172
        127.6470
        208.8818
          0.0000
          0.0000
          0.0000
          0.0000
          0.0000
          0.0000
          7.8093
          6.3147
          0.0000
          0.0000
          0.0000
          0.0000
          0.0000
          0.0000
         18.4262
         42.3576
         70.8203
         -3.0302
          0.0000
         25.0307
         19.2761
         31.1939
         11.2451
         -1.9590
         -3.3223
          0.0000
          0.0000
          0.6910
         12.4360
         42.2183
         48.1681
        125.8066
         30.0132
          0.0000
          0.0000
          0.0000
          0.0000
          0.0000
         12.1553
         81.1362
         58.3113
          0.0000
          0.0000
          0.0000
          0.0000
          0.0000
          0.0000
          0.0000
         -2.4629
          0.0000
          0.0000
          5.7073
         13.8929
         12.6805
         12.0754
          0.4900
         -1.7981
          3.0300
         17.5771
         34.3370
         29.9448
         19.4120
         19.7963
         14.4508
          0.0000
          0.0000
          0.0000
          0.0000
          0.0000
          0.0000
          0.7492
          4.5288
         -1.4282
          0.0000
          0.0000
          0.0000
          0.0000
          4.0626
         60.2801
         28.4696
          0.0000
          8.9680
         52.7456
          5.3493
          4.6013
          0.0000
          0.0000
          1.3633
          1.6239
         40.6083
         29.4451
         17.8659
         18.1592
         23.9905
         12.5334
         -1.5730
          6.4142
         11.2464
         39.5023
        130.9437
        169.4895
        170.7764
        155.1347
        169.6058
          0.0000
          0.0000
          0.0000
          0.0000
          0.0000
          0.0000
          0.0000
          0.0000
         -0.9585
          0.0000
          3.0813
          0.0000
          0.0000
          0.0000
         16.3865
         42.3476
         91.3824
         71.4645
         12.2615
          0.0000
          0.0000
          0.0000
          0.0000
         54.1077
        101.7787
          0.0000
          0.0000
          0.0000
          0.0000
          0.0000
          6.5598
          7.9987
         59.3391
          0.0000
          0.0000
          0.9573
         10.7032
          5.4538
         22.1635
         38.7252
         22.8114
         13.3575
         35.8671
         39.6655
         -0.8329
         -4.4159
          7.7307
         16.5740
         20.9582
          7.4444
         19.7696
         59.1555
        110.1044
         26.9549
         17.5166
         33.2069
         71.9649
          0.0000
          0.0000
          1.6112
          7.9740
          1.2824
         11.3703
          4.7098
          3.5400
         68.5701
         23.0185
         36.3757
          7.7124
          7.4692
          1.4408
          0.0000
         -2.1698
          0.0000
          0.0000
          2.3179
         13.7523
          6.2980
          9.9093
          6.9427
         29.4313
          0.0000
          0.0000
          0.0000
          0.0000
         10.8102
          7.0914
          7.4762
          5.3908
         -0.2807
          0.0000
          0.0000
          0.0000
          0.0000
         15.1552
         21.6260
         14.0901
         -0.4516
          0.0000
          7.4162
         10.7473
          0.2099
          5.3665
         21.3907
          4.2211
         13.2503
          9.5678
          6.8300
          4.2341
          0.1975
          7.4093
         17.9490
        149.5345
          0.0000
          0.0000
          5.7592
          1.0026
          0.0309
         -3.6841
          0.0000
          0.0000
          0.0000
          0.0000
          6.6602
          5.1109
          0.0000
          0.0000
          0.0000
         -1.1230
          0.0000
          0.0000
          0.0000
          1.1759
          0.0000
          0.5406
          0.0000
          0.0000
          0.0000
          9.0539
         11.2903
         18.8717
         30.5755
         29.9314
         11.2359
          0.0000
          0.0000
          0.0000
          8.8581
         22.5268
          6.8655
         -4.5410
         25.1880
         23.3879
          0.0000
          0.0000
          0.0000
          0.0000
          0.0000
          0.0000
          0.0000
         -2.9334
          0.0000
          0.0000
          0.0000
          0.0000
         13.3777
         18.6722
         19.6235
         19.4456
          0.0000
          0.0000
         11.0044
         24.1047
         -3.5061
        -15.2207
         -1.9993
         24.8036
          0.0000
          0.0000
         19.5234
         31.6832
         19.2176
          0.0000
          0.0000
          0.0000
          0.0000
          0.0000
          0.0000
          0.0000
          0.0000
          0.0000
          0.0000
          0.0000
          0.0000
          0.0000
         13.8143
          5.2581
         16.3778
         37.3990
         11.6697
          0.0000
          0.0000
          0.0000
          0.0000
          0.0000
          7.3125
         19.3084
         24.5848
         59.6743
          0.0000
          0.0000
         10.0674
          0.8327
          0.0000
          0.0000
          0.0000
         -1.5727
          0.0000
          2.9272
          0.0000
          0.0000
          0.0000
          0.0000
          0.0000
         -2.0527
          4.0134
          3.9831
          0.0000
          0.0000
          0.0000
          0.0000
          6.9548
          8.3220
          7.2629
         12.1441
         12.5694
         12.1716
          3.8278
         28.8939
        106.9050
        143.4427
          6.7667
          9.6873
         15.4997
          0.0000
          0.9925
          6.8615
         -4.1822
         -4.0863
          3.2190
         17.4149
         30.3567
         20.8608
         15.4233
         33.3597
         20.8832
         -5.5247
          0.0000
          0.0000
         34.7465
         39.1826
         25.4322
        106.8825
        154.1143
          0.0000
          0.0000
          0.0000
          0.0000
          0.0000
          0.0000
          5.6828
         -0.2450
         -0.1403
         13.3742
          9.9015
          7.5255
         15.8857
         27.1859
         68.1229
        119.4437
         62.1094
          0.0000
          0.0000
          0.0000
          0.0000
          0.0000
          0.0000
          1.0778
         -1.4976
         -2.5100
          0.0000
          5.5091
          2.9265
         -0.4149
         -0.2043
         -1.8352
         -8.4503
          0.0000
          0.0000
          0.0000
          0.0000
          0.0000
          0.0000
         20.2848
         15.2866
         -0.7960
          6.6476
         32.4455
         40.1331
         38.8482
         83.5846
        162.6025
         -3.3916
          0.0000
          0.0000
          0.0000
          0.0000
          0.0000
          0.0000
          6.5415
         11.2866
          0.0000
          0.0000
          0.0000
          0.0000
          0.0000
         11.7775
         11.5122
          6.0532
          1.9808
          1.2243
          3.4487
          0.0000
          0.0000
          4.0631
         -0.4612
         -2.6355
          0.0000
          0.0000
          0.0000
          0.0000
          0.0000
          0.0000
          0.0000
        -10.0762
          0.0000
          0.0000
          0.0000
          0.0000
          0.0000
          0.0000
          7.0226
          1.6474
         -1.1157
          6.9168
         19.0300
          2.2933
          0.0000
          6.0632
         10.7648
         17.2456
         26.9321
          0.0000
         12.7341
         13.5317
          2.0471
          0.0000
          0.0000
         -2.0248
          6.3455
         20.1573
         33.6209
          5.8433
         -3.3892
         13.7869
         13.5391
          3.9217
          7.0515
         17.5735
         13.4109
         27.0072
          3.5077
          3.3278
          4.8502
         11.2682
        104.9275
         14.0298
         10.6644
         14.3938
         18.4155
          5.1865
         -0.6723
         -3.2776
          0.0000
          0.0000
          0.0000
          0.0000
          0.0000
          0.0000
          0.0000
          8.2215
         11.0395
         27.4730
         13.0789
          0.0000
          0.0000
          0.0000
          0.0000
          0.0000
          0.0000
          0.0000
          3.2764
          9.2091
          0.0000
          0.0000
          2.1622
          0.5263
         -4.5986
          0.0000
          0.9815
          6.4475
          0.0000
          0.0000
          0.3698
         -7.1597
         -0.9304
          0.0000
          0.0000
          0.0000
          0.0000
          0.0000
          0.0000
         -5.4731
          0.1290
         -3.2931
          0.0000
          0.0000
          0.0000
          3.6013
          5.3542
          3.0160
          6.1544
          1.6224
         -2.9077
         -2.7090
          0.0000
          0.6251
          9.1824
          5.3142
         45.0977
          0.0000
          0.0000
          0.0000
          0.0000
          0.0000
          0.0000
         -3.2026
         -0.7972
          7.2667
          9.8441
         32.5330
         74.8523
         89.5616
         16.0311
          0.0000
          0.0000
          0.0000
          0.0000
          0.0000
          0.0000
          0.0000
          3.8804
         -0.1566
         -1.1155
          0.0000
          0.6470
          3.6961
          7.7841
          3.2441
         -4.3928
         -2.9937
          7.4271
         13.3953
          0.0000
          0.0000
          0.0000
          0.0000
          0.0000
         29.8386
         83.7479
         -2.3645
          0.0000
          0.0000
          0.0000
          0.0000
         36.0445
         73.5814
         64.3091
         -1.9658
          0.0000
          0.0000
         59.4564
          9.4813
         -2.2862
         -2.0287
          5.4610
         17.8998
         20.6394
         19.1044
         95.7322
         83.1194
         79.0565
        139.6520
         41.9994
         18.4047
          2.4628
         33.4383
         57.9747
         13.7007
          0.0000
          8.3352
          0.0000
          6.3536
         40.1100
        108.8880
         70.4464
          4.2755
          8.2505
         -1.3372
          0.0000
          0.0000
          0.0000
          0.0000
          0.0000
          0.0000
        132.1297
        153.2593
          0.0000
          0.0000
          0.0000
          0.0000
          0.0000
          0.0000
          0.4541
         91.9479
        113.6809
          0.0000
          0.0000
          0.0000
          0.0000
          5.2256
         11.3231
         25.9013
         22.1339
         22.1767
         21.3839
         11.4955
         -9.9962
          0.1235
          0.0000
          0.0000
          0.0000
          0.0000
          0.0000
          0.0000
          0.0000
          0.0000
          0.0000
          0.0000
          0.0000
          0.0000
          0.0000
          0.0000
          0.0000
          0.0000
          0.0000
        123.2651
         35.3269
          0.0000
          0.0000
          0.0000
          0.0000
          0.0000
          0.0000
         19.6573
          0.0000
          0.0000
          0.0000
          0.0000
          0.0000
          0.0000
          0.0000
          0.0000
          0.0000
          0.0000
          7.1268
          0.0000
          0.0000
          0.0000
          0.0000
         19.0653
         20.8144
          1.3690
          0.0000
          0.0000
          0.0000
          0.0000
          0.0000
          0.0000
          0.0000
          0.0000
          0.0000
          0.0000
          0.0000
          0.0000
          0.0000
          0.0000
          0.0000
          0.0000
          0.0000
          0.0000
          0.0000
          0.0000
          0.0000
         30.4521
         26.6574
         19.7418
         23.1248
         -0.2182
          0.0000
          0.0000
          0.0000
          0.0000
          0.0000
          0.0000
          0.0000
          0.0000
          0.0000
          0.0000
          0.0000
          0.0000
          0.0000
          0.0000
          0.0000
          0.0000
          0.0000
          0.0000
          0.0000
          0.0000
          0.0000
          0.0000
          0.0000
          0.0000
          0.0000
          0.0000
          0.0000
          0.0000
          0.0000
          0.0000
          0.0000
          0.0000
          0.0000
          0.0000
          0.0000
          0.0000
          0.0000
          0.0000
          0.0000
          0.0000
          0.0000
          0.0000
          0.0000
         -1.2398
          0.0000
          0.0000
          0.0000
          0.0000
          0.0000
          0.0000
          9.6847
         58.1730
         32.7243
          0.0000
          0.4484
          5.0301
          0.0000
          5.2142
          8.8398
         50.5874
         14.6273
          1.6552
          0.0000
          0.0000
          0.0000
          0.0000
          0.0000
         -1.3517
         -5.0349
          0.0000
          0.0000
          0.0000
          0.0000
          0.0000
          0.0000
          0.0000
          0.0000
          0.0000
          1.3832
          3.1657
          0.0000
          3.7186
         -1.1924
         -6.3995
          0.0000
          0.0000
          0.0000
          0.0000
          0.0000
         21.0528
         16.6557
         17.0592
          0.0000
          0.0000
          0.0000
          0.0000
          1.5993
         28.6856
         52.6233
        146.5680
          0.0000
          0.0000
          0.0000
          1.2027
          0.0000
          0.0000
          0.0000
         -6.0281
          2.4854
         -0.5795
          0.0000
          0.0000
          0.0000
          0.0000
         21.4484
         26.4572
          0.0000
          0.0000
          0.0000
          0.0000
          0.0000
          0.0000
          0.0000
         14.1402
          1.9388
          0.0000
          0.0000
          0.0000
          0.0000
          0.0000
          0.0000
          0.0000
          0.0000
          0.0000
          0.0000
          0.0000
          0.0000
          0.0000
          0.0000
          0.0000
          0.0000
          0.0000
          0.0000
          0.0000
          0.0000
          0.0000
          0.0000
          0.4572
          0.0000
          0.0000
          2.3548
         66.0082
          8.8361
          8.4526
          1.3006
         89.1635
          4.3943
         68.4267
         61.9494
         16.0774
          0.0000
          5.5706
         26.8496
          2.2144
         19.3089
         -2.7600
          0.0000
          0.0000
          0.0000
          0.0000
          0.0000
         -5.1632
          0.0000
          0.0000
          0.0000
          0.0000
          0.0000
          0.0000
          0.0000
          0.0000
          0.0000
          0.0000
          2.0118
         22.1700
         81.2552
         77.0414
         12.6986
        -12.4281
          3.3302
          0.0000
          6.2905
         13.8259
         32.9751
         35.6651
        162.0996
         45.5937
          0.0000
          0.0000
          0.0000
          4.4096
          0.0000
          7.5108
          9.4069
         -1.1741
          0.0000
          6.6482
          2.7774
          0.0000
          0.0000
          0.0000
          0.0000
          0.0000
          0.0000
          0.0000
          0.0000
          0.0000
          0.0000
          0.0000
          0.0000
         21.8374
          2.1796
          0.0000
          0.0000
          0.0000
          0.0000
         19.4711
         27.3789
         63.7588
          0.0000
          0.0000
         25.4947
         18.8693
         -3.9960
         -0.8745
          0.0000
         18.4777
          0.0000
          0.0000
          0.0000
          0.0000
          0.0000
          0.0000
          0.0000
          0.0000
          0.0000
          0.0000
          0.0000
          0.0000
          5.1430
          9.7265
         -0.8060
         -0.2873
          0.0000
          3.5116
          0.0000
          0.0000
          0.0000
          0.0000
          0.0000
          2.7534
         -0.5357
          0.1964
          0.0000
          0.0000
          0.0000
          0.0000
          2.6407
         -1.4734
          0.0000
          0.0000
          0.0000
          0.0000
          0.0000
          0.0000
          0.0000
          0.0000
          0.0000
          0.0000
          0.0000
          0.0000
          0.0000
          0.0000
          0.0000
          0.0000
          0.0000
          0.0000
          0.0000
          0.0000
          0.0000
          0.0000
          0.0000
          0.0000
          0.0000
          0.0000
          0.0000
          0.0000
          0.0000
          0.0000
          0.0000
          0.0000
          0.0000
          0.0000
          0.0000
          0.0000
          0.0000
          0.0000
          0.0000
          0.0000
          0.0000
          0.0000
         14.7839
         25.2839
          9.0067
          0.0000
          0.0000
         -3.4945
          0.0000
          0.9339
          2.0994
          0.0000
          0.0000
         10.6953
         55.2789
          8.2361
          0.0000
          0.0000
          0.0000
          0.0000
          0.0000
          1.6390
          0.0000
          0.0000
          0.0000
         23.0036
          0.0000
          0.0000
          0.0000
          0.0000
          0.0000
          0.0000
          0.0000
          0.0000
          0.0000
          0.0000
          0.0000
          0.0000
          0.0000
         -1.7427
          0.0000
          0.0000
          0.0000
          0.0000
          0.0000
          0.0000
          0.0000
          0.0000
          0.0000
          0.0000
          0.0000
          0.0000
          0.0000
          0.0000
         24.0507
          5.9712
          0.0000
          0.0000
          0.0000
          0.0000
          0.0000
          0.0000
          0.0000
          0.0000
          0.0000
          0.0000
          0.0000
          0.0000
          0.0000
          0.0000
          0.0000
          7.4317
          0.0000
         -0.6975
          0.0000
          0.0000
          0.0000
          0.0000
          0.0000
          0.0000
          0.0000
          4.2552
          0.0000
          0.0000
          0.0000
          0.0000
          5.1590
         15.0204
          0.0000
          0.0000
          0.0000
          0.0000
          0.0000
          0.0000
          0.0000
          0.0000
          0.0000
          0.0000
          0.0000
          0.0000
          0.0000
          0.0000
          0.0000
          0.0000
          0.0000
          0.0000
          0.0000
          0.0000
          0.0000
          0.0000
          0.0000
          0.0000
          0.0000
          0.0000
          4.0414
          6.6260
          0.0000
          0.0000
          0.0000
          0.0000
          0.0000
          9.2683
          8.4751
          0.0000
          0.0000
          0.0000
          0.0000
          0.0000
          0.0000
          0.0000
          0.0000
          0.0000
          0.0000
          0.0000
          0.0000
         -4.2679
          0.0000
          0.0000
          0.0000
          0.0000
          0.0000
          5.6110
          0.0000
         13.9522
          0.0000
          0.0000
          0.0000
          0.0000
          0.0000
          0.4905
          0.0000
          0.0000
          0.0000
          0.0000
          0.0000
          0.0000
          0.0000
          0.0000
          0.0000
          0.0000
          0.0000
          0.0000
          0.0000
          0.0000
          0.0000
          0.0000
          0.0000
          0.0000
          0.0000
          0.0000
          0.0000
          0.0000
          0.0000
          0.0000
          0.0000
         -1.7392
          0.0000
          0.0000
          7.7067
          8.8301
         12.2766
        131.1259
         42.8369
          0.0000
          0.0000
          0.0000
         29.4371
         24.1931
         30.8647
         20.2426
          0.0000
          0.0000
          0.0000
          0.0000
          0.0000
          0.0000
          0.0000
          0.0000
          0.0000
          0.0000
          0.0000
          0.0000
          0.0000
          0.0000
          0.0000
          0.0000
          6.5250
        -11.2197
          0.0000
          0.0000
          0.0000
          3.4091
          1.1976
        -10.1096
          0.0000
          0.0000
          0.0000
          0.0000
         17.6246
         14.5148
          4.1150
          7.6248
          0.0000
          0.0000
          0.0000
          0.0000
          0.0000
          0.0000
          1.0303
         22.7480
        142.8045
        111.0430
          0.0000
          0.0000
          0.0000
         25.2910
         29.9847
         12.9040
          5.7728
         56.7117
          0.0000
          0.0000
          0.0000
          0.0000
          0.0000
          0.0000
          0.0000
         -7.2162
          0.0000
          0.0000
          0.0000
          0.0000
          0.0000
          0.0000
          1.7701
         13.9954
         14.5917
          7.8317
          0.0000
          0.0000
          0.0000
          0.0000
          4.3216
          9.4642
          8.6868
         12.1766
         10.5233
          1.2778
          0.0000
          0.0000
          0.0000
          7.5194
          2.4170
          9.2330
         24.4315
          1.2891
          0.0000
          0.0000
          0.0000
          3.7779
          0.6741
          0.4919
          0.4081
          0.0000
        119.7845
        107.1180
         72.0271
          0.0000
          0.0000
          0.0000
          0.0000
          0.0000
          0.0000
          0.0000
         16.6209
          1.0523
          0.0000
          0.0000
          0.0000
          0.0000
          0.0000
          0.0000
         23.9782
         88.5544
          0.0000
          0.0000
          0.0000
          0.0000
          0.0000
          0.0000
          4.0752
          0.7772
          0.0000
          0.0000
          0.0000
          0.0000
          0.0000
          0.0000
          6.0745
         22.9473
         -0.6653
          0.0000
          5.6249
         13.3754
        147.1526
          1.2839
         21.0090
          6.8857
        -15.8494
         13.3499
         23.9255
         11.0618
         83.3785
        218.1162
         -9.9540
          0.0000
          3.8717
          0.0000
          0.0000
          0.0000
          0.0000
          0.0000
          0.0000
          0.0000
          0.0000
          0.0000
          0.0000
          0.0000
          0.0000
          0.0000
          0.0000
          0.0000
          0.0000
          0.0000
         11.2320
         19.9418
          5.7767
         18.3246
        147.0956
        218.0616
        121.6611
          0.0000
          0.0000
         13.8392
         69.9348
        145.9929
        111.6854
          0.0000
          0.0000
          0.0000
          0.0000
          0.0000
          0.0000
          0.0000
          0.0000
          0.0000
          0.0000
          0.0000
          0.0000
          0.0000
          0.0000
          0.0000
         11.2074
         55.4903
        154.2901
         19.2963
          0.0000
          0.0000
          0.0000
          0.0000
          0.0000
         25.2020
          0.0000
          0.0000
          0.0000
         16.9250
          1.9590
         15.7685
         92.4867
        165.3445
         43.2873
         67.0231
        111.2345
         22.7581
          7.6268
         21.4708
         99.9912
        266.1738
         25.4293
          0.0000
          0.0000
          1.1487
          7.9457
         -9.4546
         71.7509
        407.2488
        311.3474
          0.0000
          0.0000
          0.0000
          0.0000
         10.9993
          0.0000
        110.2300
        218.5800
         78.2405
         43.5114
         52.0512
        190.9118
        315.3146
        355.8894
          0.0000
          0.0000
          0.0000
          0.0000
          0.0000
          0.0000
          0.0000
          0.0000
          0.0000
          0.0000
          0.0000
          0.0000
          0.0000
          0.0000
          0.0000
         17.4582
          6.3280
          3.1094
         58.2872
         24.0605
          3.3992
          7.4039
          3.2779
          0.0000
          0.0000
          0.0000
          0.0000
          6.9258
         13.7327
          0.0000
         10.8452
          3.7583
          0.0000
         15.7983
         24.0912
         11.3262
          7.8247
         18.0127
         27.4640
        127.5275
        241.2390
          9.3940
          0.0000
          0.0000
          0.0000
          0.0000
          0.0000
          0.0000
          0.0000
          0.0000
          0.0000
          0.0000
          0.0000
          0.0000
          0.0000
          4.0057
         84.8482
        108.3053
          0.0000
          0.0000
          0.0000
          0.0000
         25.6221
         43.6148
          3.9931
          0.0000
          0.0000
          0.0000
          0.0000
          0.0000
          0.1949
          0.0000
          0.0000
          0.0000
          0.0000
          0.0000
          0.0000
          0.0000
          0.0000
          0.0000
          0.0000
          0.0000
          0.0000
          0.0000
          0.0000
          0.0000
          0.0000
          0.5995
          0.0000
          0.0000
          0.0000
          0.0000
          0.0000
          0.0000
          2.3491
         11.6750
          7.3136
          3.5621
         19.2722
         39.8172
         34.2043
         -3.9274
          9.3400
         13.0778
         51.1827
        314.6279
        341.1068
        358.4266
        243.6145
         66.4412
          0.0000
          0.0000
         27.7922
         49.4903
          0.0000
         31.4465
         40.7435
          2.6023
          9.8203
         -2.0551
         59.0002
         16.2795
         30.5850
          0.0000
          0.0000
          0.0000
          4.4594
          5.1721
          0.0000
          0.0000
          0.0000
          0.0000
         -0.8747
          0.0000
          0.0000
          0.0000
          0.0000
          0.0000
          0.0000
         48.8771
         59.5899
          0.0000
          0.0000
          0.0000
          0.0000
          0.0000
          0.0000
          0.0000
          0.0000
          3.0245
         11.2436
         68.3755
        164.1091
          0.0000
          0.0000
         44.3235
        202.8284
        295.6419
        341.6056
        110.6509
          0.0000
          0.0000
         77.9216
        190.7883
          0.0000
          0.0000
         37.7140
         18.7522
          0.0000
          3.4078
          4.2096
         14.3580
          5.5720
         10.4757
         22.6327
         17.4241
          0.0000
          0.0000
          0.0000
          0.0000
          0.0000
          0.0000
          0.0000
          0.0000
          0.4409
          0.0000
          0.0000
          0.0000
          0.0000
          0.0000
          0.0000
          0.0000
        -13.7621
         -2.7437
          6.4069
          0.0000
          0.0000
          0.0000
          0.0000
          0.0000
          0.0000
          0.0000
          0.0000
          0.0000
          0.0000
          1.5965
          7.6466
          0.0000
          0.0000
          0.0000
          0.0000
          0.0000
          0.0000
          6.5026
         25.5277
        199.2614
          0.3745
          0.0000
          0.0000
          0.0000
          0.0000
         22.2668
         90.8658
          0.0000
          0.0000
          0.0000
          0.0000
         90.1295
        113.7756
          0.0000
          0.0000
          0.0000
          0.0000
          0.0000
          0.0000
         29.3503
         15.1222
          9.2887
         28.4521
        182.4457
          0.0000
          0.0000
          0.0000
          0.0000
          0.0000
          0.0000
          0.0000
          0.0000
          0.0000
          0.0000
          0.0000
          0.0000
          7.6872
          0.0000
          0.0000
          0.0000
          0.0000
          2.9041
         12.8652
         12.4209
          0.0000
          0.0000
          0.0000
          0.0000
        -16.1520
         -4.2157
          0.0000
          0.0000
          0.0000
          0.0000
          8.9575
          4.7790
          0.0000
          0.0000
          0.3804
          0.0000
          4.1994
         17.0945
         91.6161
        158.7916
          0.0000
          0.0000
          0.0000
          0.0000
         18.5781
         31.7839
          9.4914
          0.0000
          0.0000
          1.6431
         15.3013
         38.4012
         17.9075
         56.5810
         31.5982
          0.0000
          0.0000
          0.0000
          0.0000
         10.3761
          0.0000
          0.0000
          0.0000
          0.0000
          0.0000
          0.0000
         16.0233
         15.9127
          7.2183
         21.9947
         32.8579
         25.0916
        192.0178
          8.4881
         67.3735
          0.0000
         -1.8975
          2.0281
         10.8077
         13.5962
         41.8649
          0.0000
          0.0000
         14.9534
         22.4001
         15.9354
          1.6056
          0.0000
          0.0000
          0.0000
          0.0000
          7.7455
          2.8031
         11.1803
          0.0000
          0.0000
         -0.1790
          0.0000
          0.0000
          0.0000
          0.0000
          4.8429
          4.4057
          0.0000
          0.0000
          0.0000
          0.0000
         23.1758
         22.8249
         20.0799
         16.3654
          0.0191
          0.0000
          0.0000
          4.1377
         13.3647
         75.6213
         75.5722
         50.3943
         50.4174
         41.5753
          0.0000
          0.0000
         14.7772
          0.0000
         79.1741
         75.8426
          6.5524
          0.0000
          0.0000
          0.0000
          0.0000
          0.0000
          0.0000
          2.7386
         13.1785
         87.4612
         13.9058
          0.0000
          0.0000
          0.0000
          0.0000
         10.1774
          0.0000
          0.0000
          1.7015
          2.7215
         26.1302
         20.3993
         73.6753
        112.2024
        175.6003
        114.6626
         24.6237
          0.0000
          0.0000
          0.0000
          0.0000
          0.5906
          0.0000
         -2.1136
          0.0000
          2.5216
         22.3223
         12.5558
          2.3730
         13.9857
          0.0000
          0.0000
          0.0000
          0.0000
         30.8370
          9.8902
          0.1570
          6.7761
          0.0000
          0.0000
          0.0000
          0.0000
         23.4421
          8.4025
        177.6429
        162.0929
         26.1814
          0.0000
          0.0000
          0.0000
          8.6930
          9.0804
        117.5675
         84.8781
          0.0000
          0.0000
          0.0000
          0.0000
         14.1216
         10.8565
         13.2766
         21.2510
         30.4172
         11.2752
         11.2752
