          0.0000
          0.0000
          0.0000
          0.0000
          0.0000
          0.0000
         -3.8828
         -2.8508
          0.0000
          0.0000
          0.0000
          0.0000
          3.3100
         -0.4406
         -6.3556
         -4.0688
         13.0368
         10.0446
          7.2565
         21.8288
         11.7134
        -12.2273
         -8.9337
         -5.9062
         11.2984
         13.6436
          1.8744
         -3.0986
          2.1115
         -1.9801
         -6.8337
          2.8059
         17.0992
         24.5423
         12.7414
         21.6203
         15.7807
         28.9858
        143.5542
         -3.5968
          2.4415
         20.5336
         22.1967
         21.9202
        -19.0026
        -20.1930
         51.0015
         17.0224
         20.3677
         18.1014
         14.3758
         -0.8490
         21.5659
        105.7911
        160.3233
         42.7104
          7.4115
         22.3407
         18.3737
         28.3045
         46.9378
         57.1665
        130.7572
        122.0626
         48.8608
         30.5348
         15.6973
        -22.1264
        -29.1151
        -18.4156
         21.5520
         37.0211
        -18.1308
        -25.3203
          4.1062
         66.1579
         26.9441
        -13.3808
         59.6476
        124.7664
        144.7378
        136.3667
         92.6654
         35.5195
          0.0000
          0.0000
          0.0000
          0.0000
          0.0000
          0.0000
          0.0000
          0.0000
         11.2764
         21.6679
        105.9344
        107.3657
         38.9112
        101.3245
        180.5977
        171.9700
         56.8929
         -8.7879
         -0.5439
          0.0000
          0.0000
          0.0000
          0.0000
          0.0000
          0.0000
          0.0000
         77.3495
         59.5157
         51.7616
          2.7478
         -5.8435
        -13.7428
        -13.9862
        -11.8704
         76.9416
         66.0744
         11.9890
          5.3640
          0.0000
         17.1236
          0.7852
          3.3947
         15.0528
          0.0000
          0.0000
          2.0291
        -18.9378
        -31.6351
        -31.9180
        104.1020
         80.4475
         -7.6883
        -17.1682
        -17.7814
        -12.4086
         -8.7913
         -3.7759
        216.1771
         42.6538
          0.0000
          1.8788
         35.6497
         -2.4046
         14.3933
         42.1501
        149.1298
         50.7144
         -0.2540
         23.8442
         70.5122
         79.5704
          0.5788
          0.8787
         -2.1837
          0.0000
          0.0000
         15.7507
         50.3972
         10.5018
          0.0000
          0.0000
          0.0000
         -1.8626
          0.0000
          0.0000
          0.0000
          0.1807
          5.6754
          8.9964
        -14.9730
         -6.1425
        -28.1631
         -7.1469
         -3.4305
          6.3555
         14.3208
         -1.6859
          5.9872
          6.8690
          0.0000
          0.0000
          7.0516
         17.6889
         21.3135
          1.5741
        -13.9773
          0.0000
          4.5961
         13.6002
         15.4696
         35.6052
         11.1810
         -8.7589
         -2.5266
         68.8935
         60.5339
         87.4705
        123.4335
        102.1193
         94.2156
        -60.0339
        -61.6878
         52.7405
        102.7767
         25.5713
          2.7344
          5.9839
         -7.2746
         -7.8212
        -18.0802
        134.7905
        138.7750
         25.2147
         24.1573
         44.7693
         37.2920
         14.9596
        -14.9744
         80.0436
        110.5576
         15.7192
         37.3492
          8.8707
        -15.6961
        -11.5574
        -21.3735
         -2.4306
          0.0000
          0.0000
          0.0000
          0.0000
          0.0000
          0.0000
          0.0000
          0.0000
          0.0000
          0.0000
          1.3254
         14.7276
          3.2575
          9.1336
          9.6355
        103.3674
         44.6247
        -19.8686
          2.0697
        -30.3678
        -27.9605
        -12.0520
        -19.9188
         90.8240
          4.4407
          0.0000
          2.9317
         -0.6657
         13.2690
         55.8628
        -11.8422
         -2.2704
        -17.3299
         -9.7131
          5.3057
          7.4542
         -8.1288
        -11.5389
        -11.9419
          7.7448
         75.6940
        144.8222
        117.5847
         65.7396
         25.8646
          9.1297
        -22.8752
         20.6175
        122.1803
         13.0847
        -13.2170
        -20.1130
         -8.4150
        -32.3208
        -40.1118
          0.0000
        249.6355
         23.8251
         75.6729
         51.7108
          0.0000
          1.3738
          0.0000
        112.4032
         62.1860
          5.0359
        -12.9273
         -1.3949
          5.1375
         -4.6608
        238.9028
        281.7428
        156.8796
          0.0000
          0.0000
         14.1443
         16.8161
          5.6450
         -9.0970
          4.8471
         24.3879
        -17.7744
        -16.1205
        -26.2443
         -3.9319
          7.7927
         -3.7583
         27.1198
         17.0504
         10.5635
         30.1587
         38.3296
         48.2810
         40.2245
         34.2099
        148.3486
        106.5969
         53.3104
         14.0652
         -2.0329
        144.9926
        193.9919
        104.9561
         -4.7733
          0.0000
          0.0000
         30.2626
         25.9554
        109.5378
         97.1333
         -0.1150
         12.6166
         25.1566
         34.2039
          5.2313
        -22.4244
        -20.0646
        -43.9077
        -45.3889
          7.2156
         30.4297
        -23.0117
         20.9054
        126.1870
        110.1733
         26.8659
         72.3713
         29.8487
         75.5508
         51.7758
         33.7567
         14.3459
         12.9225
         12.1934
         25.9905
        160.4390
         89.2055
         -9.9543
        -29.7453
         -7.2728
         -3.4236
         -3.1493
         -3.4287
         64.9737
         90.7290
         44.0047
        -12.3990
          0.0400
         -4.1371
        -13.7675
        -32.2180
        115.8112
        171.4097
         21.0361
        -19.2436
          0.0000
         10.6970
         32.1862
          0.4585
         85.2604
         67.1978
         -8.9051
         -4.1550
          1.1170
         19.2222
          1.0662
         -9.3826
         -0.5721
          6.6926
          4.4120
         -7.7950
         -4.6246
         21.8455
         28.3202
          3.0828
          2.1802
         -2.4212
         12.1335
         28.1157
        118.2928
        226.7756
        124.3333
          0.0000
         -0.1317
          0.0000
          0.0000
          0.0000
          4.2627
         14.4411
         19.4977
        100.2782
         76.4901
         -9.9898
         -3.6141
         18.9793
         18.1033
          9.6240
         19.5249
        127.3182
         21.0213
          0.0000
          0.0000
         25.5583
          2.2445
          5.9161
          4.8362
        123.1834
         31.3766
          8.2605
         -3.7793
         -0.5172
        -14.1036
        -18.0364
        -26.0345
        -16.7568
        192.2427
         16.3772
         -5.2857
         23.5042
         76.2022
         52.3549
        103.7892
        246.0975
        170.3911
         89.7859
          0.0000
          0.0000
          0.0000
          0.0000
          0.0000
          2.2563
         37.7083
         40.7697
         21.6670
          5.0047
        -16.0884
        -12.9777
         -5.2907
        -13.5502
         48.7900
         70.9721
         -9.8070
         -2.1506
         34.1868
         62.2139
         -4.9637
         -2.7454
         98.0732
         79.8753
        211.5994
        268.3648
        223.2443
        128.2477
         84.1334
         26.8316
         21.4626
          0.0000
          0.0000
          0.0000
          0.0000
          0.0000
          0.0000
          0.0000
         57.0822
         57.1551
         12.0641
         16.7758
         10.2235
          6.3303
         58.7202
         80.2565
         68.3302
         96.4825
         21.3216
         30.8634
         64.5632
        103.5161
         -8.1873
        -10.3342
        124.0580
         97.0909
          0.0000
          0.0000
          0.0000
          7.0482
         -5.0836
        -12.1210
         28.3250
         29.3345
        -16.0918
         -2.3019
          0.0000
          9.8542
          0.8756
         -4.0044
        112.0137
        181.3306
        191.5673
        220.6115
        192.5090
        227.9754
        230.4620
         53.2932
          0.0000
          0.0000
          0.0000
          0.0000
          0.0000
          0.0000
          0.0000
          0.0000
         -4.7595
        -12.7485
        -11.7157
        -10.3888
         -5.2411
         -4.8642
          3.2958
         -4.6762
         38.9309
         64.1294
          6.6126
        -36.2694
        -23.0527
         -3.0012
        -18.9167
        124.7560
        230.3793
        145.6276
        154.4602
        161.6015
        193.5635
        201.3265
        165.4608
        109.2285
          0.0000
          0.0000
          0.0000
          0.0000
          0.0000
          0.0000
          1.9630
         -9.3389
         82.5230
         41.9891
        -21.4087
        -22.5100
        -21.8409
        -10.5163
          7.8705
        115.5645
        108.5580
         22.6142
        -15.7041
        -34.4672
         -7.9038
         -3.9603
        -23.7362
        -27.5666
        -12.8345
         -2.4361
          0.0000
          0.0000
          0.0000
          0.0000
          0.0000
          0.0000
         -4.2769
         -1.8999
         10.2070
         12.8339
         -3.5738
          2.6436
        -12.7111
          0.0000
          0.0000
          0.0000
          8.8188
         40.2216
         -4.1680
         20.0297
         -6.7791
        -10.5350
         -0.6580
          0.0000
          0.0000
         60.7414
         55.6128
        128.9394
        169.0017
        137.3074
          4.4859
         17.0290
         -0.7060
         11.9477
         29.5310
        138.7501
        163.8929
         10.6274
          0.0000
          0.0000
          0.0000
         26.4120
         20.9006
        145.1165
        130.5946
        -13.3562
          1.2735
         14.9577
         24.3620
         24.3596
         21.5804
         29.7323
        -12.2750
         63.3013
         49.3125
         47.0814
         40.2876
         21.6972
         38.1801
         94.0663
         39.3848
        -17.6115
         69.5242
        146.7914
         43.0087
         10.4219
         10.7778
         47.4415
        127.6617
         75.4667
         57.8792
         18.7327
          0.1579
          0.0000
          0.0000
          0.0000
          0.0000
          0.0000
         31.5647
          0.0000
          0.0000
          0.0000
          0.0000
          4.7976
         14.6481
         12.3003
        100.3154
        103.0652
         18.3645
         20.5427
         20.3244
         56.1376
        131.3426
        124.3446
         36.3743
        111.7824
        109.9107
        167.3275
         73.4674
          0.0000
          0.0000
          0.0000
          0.0000
          0.0000
          0.0000
          0.0000
          0.0000
          0.0000
          0.0000
        -24.7577
         29.7987
         21.5450
        -14.4714
        -14.4411
        -31.2798
        -52.8095
        -47.8273
        -34.7123
        -14.4424
        -21.9812
        -33.9654
         61.6153
        121.4561
         20.1249
        -21.3910
         58.0763
        101.4290
          0.9865
         20.4212
         12.5388
         21.9521
         73.3206
        130.7138
        290.9390
        115.2474
          0.0000
          0.0000
          0.0000
          0.0000
          0.0000
          0.0000
          0.0000
        167.3191
        139.6999
          0.0000
          0.0000
          0.0000
          0.0000
          0.0000
          0.0000
          5.8280
         -9.0151
        -25.8660
        -16.7001
        -28.3983
        -28.6587
        -38.2753
        -15.3452
         74.7259
         14.6545
        -26.4222
        -19.7797
        -24.8389
        -31.6597
        -25.5726
        -17.9140
         68.7333
         95.3301
         59.5433
        -37.1819
        -30.5804
        -35.7649
        -12.4554
          5.1351
         25.9981
         11.6777
         -4.2057
         -9.0154
        -10.3281
         16.2584
        -14.6321
        -21.8610
         15.0771
          8.6558
         20.8901
         55.4732
         -6.4357
        -17.0091
         -0.5474
         -1.4263
         10.0243
         17.6689
         15.4564
          4.0590
          1.7125
         27.2148
         29.0667
         88.1119
         29.7744
         20.6134
         31.3571
        114.8600
         56.6274
         -7.2320
         -1.8104
         14.9199
         71.7209
          5.1246
         -4.6462
         -3.6624
          0.0000
          0.0000
          0.0000
          0.0000
         -8.7701
          2.0919
          8.1659
          7.5906
        -12.8630
        -12.8193
          4.7908
         11.2143
         53.5686
         49.0054
         25.3292
        155.2993
        194.2257
         69.1348
        -20.9441
          0.0000
         63.3621
         32.8412
          7.3077
         -6.3927
        157.6184
        128.2372
         39.4902
        110.4092
        275.1292
        181.4876
         -7.2269
         -7.4305
          0.0000
          0.0000
          1.2907
         -6.1045
          4.1569
         -1.3272
         10.3257
         28.3643
         21.2554
          8.3003
         -4.6179
          3.5215
         36.7636
          0.0000
          6.0134
         14.3303
         14.6401
          3.8669
         56.1782
        212.5401
        166.1471
         11.7903
          0.0000
          0.0000
          0.0000
          0.0000
          0.0000
          0.0000
         21.1721
          0.0000
          0.0000
         15.1399
         15.2826
         12.2334
         53.9391
        -13.3560
         66.1601
         34.7636
        -24.5156
        -13.9489
          1.4217
         -9.0708
        -12.3441
         65.3891
          1.8985
          0.0000
          1.1345
         98.6875
        137.8530
        129.4452
         19.2476
          0.0000
         82.4441
          0.0000
          0.0000
          0.0000
          0.0000
          3.8966
          2.0341
         23.9011
         67.5566
         25.0485
         28.0454
         76.0696
         30.4308
          0.7472
          6.9123
         58.0842
        184.9960
         50.7780
         -2.3399
         -0.0857
          0.0000
          9.0410
         16.4032
          3.2116
         74.3126
         48.2581
          2.7260
         68.4539
         72.0349
         23.0062
         10.1632
         25.6448
        191.0296
        181.6916
         24.2991
         36.5134
          7.7442
         15.1900
        -18.0848
         31.2215
        107.0276
         59.3854
         -4.3914
         -9.5638
        -12.8460
        -17.1546
        -37.3241
         92.8626
        169.2018
         11.5035
         -9.9968
          0.0000
          0.0000
          0.9393
          6.0391
          0.0000
         52.0058
         11.8722
         -5.4025
          6.9400
          1.9614
         -9.1464
        -10.2494
          1.8587
         14.7902
         13.0035
          6.6655
          9.8931
         16.6038
         31.5037
         22.0345
         11.8432
         58.8694
        127.6405
         93.5185
         35.5952
         52.9131
         95.6956
         83.2052
         45.6016
         20.9564
          4.5887
         -2.1499
          4.7653
          3.1008
        -11.6447
        -10.2601
        -17.6394
         -4.5609
         -6.5727
         -1.0018
         16.0798
         20.3121
         11.5704
         -5.3353
         -2.3286
          0.0000
         87.2394
         17.8853
         41.1249
        172.7438
        185.3823
        154.0656
        197.4983
        104.8201
         20.0898
        -10.8225
          0.0000
          0.0000
          0.0000
          0.0000
          2.4315
         68.0050
         56.6942
         85.0120
         62.3010
         -0.0034
          3.5435
          0.0000
          2.3062
         28.2958
          0.1025
        -15.5917
          0.0000
          0.0000
          0.0000
          0.0000
          5.4977
         -2.8566
         19.1892
         13.9345
          8.9941
          2.4717
         -8.4573
        -24.5975
        -20.2915
         71.9839
         36.0464
         16.0281
         25.5454
         49.4216
        103.6537
        170.0026
        257.8269
        221.3568
        138.0700
        -14.0178
         -4.5063
          0.0000
          0.0000
          7.2620
          2.9270
         43.8216
         41.0031
         13.2626
         27.1653
         34.4747
         79.5990
         76.4769
         74.0627
        165.2111
        126.3947
         -0.4169
          0.0000
          0.0000
          0.0000
          0.0000
          0.0000
         21.8504
         21.2202
          6.1346
        -24.4125
        -10.4328
         -5.5040
         -4.8923
         21.4388
         83.5808
         71.9761
         25.3643
        -21.4607
        -22.8371
        -15.8305
        -27.0355
         -3.7594
          0.0000
         12.4673
          1.4545
         -3.1509
          0.0000
          9.7051
        -17.1688
        -14.9649
         11.7058
         24.1632
         15.1986
         31.7474
         38.8351
         12.4326
        -12.0221
        202.2887
        193.9806
          0.0000
          0.0000
          8.2335
         12.2741
         14.1302
          5.4150
         -7.4002
         33.4081
         42.1452
          0.0000
          0.0000
          0.0000
          0.0000
          0.0000
          0.0000
         -4.5383
          0.0000
          0.0000
          4.2299
         16.7666
         11.9748
         28.9078
         55.7845
         51.5167
         28.9970
         -3.3675
         -7.8099
         -4.7644
        -11.7067
         -7.2025
         -3.6404
         29.7341
         -1.1929
          9.8835
         14.6597
         13.4963
          0.8462
          0.6114
          0.7525
        145.6458
         97.0945
        -14.7161
        -24.2357
        -13.2413
        -14.9252
          2.9875
         -0.6536
         96.4680
         32.5851
          9.6466
         -7.5591
        -24.6795
        -31.7768
        -34.4582
        -13.9529
          0.0000
          0.0000
          0.0000
          0.0000
         20.3904
        105.6520
         64.4357
         69.8444
        137.8242
         28.1062
         -8.2610
        -12.5732
          6.5953
          0.0000
          2.4511
         -2.2737
          3.8079
         17.5422
        -13.2703
         19.5701
         48.9520
         49.8154
         16.2016
         18.0045
         60.9383
        159.5846
         64.7880
         37.4180
         44.3986
         22.0745
         -0.5735
          6.3345
          0.0000
          0.0000
          0.0000
          4.7013
          4.7602
          7.7394
          6.3747
          5.2729
         16.2842
         15.2800
         29.8263
         29.3385
         25.8704
         13.5826
         23.0751
         33.9149
        131.8962
         39.1139
         -3.2341
          5.4836
         12.8015
          3.7935
         56.3988
        117.4911
         -2.7316
         -3.0510
          0.0000
          0.0000
          0.0000
          0.0000
         17.5727
          6.9646
         25.0136
         45.8542
         -7.7571
         -5.2725
        -14.2264
        -16.0014
         -8.8724
        -20.6590
        -20.9364
         -7.9392
          3.3692
         19.9621
         14.1964
          0.2527
          2.5320
          0.0000
          0.0000
          0.0000
          0.9341
         17.1844
          9.6144
          3.7867
          4.3383
          0.0000
          0.0000
          0.0160
         35.1453
         55.6434
         47.7639
         13.5063
          5.1843
         -5.7123
        -10.6587
         -1.0694
          5.1495
         28.7480
         22.0360
         16.3612
         -3.1463
        -12.4600
         -3.9907
          0.0000
          0.0000
         10.8651
         16.0592
         17.2269
         -3.4607
         29.3827
        130.4176
         94.3720
          9.9332
         18.1906
          4.2922
        -13.0532
         -5.6189
          0.0000
          0.0000
          0.9131
          0.0000
          0.0000
          0.0000
          0.0000
          0.0000
          0.0000
          0.0000
          0.0000
          0.0000
          0.0000
          0.0000
          0.0000
          2.2795
          0.0000
         18.6264
         25.5445
         11.5865
          8.7782
          0.0963
          0.0000
          0.0000
          0.0000
          6.3433
          0.0000
         22.4268
         43.1594
         10.0956
         -0.5762
         89.3911
        102.5479
        218.9723
        255.7571
          4.4036
          0.0000
          0.0000
          0.0000
          0.0000
          0.0000
          0.0000
         12.7733
          0.0000
          0.0000
          0.0000
          0.0000
          0.0000
          0.0000
          0.0000
          0.0000
          0.0000
          0.0000
          0.0000
          0.0000
          0.0000
          0.0000
        -11.2112
          0.0000
          0.0000
          0.0000
          0.0000
          0.0000
          0.0000
         -0.7491
          0.2151
         -2.7485
          0.4432
         20.6028
         11.1025
         -3.2549
          3.7633
         38.8181
         41.8128
         -1.4181
          0.0000
          0.0000
          0.0000
          5.5156
         13.2239
          9.8011
         36.2675
         66.2088
          7.1706
         18.6136
         66.2160
         13.4518
         -1.8228
          6.4533
        240.0978
        115.4124
         16.6076
         12.3917
         13.5884
         22.9437
        121.3675
        216.7669
         59.0737
          0.0000
          0.0000
          3.7627
          9.1052
          8.2565
          8.8026
          4.4619
         47.3420
         73.5309
        173.6018
        100.9051
          6.1987
         -6.7373
         -2.7558
        -10.8761
         -1.0940
         53.2061
         53.7193
          4.1106
          8.8687
         -8.0075
         -4.4892
         -4.9804
          0.6177
         24.9153
          9.1417
          6.6796
         24.8679
         -2.7914
         -5.9513
          0.0000
          0.0000
          0.0000
          4.9210
          3.9273
          2.7969
          4.8676
          5.1714
          8.4824
         16.0743
         -0.1466
          4.7487
         25.6820
          8.3517
          7.1767
         12.5623
         21.5790
         13.0135
          7.5966
         12.8753
         11.4535
         10.5865
         19.1493
         75.0102
         76.6435
        117.5163
          0.2395
         10.5163
         13.8455
          2.6924
          6.5453
          4.4005
          6.9303
         15.4207
         14.4661
         21.6083
         38.2787
         18.1596
         12.8804
          4.6145
        -20.0552
         11.1531
        128.4591
          8.7635
         54.1627
         33.5309
         70.4991
         80.7768
         57.8757
        -11.8779
         -4.2538
          5.9855
          1.5082
         35.4156
         80.3118
         10.4422
          2.4884
          7.7897
          0.4030
          3.2778
          1.7909
          3.5696
          1.6678
          7.0965
         10.8381
         -1.6993
         -1.8542
         -2.3903
          0.0000
          0.0000
          9.8601
          9.0780
          3.8643
          7.9917
         22.3416
         15.4583
         12.2872
         45.3498
        148.3893
        107.3766
         -5.7270
         15.1818
         -3.0173
         13.5875
         26.6997
         19.1868
          4.8393
         -3.3555
          4.8050
         27.3458
         -7.3865
         -5.0342
         -5.7121
         -4.9212
         -2.6623
         -0.0891
         -0.6987
          2.1953
          7.8389
         -4.8642
          0.0000
          6.7905
          7.2148
          4.4825
          0.0000
          0.0000
          0.0000
          1.3334
         21.8420
         -5.3532
         -6.4913
          5.4981
         -2.7849
          0.0000
          4.2281
          7.6151
          6.9877
          4.1484
          7.2903
          4.6669
         -7.9906
         -9.8524
         -3.2096
         16.6014
         27.0585
         16.0357
         12.6549
         29.1285
         67.3112
        101.2709
         28.4469
         11.4382
         27.2882
         15.3199
         33.4187
         45.2227
         41.1388
          8.4927
        -16.8072
         -6.2532
         24.3554
         11.1166
         -9.2790
         -1.5996
         80.6397
        111.2206
          1.7462
         18.8681
         28.9600
         35.0060
         37.2150
          8.7725
         13.1975
        129.3204
          8.3205
          7.2362
         23.0054
         14.9444
          1.0947
         10.5171
         -9.2160
          7.4898
         99.6664
         22.3198
          3.2507
         10.8726
          2.2649
         -7.5144
        -14.9754
         -9.2866
          9.0421
          5.0030
         35.4464
         21.6461
          1.2444
         26.8965
         -5.3857
          0.0000
          0.0000
          0.0000
         43.7178
         18.4694
          3.0791
          0.6821
         -1.2487
          0.0000
          0.0000
          0.0000
         26.1827
         19.7060
          9.9806
          4.3684
         -6.1168
          0.0000
          7.7147
         18.9638
         29.4624
         11.8745
         -2.2904
         -0.3118
          0.0741
        -10.5536
         -7.0215
          9.4236
          6.7086
         25.2016
          8.1404
         -0.8380
         -2.3601
         -6.4437
         -3.0464
         11.2811
         20.2685
          9.1879
          3.0301
          2.1700
         -5.5162
          0.0000
         -2.3651
         18.7265
         22.8675
         33.5654
         38.3822
         21.1748
         -7.3965
          0.7839
         -0.7460
         23.1189
         96.0249
         19.7921
         -8.4022
          2.7315
         -3.1326
         19.6343
          0.0000
          0.0000
          0.0000
          0.0000
          0.0000
          0.0000
          0.0000
          2.8759
          0.0000
          0.0000
          0.0000
          0.0000
          0.0000
          7.0718
          7.7833
          3.6731
         -0.7095
         25.5285
         30.5108
          8.6327
         16.5970
         13.5774
          2.3320
          5.1327
         11.3582
          0.0000
          0.0000
          0.0000
          8.4577
         13.6040
          0.0000
          0.0000
          0.0000
          1.0441
          0.0000
         17.3030
          9.6719
          6.9440
         21.9607
         24.0193
         14.9791
         18.8052
          1.7699
          0.0000
         10.8470
          0.0000
         57.0060
         15.2076
         -3.8301
          1.4647
          0.0000
          0.0000
          0.0000
         13.2626
          6.6592
         77.1140
          0.0000
          0.0000
          0.0000
          0.0000
          0.0000
          3.2402
          2.9189
         -0.8435
          7.5558
          9.4289
         17.3772
         14.1974
         -4.0423
          0.4957
         30.2223
         75.3932
         24.7374
         -5.0976
         -0.3045
         -0.2704
         -2.3607
          0.0000
          0.0000
          0.0000
          0.0000
          0.0000
          0.0000
          0.0000
          0.0000
          0.0000
          0.0000
         -0.5584
          0.0000
          0.0000
          0.0000
          2.3523
          0.0000
          0.0000
          9.9229
          6.3902
          0.3192
         15.0168
         20.9001
         11.2407
          4.3405
         14.4933
         16.8755
         98.3191
         97.0117
         13.1080
         22.8733
         19.5460
         -1.5407
        -19.3584
        -16.1306
          0.0000
         93.1718
         60.3199
         40.5998
         43.3412
         50.2545
         50.2816
        -19.2220
        -15.4598
         -8.1752
         24.6587
         21.3026
         14.3109
          3.8785
        -14.7672
         81.5502
         83.8214
          2.2133
         12.2215
         17.1333
          4.4027
          1.6537
         -6.7644
        -23.1265
          0.0000
         39.8138
         11.0791
          7.7740
         18.7834
          7.3170
         12.8607
         15.0744
         77.5816
         46.1843
         -1.4854
          4.8088
         12.1500
         -5.2602
         17.4741
         61.7791
        163.8303
         80.2231
        -11.0591
        -16.9741
        -22.2705
        -19.6352
        -17.9543
         -3.2549
         35.4337
          0.0000
          0.0000
          0.0000
          0.0000
          0.0000
          1.0100
         -4.1748
         -6.9895
          0.0000
          0.0000
          0.9244
         18.7150
         13.4221
         -0.4391
         -8.4759
          1.8467
         -9.4676
          4.8721
         13.4348
          8.0629
          1.3382
        -16.4362
        -27.8079
         -1.4662
        -12.9411
         -7.7789
          1.5338
          9.9979
          2.6405
          3.4002
          7.1979
        109.5189
          8.2608
         31.9659
         88.9747
          9.7014
          3.7769
        186.7119
        175.3490
        -20.5184
         -0.9851
          0.0000
          0.0000
          0.0000
          0.0000
          0.0000
          8.2752
         -8.8426
        -16.0096
         -4.7567
          0.0000
          0.0000
          0.0000
          0.0000
          0.0000
        -15.2405
          0.0000
          0.0000
          0.0000
          0.0000
          0.0000
          0.0000
          0.0000
          0.0000
          0.0000
          0.0000
          0.0000
          0.0000
          0.0000
          0.0000
          0.0000
          0.0000
          0.0000
          0.0000
          0.0000
          0.0000
          0.0000
          0.0000
          0.0000
        -19.2944
         -1.8133
          0.0000
          0.0000
          0.0000
          0.0000
          9.8663
         -1.1845
          6.3894
         26.1485
         24.4848
         29.7600
          9.4746
         -8.8480
         -6.0184
          0.0000
          0.0000
          0.0000
          0.0000
          2.5117
          4.0849
          1.3166
          8.2841
          0.0000
          0.0000
          0.0000
          8.6103
          4.2380
         -4.5442
          3.1150
          4.4152
         -1.3914
          0.0000
          0.0000
          0.0000
          0.0000
          0.0000
          0.1022
         26.8145
         14.1516
         -3.4189
        -12.6385
          1.8915
         10.8838
         -1.8545
         -5.6897
         -6.8102
          0.0000
          0.0000
        126.8368
         21.7659
         23.2917
         19.6919
          4.5228
         -3.3260
        -24.2318
        -27.0982
        -11.4976
          3.5633
          4.2302
         -1.0755
          1.9894
          4.3506
          5.7943
         -5.6202
         -5.8788
          9.4475
          6.6475
          1.6812
          8.1655
          7.4461
          1.3451
          1.5985
          8.3501
          3.2683
          6.9468
          2.0400
         33.0603
        103.6923
         -8.4982
          0.0000
          0.0000
          0.0000
          0.0000
          0.0000
          0.0000
          0.0000
        -11.9761
         18.0701
         74.2919
        -20.4557
        -26.4105
        -13.2198
          0.0000
          0.0000
          0.0000
         -5.8047
         -1.4153
         -0.6836
          0.0000
          0.6120
          0.0000
          6.5288
          0.0000
         -1.1652
          0.0000
          0.0000
          0.0000
         -2.9671
          0.0000
          0.0000
          0.0000
        -14.7436
          0.0000
          0.0000
          0.0000
          0.0000
          0.0000
          0.0000
          0.0000
          0.0000
          0.0000
          0.0000
          0.0000
          0.0000
          0.0412
          4.5650
          6.6183
         43.3608
         16.3135
         43.9934
         86.2214
         -0.4911
         -9.5966
         16.9917
         -7.6980
        178.7775
         91.3590
          0.5790
          2.4706
         10.5772
          2.2980
         -3.9677
          1.8581
        249.0794
        170.0800
          9.0834
         11.2916
          8.5344
         -0.1865
         -5.0378
        -12.5556
          0.0000
          0.0000
         12.0363
         31.0453
         22.2229
         -3.0805
         10.7276
          9.9965
          0.0000
          0.0000
          0.0000
         -0.1762
         -5.0753
          6.0314
          6.8365
          0.0000
          0.0000
          0.4454
         18.9474
         13.5972
         11.1949
          7.4345
        -13.7062
         72.2059
         60.6566
          0.0000
          0.0000
          0.0000
          5.5131
         12.3024
         15.7468
         -2.9824
         11.0646
         33.5897
         11.0246
          3.3267
          3.3505
          0.1774
         -3.0176
          0.0000
          0.0000
          0.0000
          0.0000
          0.0000
          0.0000
          0.0000
          0.5308
          0.0000
          0.0000
          0.0000
          9.0112
          0.0000
         -9.3738
          5.0142
         11.1392
          7.6894
         -2.8974
          0.0000
          7.8215
         14.7420
         16.9005
          7.9001
          1.5294
         52.5583
        116.9959
          0.0000
          0.0000
         24.9317
         51.3049
         80.8749
         -2.2697
        -26.0664
         43.2479
         33.8617
         -2.4568
          7.3599
          6.0320
          0.8158
         17.7102
         15.5799
        -22.5176
        -14.4388
          0.0000
          0.0000
          0.0000
          1.2084
          4.2159
          0.0000
         -2.6925
          0.0000
          0.0000
          0.0000
          0.0000
          0.0000
          0.2539
          0.0000
          0.0000
          0.0000
          0.0000
          5.0572
         -1.3191
         -3.2720
          2.3998
         -2.0112
          0.0000
         -1.1885
          5.4257
          2.9464
         11.1510
         12.0445
          2.6164
         -8.0767
         -2.9445
         -4.5082
         10.3502
          8.3887
          9.1078
         17.7270
         17.6314
         -2.7551
          0.0000
          0.0000
          0.0000
          0.0000
          0.0000
          0.0000
         12.2738
         -6.0532
         85.1804
         18.8481
          7.1585
         -6.5738
          0.0000
          0.0000
          0.0000
          0.0000
          0.0000
          0.0000
          0.0000
          0.0000
          6.0113
          0.0000
          1.2874
          0.0000
          0.0000
          0.0000
          0.0000
          3.2076
         -0.3541
         -1.4283
          0.0000
          0.0000
          0.0000
          0.0000
          0.0000
          0.0000
          1.0680
          0.0000
          5.6615
          0.0000
          0.0000
          0.0000
          0.0000
          0.0000
          0.0000
          0.0000
          0.0000
          0.0000
         10.0600
         17.5090
          6.3914
         21.1389
         -0.3485
        -21.5525
         -9.8077
          0.0000
        -14.9672
         -9.4082
         14.3850
         43.6905
         19.7880
         56.1969
         41.2190
         21.5683
         -4.2370
          0.0000
          0.0000
          4.1976
         11.0401
          8.2680
         -0.8872
         -2.9641
         77.9730
         95.6163
          7.5454
         44.1272
         84.6496
         40.9401
         94.9100
         99.0254
          0.0000
          0.0000
          0.0000
          0.0000
          0.0000
          0.0000
          3.7152
          0.0000
          0.0000
          0.0000
          0.0000
          0.0000
          3.6384
         19.7895
          7.8913
         34.2146
        183.5265
         16.6520
          0.0000
         46.3847
         33.4260
          6.9336
        -15.5362
        -21.5093
         -7.1416
          0.3345
          2.2108
         18.1307
         11.2740
          0.6050
         -5.3084
         -3.8113
          0.0000
          0.0000
         18.6050
         23.1757
          5.3832
         -2.9133
          1.7565
         -7.7382
          0.0000
          0.0000
          1.8366
          0.0000
          0.0000
         20.1942
        231.8600
         19.9993
         -0.8779
          0.0000
          4.0549
         28.8633
          7.7725
         -6.0872
        -10.4470
        -15.3668
         -2.4939
          0.0000
         18.6074
        142.7159
        249.3901
        146.2801
          8.9322
         20.3289
         27.4280
         -9.6843
        -17.5650
          0.0000
         33.4110
        219.7360
        213.9118
        260.4570
         27.6006
          0.0000
          0.0000
          0.0000
          0.0000
          0.0000
          3.1939
          0.0000
        139.0159
         23.6037
         14.5715
         32.9365
        -11.4909
        196.4755
          0.0000
          0.0000
          0.0000
          0.0000
          0.0000
          6.4407
         12.4823
         14.4081
         -2.9612
        111.8170
          0.0000
          0.0000
          0.0000
          0.0000
          0.0000
          0.0000
         15.1803
         12.6861
         30.3508
          0.0000
          9.3246
         34.4461
         21.2112
          2.5926
         49.7018
        144.5420
          8.4676
         -1.0279
         10.8278
         20.7960
          3.7704
         -8.0040
         -5.0028
        -20.9705
         10.2280
          3.0442
         16.4565
         15.7882
          3.4820
          3.3645
         14.0709
         -8.2336
         15.4938
          0.0000
          0.6905
         53.9071
         24.6035
         -2.6571
          5.8441
         16.6893
        239.9829
         77.9474
          2.5526
         16.9514
         -0.8976
        -18.5925
        -21.5194
        -19.8146
         98.4879
         38.8181
         -3.7735
         -6.0056
        -11.0787
         -1.8590
         10.6120
         82.0659
         89.3322
         -2.9307
         -3.3640
          0.0000
          0.0000
         -2.0628
          4.3253
          7.4414
        119.4896
         90.0076
          5.2078
         -3.8265
          4.4386
          1.3938
        -14.0501
         12.2396
        156.2800
        107.2485
         34.9546
          0.0000
          0.0000
          0.0000
          0.0000
         -1.1796
          0.1308
         -5.8263
          0.0000
          0.0000
          0.0000
          0.0000
          8.3656
         -0.7792
          0.0000
          1.4217
          0.0000
          0.0000
          0.0000
          0.0000
         18.6646
          8.8044
          3.5098
        -31.0168
        -13.0145
        -10.0711
        -28.1037
        -10.8575
          1.8688
         -3.2296
         10.6247
        -25.9609
         -2.6112
         13.9275
          6.2412
        -10.0773
        -20.1953
        -32.4218
        -22.9067
        -51.4382
        -13.9077
         -3.2132
        -10.5036
         -5.1524
          0.0000
          7.6247
          5.3435
         -3.5904
          0.0000
          0.0000
          0.0000
          0.0000
          0.0000
          0.0000
        -15.2170
         -7.8635
          3.5505
          8.1858
          0.0000
         -3.3772
          1.2780
        -11.6312
         -9.7952
         -3.2614
          5.8334
          8.1430
         -2.5993
         -7.4533
         -4.7034
         -9.1478
         -4.3649
          0.0000
          3.3779
         24.8252
          1.1223
         10.3223
          0.9249
         60.5051
        216.5384
         97.8030
         22.4418
         12.2301
         -1.8902
         -1.1554
         -0.8230
          3.6441
        159.7490
         11.2548
         -4.1620
          6.2239
        -20.5953
        -11.4053
          1.6347
        -23.2631
         19.6323
         31.5031
        -14.9633
         -5.9671
          0.0000
          0.0000
          4.1156
         16.1735
         -1.8231
         -7.7368
          0.0000
          0.0000
          0.0000
          0.0000
          0.0000
          0.7290
         -5.7214
         -5.0397
         18.7008
         29.7597
          7.6089
        -12.5081
        292.6196
        338.9523
        354.1665
          0.0000
          0.0000
          0.0000
          0.0000
          0.0000
          0.0000
         28.5997
          2.5946
        -26.1067
          6.0961
          2.9312
         -7.9894
        -10.9803
          4.7162
         12.5583
         17.8500
          7.4518
        -21.8249
        -32.7218
        -15.6281
          0.3157
        -10.9847
         45.1598
        160.3043
         25.5407
        -20.8746
         78.0427
        106.8937
         23.2380
        170.1044
        259.8319
        191.6104
          0.0000
          0.0000
         21.2716
         31.1626
          8.2630
          2.9934
        -29.0765
        -36.0108
        -46.8494
         -8.8001
         17.0206
         -2.9791
         30.4964
        107.2266
        220.0920
        189.1270
          0.0000
          0.0000
          0.0000
          0.0000
          0.0000
          0.0000
          0.0000
          0.0000
          0.0000
          0.0000
          0.0000
          0.0000
         12.2359
        -18.5456
        -25.9988
         52.8710
        155.2042
         62.3161
         36.2871
          0.0000
          0.0000
          0.0000
         -5.2524
         39.6655
         20.5614
        -26.6165
        -17.7603
        -23.6968
        -25.8622
         -4.2216
         45.0490
        164.5274
        166.5646
         35.9425
          4.4493
          6.7609
        109.8570
        140.4144
        161.6827
        130.9290
         48.4756
          0.0000
          0.0000
          0.0000
         -0.0511
         -8.5675
          6.4974
         12.1602
         11.4397
         14.4004
        138.1467
        195.2008
         87.7833
         52.5889
         73.1444
         -3.7664
          0.0000
          0.0000
          0.0000
          0.0000
          0.0000
          7.9078
        -15.6682
        -11.8979
        -15.8879
        -12.8715
         -2.3778
        -10.7984
        -15.0236
         -1.9873
        -33.4296
        -21.7148
        -22.7005
          0.0000
          0.0000
          0.0000
          0.0000
          2.5707
         11.5933
          4.7364
        -21.2710
          4.8371
         13.7362
         -4.5577
        -14.0572
         -2.6946
         -8.8614
        -10.9202
        -15.1689
         13.1591
         11.1511
         11.8647
         36.5892
        103.9929
        184.5786
        152.0520
         67.3389
         -8.4786
          0.0000
          0.0000
          0.0000
          0.0000
          0.0000
          0.0000
          0.0000
          0.0000
          0.0000
          0.0000
          0.0000
          2.6498
         -0.5849
        -10.9916
         -1.0174
          0.0000
          0.0000
          0.0000
          0.0000
          0.0000
         -0.4625
         -7.6145
         -2.2488
          0.0000
         12.0922
          9.9886
          0.2522
          5.4979
          7.4088
        -19.4266
        -40.2059
         22.9050
         29.0300
          6.7567
          0.4241
         31.1690
         67.7435
         89.4812
         -8.2519
          3.1920
          0.0000
          0.0000
          4.7900
         24.0755
         28.0983
         20.8776
        -12.7736
         18.1624
          8.9753
        -11.7593
        -21.4143
         11.1680
         30.2824
         22.9025
          2.3900
         17.2665
          9.4126
         14.7445
         14.9347
         17.0387
         29.2585
        178.1719
         41.6129
         12.7254
          4.7792
         -5.0959
        -15.0217
         10.6489
         59.0106
         64.1989
         39.5744
          2.4111
         -7.4767
          2.5157
         -3.1907
        -27.6889
        112.7244
        132.6515
        -15.6900
         -6.2799
         11.4956
         -6.3556
         50.6736
         25.2790
         -7.2697
          0.0000
          0.0000
          3.9926
         20.3045
         -0.1567
         -5.3616
         -6.9906
        -14.9203
          1.5804
        -23.5125
          7.7751
         31.9965
         -2.5483
        -28.6250
         61.8529
        275.5625
         92.5629
          4.4618
         16.6349
         46.4386
         27.7308
        117.4030
        150.0776
        159.6361
         59.8553
          0.0000
          0.0000
          0.0000
          0.0000
          0.0000
          3.7665
         10.7290
         38.2506
         23.4380
        -28.5730
        -10.6881
        -43.3277
        -52.2408
        -24.8811
        -37.4723
         -7.8777
         12.3357
          8.4533
         22.2826
          1.6415
        -25.5399
        -12.7156
        212.7953
        226.0065
         22.1722
          0.0000
          0.0000
          0.0000
          0.0000
          5.3253
        -10.8896
          3.3677
          1.4019
         41.8866
        104.2430
         44.9994
          0.0000
          0.0000
         12.0433
        -10.7884
          0.0000
          0.0000
          0.0000
          0.0000
          0.0000
          0.0000
         23.2673
         37.9552
         -7.4553
        -20.9548
        -11.7633
         -4.7877
          0.8914
         -7.0957
        158.7380
        116.0087
          8.6400
         -2.0830
          5.6566
         14.1772
         20.3421
         13.5248
         12.5507
         64.2027
         77.4519
          9.7238
         32.8611
        103.0332
         37.1909
         -2.6809
          0.0000
         -1.6786
          0.0000
          0.0000
          0.0000
          3.1869
          4.0111
          8.9678
         19.0783
         19.1212
         -0.9683
         -4.9227
          5.6876
          0.7128
         -2.1348
        -17.3108
        -65.9123
        -41.1241
        -12.6796
          0.0000
         10.5380
          2.4646
         11.5501
          5.3797
         19.8505
        128.3809
         50.3366
         -1.7271
        -12.9422
          1.3344
         20.8801
         37.1677
         96.4008
        159.4231
          2.8821
         -7.9751
         -8.9150
         -6.4295
          5.5084
         -5.4714
        119.4275
        179.0947
         47.5438
          1.2101
         11.5942
         -8.8170
        -19.5283
        -33.0348
        -14.8583
        -10.6630
        -15.3511
          5.8374
         -9.9743
          0.0000
          2.9027
          9.5837
          6.4560
          3.0230
         -4.5911
          3.9507
         -2.1368
         -4.2869
          5.0680
         11.0649
         -1.6271
          0.0000
          0.0000
         20.0434
         37.7364
          7.4443
          2.6776
         66.9649
        174.9715
         30.6325
          8.4490
         26.7232
         27.7935
          3.0200
         -9.1040
         14.4428
         -2.2309
         -9.4111
         -3.8836
          0.0000
         10.3769
          4.2571
          2.4854
          6.7840
         57.6147
         52.1056
         52.1056
         11.3738
         11.3738
         -6.8603
        -13.4855
          3.5584
          5.0368
         28.7780
         49.9422
          6.1113
         16.0753
          1.2517
         -0.5597
         16.3825
         53.5841
        104.3837
          0.4767
         41.9214
         22.7090
          0.2348
          8.5583
          9.9349
          3.0895
         -4.6451
         -6.3440
         13.8718
         34.2197
         16.1472
         -4.1641
          7.3335
         84.3145
         82.9391
         -3.7996
          4.9806
          0.6833
         -1.3920
         16.9307
         65.4297
        124.2186
          2.7288
          4.4932
          0.0000
         15.4292
          6.2123
         -0.5179
          8.5131
         15.0867
         69.1198
         16.3819
         -1.5712
        -11.7632
        -15.8961
         -1.7183
          7.7631
          2.0644
         -2.2493
          3.5863
         24.4556
         22.6896
         15.9653
         21.6154
         25.8401
         29.6257
         29.5704
          5.9905
         32.3117
         70.6777
         26.7187
         98.2853
         44.9873
         80.0847
          0.0000
          0.0000
          0.0000
         38.5556
         15.4240
          3.0211
         63.2206
        122.8766
         -0.3978
          0.0000
          0.0000
         12.6598
          1.8534
         -1.8049
         89.4578
        169.0874
         52.4700
          0.0000
          0.0000
          0.0000
          0.0000
          0.0000
          0.0000
          1.5740
         17.9520
         43.8334
          0.0000
          0.0000
          0.0000
          0.0000
          0.0000
         29.6253
         54.3602
         67.0474
         24.6941
         18.4014
          1.5722
        -22.9219
        -21.0951
         90.2103
        135.0330
         63.3048
          0.0000
          0.0000
          0.0000
         34.1028
         30.0657
          3.7939
         -3.2646
        -28.5638
         -8.2568
          0.3614
        -22.2244
        -33.6149
        -17.0425
         -7.8115
         94.9180
        102.6240
         23.8419
         11.0744
          0.0000
          5.6783
          1.2522
         -8.5758
         38.6650
         88.2373
          0.0000
          0.0000
          0.0000
          0.0000
          2.4238
          0.0000
         -2.4878
        111.2648
        122.2158
         84.8129
         11.9205
         -3.9948
        -11.9703
          9.1264
        152.2984
        155.4637
         47.4882
         16.6230
         15.9398
         -0.4603
         -6.1354
          0.0000
         67.8296
        123.7854
         11.4382
          5.4471
         -7.7429
        -19.9128
        -25.3873
        -19.2807
         -0.9778
         84.7539
         23.4934
          7.4469
        -17.8534
        -28.2760
        -19.8324
        -34.3248
         39.3902
        104.0369
        101.0593
         73.1861
         18.5273
        -23.9711
          4.9669
        163.4068
         97.2480
         23.3720
          0.0000
         14.7482
         20.9639
          7.5638
         28.1835
         87.4063
        115.7452
          0.0000
          0.0000
          0.0000
          0.0000
          0.0000
         21.2380
          3.4965
        -12.7447
        -15.2002
         -5.3636
          0.0000
          0.0000
          7.3398
         22.6583
         23.5355
         -2.8236
          0.0000
          0.0000
          0.0000
          0.0000
          0.0000
          0.0000
          3.4745
          1.0464
          0.0000
          0.0000
         14.4139
          3.7082
         -6.3982
         -1.3419
          3.3468
         29.5545
         66.1344
          6.6017
         -1.8693
        -20.3159
        -31.5604
         -7.6565
          4.0419
        136.3417
        141.8411
         20.3474
        -23.0203
        -17.9714
         -4.6753
         -3.4028
        -24.1757
         45.2123
        137.5972
         27.2494
          7.5208
         19.8568
         34.9677
        -61.9723
        103.5022
         59.1238
         18.6509
         -9.3578
         -9.9296
          1.5906
          4.1543
         42.7303
        195.2188
         64.4531
          0.0000
          0.0000
          0.0000
          8.6005
         21.1121
         -0.1614
         22.2258
         34.7265
          0.0000
          0.0000
          0.0000
          0.0000
          0.0000
          0.0000
          0.0000
          0.0000
          0.0000
          0.0000
          0.0000
          0.0000
          6.9591
          0.8752
         12.5471
         10.0094
         25.2897
        -16.5863
          2.0120
          4.3916
          0.0000
          0.0000
          0.0000
         -1.7919
          0.0000
          0.0000
          0.0000
          0.0000
          0.0000
          0.0000
          0.0000
         -7.9580
         -1.4233
          0.0000
          2.3914
          5.9802
          0.0000
          0.0000
          0.0000
         -1.4911
          0.0000
          0.0000
          0.0000
          0.0000
          0.0000
          1.1917
         -6.4235
         44.1882
         37.8544
         -8.5611
        -11.4402
         -5.2653
         -5.8299
         22.8472
         18.6345
         34.6581
         90.4432
         97.5750
        101.3447
          8.1936
          0.0000
          0.0000
        -10.1991
         -1.7007
          0.0000
          0.0000
          1.3588
        -12.0319
        -13.4614
         -4.6045
         23.8766
         71.6870
         29.5097
         -6.8756
         16.4568
         -8.5109
        -17.4834
        -21.7575
          3.1734
        118.0461
         30.7703
         -4.4117
         -4.2482
         -3.8835
         -1.7861
         -2.7606
        -14.1670
        -18.9568
         -4.5930
         15.4126
         18.3268
          5.5514
          6.0736
          9.3896
         12.1410
         39.5773
        -30.1411
          1.1631
          6.2197
         -0.0528
          1.1438
         13.0682
         62.0635
         65.7810
        -16.2286
          8.7970
         31.6428
         16.4492
         -5.6856
        -11.7946
        -20.5207
         45.5027
          0.0000
         16.7005
         34.3852
          5.3628
        -10.8880
         38.5572
        168.9773
         95.8855
          0.0000
          0.0000
          0.0000
         21.3487
          7.7129
         20.4118
        151.1323
          0.0000
          0.0000
          0.0000
          0.0000
          0.0000
          0.0000
          0.0000
          2.1734
         -0.8879
         -8.8982
        -11.9548
          0.0000
          0.0000
          0.0000
          0.0000
         -1.3012
          7.4674
         -4.1416
        -24.9836
        -20.9350
          0.0000
        -11.8352
        -11.5276
        -13.0107
         87.0327
        101.2021
         13.7532
          6.8538
         -9.7432
        -13.0384
        -24.4594
         67.9316
        174.6950
        205.3885
        145.9906
          0.0000
          0.0000
          0.0000
          0.0000
          0.0000
         54.2587
         16.7568
        -21.3007
        -21.5957
        -15.7210
          8.0135
         -5.7656
         51.5935
        137.8944
         76.6321
         -8.2194
        -29.6043
        -29.2032
        -35.0899
        -53.5175
        -60.5098
         46.2001
         29.2647
        -16.1157
         17.7005
         22.8169
        -33.0002
         -7.7178
         16.8732
        111.2035
         72.1921
          5.1057
         20.7197
         -2.6983
         32.2255
         32.1330
        -26.8707
         -5.1778
         -0.7565
          3.2404
         13.5311
         21.9445
          5.3051
        -17.0706
        -32.7860
        -41.5350
         -6.5374
         81.1338
        236.0963
         88.7971
          7.6989
         28.5915
         75.3575
        345.0633
        299.2943
        144.1289
         12.0261
         -4.5604
         -8.9742
          2.3895
        -18.0843
        101.9696
        105.2223
          8.2406
         -5.9692
        -26.0979
        -21.9119
        -19.9494
        -13.9498
        104.8681
        101.4182
          2.8703
        -16.5085
         -9.0261
        -18.1289
         -6.1422
        162.4510
         31.5848
         -4.9349
          0.0000
         32.1247
         12.5977
        -17.8719
        -20.3597
         48.4188
         57.7733
         15.8054
          2.0744
          9.3404
          8.7219
         17.0152
         18.9498
        127.5639
         69.5099
          0.0000
          0.0000
          0.0000
          0.0000
          0.0000
          0.0000
         -9.3776
         84.8271
         25.6648
        -23.0036
        -17.5562
        -49.3191
        -19.6516
        -24.3441
        -52.2486
         46.1015
         74.5938
         23.1739
        -12.2639
         12.2289
         17.2176
        -17.5770
        -23.1990
        167.0369
         15.5185
         -9.8265
          2.7824
        -22.1003
        -22.8937
         -5.0902
         15.1710
        135.4842
         22.7136
          0.7535
         -2.3826
         11.3255
         50.7912
        108.6547
          0.0000
          0.0000
          0.0000
          0.0000
          0.0000
          0.0000
          0.0000
          0.0000
          6.9156
          4.4471
          5.7426
          3.7654
          0.6206
         21.7239
         42.3084
         20.3128
         13.6745
         63.0367
         44.5151
        -20.7150
        -21.1209
         11.3912
         53.7871
         -7.3060
        -22.7874
         62.3326
        145.0622
         10.9454
          3.9729
          8.0401
          6.5785
          6.0115
         35.4250
         87.5784
          0.0355
         -6.8202
          0.8222
         14.0857
         11.9355
        -32.3368
         59.3392
         76.2174
        134.5834
         -7.1412
         66.1764
          5.5551
         15.6151
         17.4341
          1.2163
        -12.2998
         35.1704
         44.7754
         20.6780
         14.1625
          8.3963
         -5.3675
        -16.2954
          1.7270
         23.7436
         -0.2775
          8.7826
          7.9101
        -28.8485
        -56.8972
          5.9810
         18.6850
         -5.1802
        -12.0725
          0.0000
          0.0000
         12.8149
         39.6924
        109.7676
         51.6462
          0.0000
          0.0000
          0.0000
          0.0000
          0.0000
          0.0000
          0.9218
         28.6875
         42.0981
         16.7900
         69.7049
         14.3043
        -18.4557
        -44.0421
          2.0761
        118.7067
        110.0999
        119.2086
         84.6926
         75.2423
         24.7849
        -43.1933
        -27.4657
        162.5250
        200.0765
        167.3131
        220.5617
        203.8382
        147.2115
         42.8743
         18.7246
         10.1619
        -17.6894
          0.0000
          0.0000
          0.0000
          0.0000
          0.0000
         -5.6212
         14.5982
        -15.0015
          0.0000
          8.9972
         -1.5531
         -5.2538
        -24.8383
        -37.6102
         26.4043
         24.5040
         -4.3244
        -14.7459
        -34.2141
         -9.8416
         11.8587
         -2.7325
         26.1634
         62.0766
         -5.6181
          2.8109
         31.5437
        116.2777
        147.0681
        244.1132
        146.5174
          0.0000
        -10.8768
          0.0000
          7.0708
          7.5230
          0.7308
        152.8120
         25.5539
         -3.7640
          0.8870
          3.2779
         -6.1645
         -1.8311
          9.5665
         52.1366
         95.3839
         35.8435
          6.4367
        -22.3992
         -5.7298
         46.4611
        122.6618
        145.1961
        130.5548
        122.5804
         -2.7188
          0.0000
          0.0000
          0.0000
         -1.7250
         -8.0326
         33.7144
         12.1343
          0.0000
          0.0000
          0.0000
          0.0000
          0.0000
        -10.3168
         20.8230
          0.1241
        -25.8572
        -25.3297
         -3.7626
        -19.7325
         -8.2131
        -25.4335
          5.4881
        -17.3058
         10.2651
         11.1504
          6.9163
        -13.5186
          0.8544
          0.0000
         -3.9550
          0.0000
          0.8434
         16.2800
          3.7480
          0.0000
          0.0000
          0.0000
         -0.5573
          0.0000
         10.9487
         23.5231
         15.0468
          3.5395
         -5.1576
        -13.8965
         -5.4150
         -0.6352
         19.9260
         33.9085
         15.6102
        -19.4882
        -15.8603
         12.0550
         46.6677
         57.4305
          6.9180
         -7.6439
        -12.2767
        -19.4343
          5.5763
          0.2280
         33.7478
         44.9910
         74.0219
        113.1249
         -4.8734
         57.9898
         16.7513
         60.6755
        106.7373
          8.7173
         12.5815
          7.5431
          0.1366
         -9.5694
          2.4693
         81.8678
         -7.9089
         -0.6397
          2.0478
         11.0582
         10.0859
         -6.6794
          8.3056
          1.4187
         35.0193
         42.7943
          1.9784
          6.9520
          6.3476
        110.9255
        113.3747
         24.1540
         24.5941
         12.8412
        -15.7599
        -17.8032
         -1.4534
         75.8246
        156.1885
         96.1273
          0.0000
          0.0000
          0.0000
          0.0000
          0.0000
          0.0000
          1.7733
          3.8227
         40.0179
         71.2168
        -16.5906
         -7.6672
        -15.7155
        -30.7575
        -27.5544
        -16.1463
         61.1733
          4.5029
         -6.2998
          9.1754
          6.7414
          2.9696
         18.8258
        172.6905
         44.5943
         13.8807
         -2.7618
          4.5117
         47.9223
         16.1034
         -1.9778
        110.5305
        126.0123
          0.0000
          0.0000
         25.9175
         15.1621
         -6.6144
         10.8348
        111.7540
        129.7630
         -0.1536
          0.0000
         25.0202
          6.2245
         24.7639
          3.7840
         -3.2615
         20.2528
          1.7438
        -30.6792
        -30.1094
        -34.8710
        -19.8468
        -21.8581
         -6.0384
         78.3018
         60.1868
         -6.8257
        -14.1476
         -0.3581
        -10.4758
        -14.5655
         -3.3782
        139.7733
         16.2694
         -8.5250
         -6.1601
          0.0000
          4.4689
         16.5392
         13.2678
          8.0072
         33.0044
          6.4776
         11.5558
          7.9614
          1.1074
         29.1180
         56.5793
         53.9237
        -19.3089
         12.6173
         47.6022
         19.1843
        -18.2540
         27.4425
         71.2954
         10.3769
          0.0000
          5.7511
         36.8652
          7.8603
        -15.5923
         18.8869
        203.7056
         36.0167
          0.0000
          0.0000
         22.2470
         -6.0259
        -20.7251
         -8.2667
         -2.4708
        132.5229
          8.4996
          8.0731
          6.9360
         -9.7914
          2.2669
         12.9202
         -4.9363
         18.2610
         15.3347
         39.5677
         89.0333
         31.6784
        -16.8767
         12.5785
         94.0330
         61.8255
        110.4830
          6.6905
        -10.5688
         17.2765
         43.7626
         98.3840
         35.5084
         22.0214
         41.2693
          7.9378
         14.3271
          2.3946
         53.5741
         25.4908
         14.6238
         25.2815
         56.5142
         38.4910
         62.4708
         38.5041
         75.2026
        129.3048
         80.7091
         -1.4947
         -0.9218
          6.8856
         10.5946
          8.9120
          2.9767
          7.4725
         13.8025
        114.6612
        181.4777
        115.3122
         16.0791
          0.0000
         -2.7797
        -17.4828
        -32.5246
        -57.5421
        -19.5737
          0.0000
          0.0000
          0.0000
          0.0000
          2.4968
         10.5311
         14.6961
        -10.8986
         -3.0042
         20.5883
          4.4534
         -2.4308
        -23.6807
         75.1356
         40.4840
          0.0000
          0.0000
         40.3110
         57.8045
        100.0423
        174.4940
        281.9753
         33.7298
          0.0000
          0.0000
          0.0000
          0.0000
          5.2618
          9.8930
         13.8617
          6.6297
          0.0000
          0.0000
          0.0000
          0.0000
          9.0490
         12.7908
         44.7613
         96.5814
         -9.5314
          0.6351
         14.5757
          4.0463
         22.7066
          4.1696
        -20.3573
         27.7833
         17.0315
          3.1490
          3.2366
          7.5135
         40.5229
         48.6832
        149.9975
         67.4340
          0.0000
          0.0000
          0.0000
          0.0000
          9.7962
         12.2836
         92.3323
         70.4996
         -7.3831
         -5.5395
          2.1122
         -1.9798
        -10.4116
         -2.5235
         -7.0862
         -8.9049
         -1.2027
          6.5650
         15.7724
         14.8355
         12.5085
         10.6946
         -1.1799
         -0.8849
          4.9111
         26.5710
         42.7486
         43.9961
         21.4751
         18.1915
         31.0870
         20.2382
          0.0000
          0.0000
          3.1267
          1.7487
          4.0393
          4.6376
         11.0180
         19.7873
         -4.1626
         14.1496
          4.4407
          3.2007
         19.6525
         64.7781
         48.0035
          2.1585
         28.0473
         84.5019
         18.2986
         18.2916
          1.7234
          4.2009
         -0.3234
         35.0251
         85.2863
         29.3720
         -1.1805
         -3.7848
         27.5693
         -0.6658
        -24.8996
         54.2816
         31.4418
         26.5294
        141.5783
        179.1077
        212.7067
        200.8562
        227.7904
         -6.2603
          0.0000
          2.2921
          5.5687
         -4.3567
          5.3822
          4.4288
        -11.4366
         31.5234
         -5.1941
          7.2654
        -10.6084
        -11.2352
        -15.2497
          3.3938
         25.4270
        106.0575
         84.7773
         10.8347
        -14.5195
         -5.2092
          0.0000
          0.0000
         81.8047
        147.3640
         29.3594
         -6.9975
         -3.5615
          4.3863
          2.5811
          7.2788
         16.5740
        139.0450
         38.4103
         -3.6061
         -3.7349
          8.4162
          5.7977
         22.6312
         44.2773
         59.9113
         52.9738
         26.6938
         35.1193
         -5.5951
         -9.1880
          2.2956
         12.2422
         40.3076
         26.7172
         29.8589
         59.0721
        123.5710
         34.0607
         14.1391
         38.7132
        110.1726
         13.1489
          0.8917
         19.5033
         12.0503
          0.6465
          2.6630
        -10.2401
         27.9765
         78.7806
         17.3879
         40.4677
        -21.0190
         -7.9856
        -26.5055
        -27.2967
         -7.5031
         -0.8512
          0.0000
         22.1998
         24.6580
          7.8522
         -2.2816
         11.8388
         68.1949
         -8.3891
          8.8160
         17.4368
         11.6269
          8.3833
         -6.2761
         12.2923
         33.6779
         25.8925
          6.8220
         -3.4858
         -1.6866
          1.5275
         22.4406
         34.1908
         33.9184
        -14.2946
         -6.3307
          5.9336
         -2.1144
        -14.3072
          2.9130
         31.0561
         16.3116
         33.2889
          5.9699
         -0.3623
        -13.3390
        -18.7525
          0.4138
         15.1044
        171.0087
         -7.0760
          0.0000
         24.7787
          4.8651
          2.5995
         -2.9831
        -23.6418
        -13.1298
         -1.1799
          6.3599
         20.3829
         12.9988
          3.9441
          5.3099
         -6.8966
         13.7716
         -1.5124
         -6.9139
         -6.1803
          0.4284
         -4.3089
         -4.2238
         -6.6033
         -6.2641
          7.3825
         27.1233
         24.0677
         30.0488
         42.3433
         40.8168
         58.6720
          0.0000
          5.2298
          4.1515
          4.4448
         13.6230
         -3.8538
        -18.9012
         45.6746
         78.8563
         24.5225
         27.9459
          0.0000
          0.0000
          0.0000
          6.1187
         -4.1355
        -12.5356
         -4.0577
         13.4227
         18.7798
         11.9195
         17.7772
          9.7255
         58.7507
        104.5912
          0.0000
          0.0000
         34.0525
         11.6223
        -13.7401
        -25.0981
          0.2835
         73.1754
         -5.2418
        -11.2616
         19.1166
         21.4069
         36.2582
         -3.5406
          0.0000
         19.0925
          0.0000
          0.0000
          0.0000
         -1.5625
         -0.3423
         -1.9386
         -0.9940
         -4.3570
          0.0000
          4.9499
         26.5923
         14.9525
         34.4986
         52.3155
         31.1296
         31.8695
         -7.5427
          6.1509
         -4.1955
         -0.3791
          9.1932
         16.2674
         24.5496
         87.5637
        -13.1387
          0.8447
         10.2495
         -1.6792
        -13.6593
        -23.2118
          1.0124
         40.1421
         -1.6100
         -0.4695
          3.3695
        -16.0917
         -1.4054
          0.0000
         -1.8656
         -2.9636
          6.0664
          7.4528
         -0.8302
          0.0000
          0.0000
          4.8251
         13.6751
         17.6360
         17.5593
         11.8552
         10.8912
         12.0290
          0.1500
         31.6229
        125.4207
        196.7062
         24.2771
         23.6948
         26.4383
          5.7844
         -0.0694
          0.3220
        -21.6183
          7.5856
          6.9807
         11.7269
         34.7908
         23.9923
         19.7579
         42.7549
         29.9078
         -6.1353
        -10.8183
         20.7078
         59.8428
         38.8063
         25.9586
        149.8438
        212.3969
          0.0000
          0.0000
          0.0000
          5.0598
          4.3378
          5.8065
          4.6411
         -9.1282
         10.3032
         24.1407
          6.3649
          3.1811
         12.6051
         25.7831
         77.9754
        151.2666
         99.0893
          7.3491
          0.0000
          0.0000
          0.0000
          0.0000
          0.8556
          3.2274
         -8.0049
         -6.5141
          0.0000
          9.3048
          4.2412
          0.5880
          2.0558
         -2.5550
         -0.7850
          0.0000
          0.0000
          0.0000
          0.0000
          0.0000
          0.0000
         28.9142
         21.4673
         -4.6225
         25.0221
         29.6775
         30.0688
         38.2210
        131.1226
        206.0503
         -6.1210
         -0.5040
         13.1863
         15.9643
         -0.6736
          2.5390
          8.9670
          9.2248
         53.6417
         -0.1971
         12.4468
          3.9497
         -2.2893
          3.4853
         17.8181
         14.3485
          7.1250
         -0.5647
          0.1560
          9.8534
          2.2327
         -0.1970
          5.8427
         -5.9537
          0.6227
         -0.6165
         -5.8666
        -13.0548
         -1.6577
          0.0000
          0.0000
         -6.2162
         -6.5899
         -1.2310
          0.0000
          0.0000
          0.0000
          0.0000
          0.0000
         21.9404
         10.0136
         17.8032
         13.4118
         33.6161
          5.4245
        -29.1312
         -3.0903
         -2.1616
         65.6380
         87.5609
          4.7944
         20.8129
          4.3981
         -1.6546
        -10.4922
        -19.0522
          1.5467
         13.0404
         22.1896
         40.8691
          5.6607
        -11.9677
         14.9777
         17.6957
         18.7352
         10.3237
         19.5865
         22.8354
         54.0380
         10.2266
         10.2412
          2.4678
         28.5781
        143.4242
         49.2232
         29.9311
         16.5216
         18.0857
          1.4008
         -5.4778
          2.2746
         -1.7733
         15.5885
          2.8268
          1.2413
          9.4756
          4.0488
        -11.1924
         25.1065
         22.7907
         38.3233
         32.6967
          2.6737
         -8.6474
         -0.3872
         -4.5779
          9.3735
          0.4527
         17.1602
         37.2681
          1.9899
         -0.8066
          1.5678
         -0.4520
         -4.6692
         -5.6901
          0.0000
          5.3321
          7.3017
          0.0000
          5.1240
          1.5212
         -5.0389
          0.1381
          0.0000
          0.0000
          0.0000
          0.0000
          0.0000
         -2.2988
         -6.0033
          3.3301
         -0.3338
         -0.0801
          0.0000
          6.5713
         14.1528
          6.9492
          5.9649
         10.0170
          1.7258
         -3.0547
         -8.0642
         -8.0519
         17.7506
         18.7525
         17.6956
         78.2560
          8.9265
          0.0000
          0.0000
          0.0000
          0.0000
          0.0000
          0.0747
          2.7620
         10.5827
         17.5001
         39.2781
         81.4187
        101.8388
         31.3556
         -3.1038
          0.0000
          0.0000
          0.0000
          0.7165
          0.0000
          1.6394
          9.6541
          0.7873
         -1.0270
          7.2981
          4.9129
          3.4155
          8.3304
          0.7603
         -8.3813
         -7.0236
          7.8754
         13.3992
         -4.4752
         -3.6148
          5.3971
          6.8554
         -1.4930
         71.7085
        124.4173
          2.2101
         -2.3170
          0.0000
          0.0000
         14.5781
         66.5071
        103.7711
         84.1854
          4.1162
        -31.3877
         29.2332
         87.0235
        -16.3549
        -25.8901
         13.8260
         22.7372
         36.8208
         31.4372
         28.4305
        108.0892
         90.0947
        103.3131
        187.8420
         63.9434
         15.8823
          0.4464
         48.6243
         77.6769
         13.7918
        -12.6105
         58.8817
          2.5808
         -0.2070
         35.6648
        126.6817
        105.9563
          4.8129
          5.5915
        -11.7930
        -20.1227
         -7.1341
         14.0982
         15.1814
         -2.6341
          1.8072
        181.3730
        204.2577
          0.0000
          0.0000
          0.0000
          0.0000
          0.0000
         10.1551
         -8.1888
        128.3071
        150.3189
         -6.1323
         -4.9430
         -0.1450
         -0.6761
         13.3566
         16.4494
         41.9120
         27.1475
         20.5700
         19.3227
         11.0096
        -11.0605
         -1.5640
         -7.2977
         -4.0287
          0.0000
          7.9094
         15.9460
          6.0544
          0.0000
         16.2162
         17.4612
          7.8628
         -0.1717
          0.0000
          0.0000
          0.0000
          0.0000
          0.0000
         -0.6537
        192.7593
         92.2608
          0.0000
          0.0000
          0.0000
          0.0000
         10.4329
          6.3936
         49.6363
          0.2010
          1.5749
          0.0000
          0.0000
          3.9924
         -0.4232
        -10.3369
         21.0045
         -0.9121
          4.0378
         16.7339
          1.2972
         -4.5585
          0.0000
         -0.1348
         50.0430
         41.0051
          0.8611
        -12.5935
          2.9349
          8.0122
          2.7197
          8.3366
         24.2367
         -4.5022
          0.0000
          0.0000
          0.0000
          0.0000
          0.0000
          0.0000
         -9.8152
          0.0000
          0.0000
          0.1395
          9.9477
          5.1707
          5.2952
         -0.3463
        103.6251
         69.2747
         -2.8880
         13.9305
        -19.2732
        -23.6358
          0.0000
         -6.8479
        -19.6285
          0.0000
          0.0000
          0.0000
          0.0000
          0.0000
          0.0000
          0.0000
          0.0000
          0.0000
          0.0000
          0.0000
          0.0000
          0.0000
          0.0000
          0.0000
        -13.4679
         -1.1778
          0.0000
          0.7865
          3.0184
          2.8362
          6.7392
          1.9987
          8.7053
         14.2339
         -5.8745
         -2.1952
          0.0000
          0.0000
          0.0000
          0.0000
         -7.7815
          0.0000
          0.0000
          0.0000
          0.0000
          0.0000
          1.9656
          0.2215
        -12.7138
         -5.4376
          0.0000
          0.0000
          0.0000
          1.4700
          9.6997
         23.5599
        102.0065
         57.7983
         15.3614
         22.1121
         19.4117
          7.7815
          9.0395
          9.5817
         91.7954
         30.5983
         -6.9536
        -20.9733
         -2.0585
          0.0000
          0.0000
         -2.4446
         -5.4006
         -4.7097
          0.3692
         11.4186
         -4.4125
          0.0000
          0.0000
          0.0000
        -12.7132
         -1.3964
          0.6644
          3.3340
          4.3394
          3.2771
         12.0173
         -1.3980
         -7.1572
          0.0000
          0.0000
          0.0000
          0.0000
          0.0000
         40.4745
         21.2334
         28.3768
         -0.2025
          0.0000
          0.0000
          0.0000
         15.3133
         30.5431
         55.9003
        178.2926
         56.2102
          0.0000
          0.0000
          6.4614
          0.0000
          0.0000
         -8.9310
        -10.8201
          4.1196
         -5.1536
         -0.9107
          0.0000
          0.0000
         13.5333
         41.0468
         40.9076
         -4.0177
          0.0000
          0.0000
          0.0000
         -0.2868
         12.7340
          9.9673
         26.7621
         13.5589
          3.6173
          0.0000
          0.0000
          0.0000
          0.0000
         -2.3433
         -6.3632
          0.0000
          0.0000
          0.0000
          0.0000
          0.0000
          0.0000
          0.0000
          0.0000
          0.0000
          0.0000
          0.0000
          6.8223
          0.0000
          0.0000
         -2.5534
         12.1070
         -9.4417
          7.5046
         22.0964
         84.3394
          4.4377
         -2.8111
         -4.1700
        141.1761
         41.6684
        111.3806
         64.5013
          6.7790
        -19.8949
         23.2322
         25.0852
         41.7901
         70.2900
        -13.3925
         -3.6164
          0.0000
          0.0000
          0.0000
         -0.3181
        -13.4600
          0.0000
          0.0000
          0.0000
          2.8766
          0.0000
         -0.1080
         -1.0514
         -9.2026
         -3.5803
          7.7113
         16.1567
         32.1687
        101.8931
        107.4509
         12.1448
         -6.4186
         32.1950
        -10.7555
         -0.8744
         13.6855
         32.1696
         37.5603
        208.6782
        115.2340
         -0.6332
          0.0000
         18.3654
         16.5282
          2.0871
         10.0301
         12.4625
         -1.5517
         -5.6943
          6.3733
         10.8702
          4.4559
         -4.3899
         -2.4821
          0.6885
          5.4073
          0.0000
          0.0000
          4.0398
         10.6991
         -2.7146
          5.2450
          1.2582
         43.4107
         15.7542
          7.9030
          4.5691
         12.2281
          6.1333
         15.5357
         24.1288
        128.3253
        -12.2409
         17.3693
         33.8385
         18.5532
         -7.6377
        -13.7050
        -13.7585
         95.5993
         14.1713
          0.0000
          0.0000
          0.0000
          6.8609
         10.0475
          0.5327
        -17.1966
         -1.5776
          0.0000
          3.3389
         16.1793
         17.3922
          2.5491
        -13.0464
        -15.8417
         -5.7285
          0.0183
         -4.5670
          0.0000
          0.0000
          5.0377
          3.7192
         -2.6870
         -3.6808
          1.0994
          0.0000
          0.0000
          0.0000
          0.0000
         10.6444
         -2.0583
          0.0000
          0.0000
          0.0000
          0.0000
          0.0000
          0.0000
          0.8908
        -14.4687
          0.0000
          0.0000
          0.0000
          0.0000
          0.0000
          0.0000
          0.0000
          0.0000
          0.0000
          0.0000
          0.0000
          0.0000
          0.0000
          0.0000
          0.0000
          0.0000
          0.0000
          0.0000
          0.0000
          0.0000
          0.0000
          0.0000
          0.0000
          4.1668
          0.0000
          3.4737
         -1.4305
          0.0000
         -1.1816
         -9.6909
         -8.3876
         -2.1465
         24.8271
          7.2961
         35.4234
         31.6000
         10.8382
          3.6049
         -9.5254
        -23.3249
        -18.1141
         21.7622
         19.1815
          8.1565
          2.0921
          9.1592
         79.3432
         44.0406
          8.0691
         41.5140
         18.4132
          3.4685
          1.3004
         11.1628
          4.8147
          4.8183
          2.5107
         39.6864
         -3.3002
         -3.1071
          0.0000
          4.8698
          2.9674
         -7.4109
          0.0000
          0.0000
          0.0000
          0.0000
          0.0000
         14.1456
          7.4006
          4.3077
         -9.5658
          0.0000
          0.0000
          0.0000
          0.0000
          0.0000
          0.0000
          0.0000
          0.0000
          0.0000
          0.0000
          0.0000
          0.0000
         12.8949
         44.0968
          7.7971
        -10.4391
         -5.6416
          0.0000
          0.0000
          0.0000
          0.0000
          0.0000
          0.0000
          0.0000
          0.0000
          0.0000
          0.0000
          0.0000
          0.0000
          6.9431
          5.9220
         -5.3700
         -6.5706
          0.0000
          0.0000
          0.0000
          0.0000
          0.0000
        -17.1107
         -3.0512
          0.9772
          0.0000
          0.0000
          0.0000
          0.0000
         29.1985
         26.7898
          4.5341
         -1.9311
         -9.7159
          0.0000
          0.0000
          0.0000
          9.6852
          0.5505
         -5.5668
         -1.3601
          8.7422
          0.0000
         -0.1355
         -3.1225
        -10.2261
         -7.6887
          0.0000
          0.0000
          0.0000
          0.0000
          0.0000
          0.0000
          4.3967
          4.7067
          0.0000
          0.0021
         23.4287
          5.9834
         -4.1071
          7.3923
         16.8909
          9.8396
         -1.0052
         12.1461
         17.9488
          0.3781
          0.0000
          0.6692
          0.0000
          0.0000
          0.0000
          0.0000
          0.0000
          0.0000
          0.0000
          2.3066
          7.7359
         15.6715
         -5.3088
         11.0934
         16.2941
          9.2805
          3.7193
          2.5068
          3.8652
         78.9099
          0.0000
          0.0000
          0.0000
          0.0000
          0.0000
          5.7093
         -9.1723
         -0.7435
          0.0000
          0.0000
          0.0000
          0.0000
          0.0000
          0.0000
          0.0000
          0.0000
          0.0000
          0.0000
          0.0000
          0.0000
          0.0000
          0.0000
          0.0000
          0.0000
          0.0000
          0.0000
          0.0000
          0.0000
          0.0000
          0.0000
          0.0000
         -1.8215
         -9.1236
          3.8732
         16.2355
          5.1920
          9.4191
        156.9745
         51.7927
        -15.3820
         -5.3123
         12.9958
         51.9630
         23.3264
         41.4872
         25.8669
        -10.6283
          0.0000
          0.0000
          0.0000
          0.0000
          0.0000
          0.0000
          0.0000
          0.0000
        -12.3423
         -1.0518
          0.0000
          0.0000
          0.0000
          0.0000
          0.0000
          2.9612
        -20.3862
        -19.2031
          1.5082
          6.8005
          3.8196
         -0.1011
        -13.8098
        -33.4329
         -3.6357
         -7.2772
         11.7242
         20.6656
         15.2746
          2.5505
          0.2908
        -12.4658
         -7.6703
         -6.1542
          4.6807
          7.1086
          4.7881
          7.3548
         21.1602
        214.1654
        187.2429
          0.0000
          2.5374
          8.7248
         35.0191
         39.6228
         21.2499
         69.0723
        164.9812
          0.0000
          0.0000
         19.1535
          2.5836
         -6.1416
         -1.6119
        -15.7170
         -2.1184
         -1.3098
         -2.1778
          0.0000
          0.0000
          0.0000
          4.4195
         12.1851
         23.0952
         19.3306
          4.4116
         -0.7083
          0.0000
          0.0000
          6.5203
         19.4565
         17.0868
          7.2305
          8.4223
         10.5630
         -0.9642
         -3.4610
         -0.9398
          1.3020
          3.8782
          0.7364
         12.8807
         40.4321
         17.7383
         -5.0002
         -1.7278
          0.1036
          6.3356
         -1.9032
          5.9961
          7.3061
          4.5481
        189.6240
        153.1194
        122.3957
         -3.7984
         -6.0997
          5.3337
          0.0000
          0.0000
          0.0000
          9.6410
         33.1798
         41.1036
        -17.8307
         -3.5902
          0.0000
          0.0000
          7.4186
         19.8817
         40.5367
        144.2751
         18.2575
          9.4801
         26.2253
          5.5487
        -13.3713
          6.1063
         22.7641
         18.5490
         -5.6476
          0.0000
         22.9167
         11.7097
         -3.6652
         -3.3357
         16.8686
         41.7550
         -6.6872
         10.4244
         19.9388
         17.7810
        204.5312
         15.7632
         25.3720
         31.7562
        -31.2867
          7.3794
         11.0893
         26.2845
        100.0358
        270.2567
        -15.5948
        -18.3189
         47.5177
         17.1183
          0.0000
          0.0000
          0.0000
         13.1329
          0.0000
          0.0000
          0.0000
          0.0000
          0.0000
          0.0000
          0.0000
          6.5436
         -3.8999
         -2.7348
          9.8664
         17.8418
         32.4965
         19.8117
          2.5755
         11.4640
        202.3092
        320.5654
        187.0554
          2.8891
         10.2476
         28.3062
         85.5325
        181.2918
        168.7283
          3.7222
          0.0000
          0.0000
          0.0000
          0.0000
          0.0000
          0.0000
          0.0000
          0.0000
          0.0000
          0.0000
          6.2079
          0.0000
          0.0000
         20.8366
         24.1956
         83.5318
        192.0699
         61.7631
          0.5622
         -8.4619
        -17.3522
        -13.2637
         -1.0604
         57.5280
        -35.9494
         -9.6025
          9.6128
          2.1002
        -13.3152
          0.4677
        102.8090
        191.3994
         75.0944
        100.8151
        156.9959
         40.2573
         -2.2217
         -0.6285
        103.0857
        279.4562
         38.6215
        -15.0804
         19.3378
         -4.9628
        -21.5303
        -31.7066
        126.5528
        581.1840
        426.9532
         37.2434
         35.5612
          7.7797
        -12.0698
        -19.5969
        -13.9155
        148.5608
        271.5729
        114.0896
         48.6126
         63.0853
        234.9542
        407.3890
        481.0435
          0.0000
          0.0000
          0.0000
          0.0000
          0.0000
          0.0000
          0.0000
          0.0000
          0.0000
          0.0000
          0.0000
          0.0000
          0.0000
          0.0000
          5.7113
         33.3942
         21.3009
         29.1281
         91.6365
         40.8205
         -1.0289
         -2.5012
         -9.3680
         15.5003
          0.0000
          0.0000
          0.0000
         19.6262
         28.9778
          4.9847
          3.6016
         -2.7029
         -8.7064
         41.9516
         56.8879
         15.0637
          9.0659
         21.1356
         28.2458
        159.7200
        312.8668
         47.5735
          0.0000
          0.0000
          0.0000
          0.0000
          4.3620
         -0.5398
          7.7796
         -4.4935
          0.0000
          0.0000
          0.0000
          0.0000
          7.5717
         21.6902
        170.3086
        212.7437
          3.8664
          0.0000
          0.0000
          1.9019
         52.8131
         83.0498
         48.6496
          0.0000
          0.0000
         22.6581
          5.3603
          2.6190
          2.7749
         -9.7455
         -8.6606
          0.0000
          0.0000
          0.0000
          0.0000
          0.0000
          0.0000
          0.0000
         -9.2346
          0.0000
          0.0000
          0.0000
          0.0000
          0.0000
          0.0000
          1.3524
          0.0000
         -1.6116
          0.0000
          0.0000
          0.0000
          0.0000
         11.5590
         20.6108
         18.4970
          9.1070
         22.1895
         43.5420
         35.8901
         -8.1007
          0.8237
         28.6395
        104.1728
        359.0479
        414.2894
        471.5667
        329.0882
         92.7847
         -9.2206
         -7.1999
         62.8066
        101.4659
          5.7482
         43.8851
         40.1413
        -13.6372
         -9.6953
        -34.6757
         77.4631
         26.8585
         13.1514
        -32.7748
        -28.3287
        -25.8682
        -18.1033
         34.8771
          2.2631
         -9.4747
          0.0000
         17.5062
         -9.7138
        -19.1013
          1.3583
          0.0000
         -0.8729
          0.0000
          0.0000
         74.5131
        106.7646
          0.0000
          0.1285
          4.7899
          0.0000
          0.0000
          3.7965
          1.4285
         -0.6836
         -0.0084
         -5.5846
        116.6856
        239.8938
         -1.2332
         17.2998
         64.3348
        241.9400
        357.5495
        438.3530
        156.9101
         30.9568
          4.5047
         83.8097
        236.5751
          0.0000
         10.1278
         55.8529
         24.8170
         -2.8967
         29.6232
         15.2940
         13.7583
          0.8406
          6.3505
         14.4040
         15.1460
        -10.3417
          0.0000
          0.0000
          0.0000
          0.0000
          0.0000
          0.0000
          1.4784
         -0.6683
          0.0000
          0.0000
          0.0000
          0.0000
          0.0000
          0.0000
          1.3490
        -17.0724
         -0.1942
          5.9494
          0.0000
          0.0000
          0.0000
          0.4820
         -3.8742
        -12.3817
          0.0000
          0.0000
          0.0000
          0.0000
         13.0970
         -1.5541
        -16.9906
         -6.8481
          2.9938
          2.8135
         -2.0965
         11.2326
         11.6266
         28.5711
        260.2833
         21.9132
         -2.2059
          4.4579
         12.0019
          0.0000
         63.1957
        146.5916
          0.3073
        -12.3491
          0.0000
          1.3509
        118.5068
        137.9413
         -3.8511
         -1.0577
         10.2246
         53.5336
          0.0000
         11.0151
         36.8001
          5.0654
          6.1037
         50.6199
        274.3822
         -2.4826
          0.0000
          0.0000
          0.0000
          0.0000
          1.7575
          1.7161
          4.4141
         22.8311
          0.0000
          0.0000
          0.0000
          6.5536
          0.0000
         13.1482
          0.0000
          0.0000
          6.4386
         17.0597
         17.1731
          0.0000
          0.0000
          0.0000
          5.7112
         -6.8629
         -5.4211
          0.0000
          0.0000
          0.0000
          4.0183
         18.8511
         30.3136
         41.0384
         45.7417
         15.8199
          4.8521
          7.2796
         16.7317
        149.9907
        219.7052
          9.2472
          0.0000
          0.0000
         13.1422
         28.8493
         30.7113
          1.1667
         -0.8147
          0.0000
         22.7052
         30.1302
         43.2111
         17.4140
         90.6430
         56.1419
          0.0000
          0.0000
          0.0000
          0.0000
         32.0504
         10.6987
         -5.1806
         10.0046
          0.0000
          2.7513
         -3.3045
         24.4226
         12.3755
         -1.3791
         14.1777
         26.4451
         52.7651
        251.4675
         65.6070
        129.8655
         25.3228
         -5.0196
         -3.3582
         -0.3297
         54.4426
        108.1306
          0.0000
          0.0000
         44.0013
         23.9090
         17.0999
        -13.4328
          0.0000
          0.0000
          0.0000
          0.0000
         15.5243
         11.8523
         28.1917
          8.6251
         -4.6190
         -1.5459
          0.0000
          0.0000
          0.0000
          0.0000
          9.3653
          8.3495
          0.0000
          0.0000
          0.0000
          1.1114
         32.6446
         25.2840
         23.4428
         14.7767
         15.4088
         45.5289
         -1.8772
         11.2301
         34.5143
         94.8923
         84.4779
         63.2782
         69.7537
         71.2093
          0.0000
          5.6950
         21.3115
          0.0000
        118.5610
        117.1821
         35.6305
          0.6369
          0.0000
          0.0000
          0.2957
          0.0000
          0.0000
         11.5250
         21.6004
        145.0655
         33.4932
         12.9974
          1.7392
          0.0000
          0.0000
         32.9104
         -3.7703
         -8.8206
         29.4618
         22.6585
         52.0075
         31.9112
         91.0122
        149.2758
        229.1936
        159.2543
         70.1346
          0.0000
          0.0000
          0.0000
          0.0000
         10.6971
          2.7530
         -6.9892
         -2.4136
         14.1175
         33.2135
         17.7620
          5.9147
         21.3750
          0.1903
          8.3195
          0.0000
          4.9137
         36.8605
          6.7013
          2.8328
          7.0044
         -3.2968
          0.0000
          0.0000
         10.1346
         32.2097
          5.9049
        210.5064
        205.9963
         78.1051
          0.0000
          0.0000
          0.0000
         14.4737
         12.1543
        161.3155
        119.3630
          0.0000
          0.0000
          0.0000
          0.1496
         14.5063
          6.5896
         12.5909
         24.8796
         35.4808
         66.8284
         66.8284
