      0.0000
      0.0000
      0.0000
      0.0000
      0.0000
      0.0000
    -18.6256
      0.0000
      0.0000
      0.0000
      0.0000
      0.0000
      0.0000
      0.0000
     -5.6356
      0.0000
      0.0000
      0.0000
      0.0000
      0.0000
      0.0000
      0.0000
      0.0000
      0.0000
      0.0000
      0.0000
      0.0000
      0.0000
      0.0000
      0.0000
      0.0000
      0.0000
      0.0000
      0.0000
      0.0000
     17.6608
     21.0948
     22.2905
     88.9163
      0.0000
      0.0000
      0.0000
      0.0000
     20.3709
    -25.0205
    -25.8295
     44.4075
      0.0000
      0.0000
      0.0000
      0.0000
     17.4219
     34.4540
    128.2101
    178.0457
     39.9672
      3.8306
      0.0000
      0.0000
      0.0000
     36.6894
     20.2690
     74.5037
    105.6570
     39.6626
     20.9473
     13.6182
      0.0000
      0.0000
      0.0000
     23.4957
     52.6184
     -4.5885
    -13.1454
     -1.0546
    114.2679
     60.7767
     -9.6554
     60.7869
    312.2583
    248.3417
    269.9420
     65.1101
      0.0000
      0.0000
      0.0000
      0.0000
      0.0000
      0.0000
      0.0000
      0.0000
      0.0000
      0.0000
      0.0000
    111.4105
    105.5234
     39.9019
    124.1301
    178.9790
    350.3625
    133.7570
    -11.2963
      0.0000
      0.0000
      0.0000
      0.0000
      0.0000
      0.0000
      0.0000
      0.0000
      0.0000
      0.0000
     24.6772
      0.0000
     -2.0536
    -14.3183
     -0.5795
      0.0000
     62.7885
     28.6810
      0.0000
      0.0000
      0.0000
      0.0000
      0.0000
      0.0000
      0.0000
      0.0000
      0.0000
      0.0000
      0.0000
      0.0000
      0.0000
     78.0815
     43.0056
     -3.4992
    -20.5363
    -18.8102
    -10.4617
     -8.1018
     -2.0836
    116.9180
      0.0000
      0.0000
      0.0000
      0.0000
     12.7616
     20.4733
     76.3712
    131.2382
      0.5082
      0.0000
      0.0000
      5.0055
     14.8463
      0.0000
      0.0000
      0.0000
      0.0000
      0.0000
      0.0000
      0.0000
      0.0000
      0.0000
      0.0000
      0.0000
      0.0000
      0.0000
      0.0000
      0.0000
      0.0000
      0.0000
      0.0000
      0.0000
     -5.9688
      0.0000
      0.0000
      0.0000
      0.0000
      0.0000
      0.0000
      0.0000
      0.0000
      0.0000
      0.0000
      0.0000
      0.0000
      0.0000
      5.7698
      0.0000
      0.0000
      0.0000
     18.2733
      9.7542
     18.9009
      3.9488
      0.0000
      1.1377
     76.1912
     66.5665
    160.4068
    240.5260
    212.6916
    118.2963
    -66.4307
    -48.0792
      0.0000
     87.7395
     33.7079
    -10.0899
      7.9038
     -7.2721
     -9.8996
      0.0000
    129.1338
    136.0357
     25.3538
     23.5151
     45.1772
     45.5553
     16.7833
    -12.9909
     81.1113
    111.2800
     14.8566
     34.3497
      0.0000
      0.0000
      0.0000
      0.0000
      0.0000
      0.0000
      0.0000
      0.0000
      0.0000
      0.0000
      0.0000
      0.0000
      0.0000
      0.0000
      0.0000
      0.0000
      0.0000
      0.0000
      0.0000
     20.2060
    108.0717
     45.6522
    -23.7357
    -11.7875
    -31.0481
    -43.1594
    -17.3195
    -21.7099
     75.2901
      0.0000
      0.0000
      0.0000
      0.0000
      0.0000
     48.1776
      0.0000
      0.0000
      0.0000
      0.0000
      0.0000
      0.0000
      0.0000
      4.4922
      0.0000
      2.3891
     89.1827
    196.6038
    124.2997
      0.0000
      0.0000
      0.0000
      0.0000
     21.7086
    126.7196
      9.5555
    -15.0351
    -23.2025
    -10.8695
    -33.7608
    -17.2077
      0.0000
    279.7110
     23.2506
      2.9351
      0.0000
      0.0000
      0.0000
      0.0000
     12.7437
     22.1683
      5.3854
    -10.8373
      2.7060
      7.1620
     -2.3728
    354.5759
    435.9465
     16.4870
      0.0000
      0.0000
      0.0000
      0.0000
      0.0000
      0.0000
      0.0000
      0.0000
      0.0000
      0.0000
     -1.8299
      0.0000
      0.0000
      0.0000
      0.0000
      0.0000
     13.8418
      0.0000
      0.0000
     23.1251
     41.9106
     23.3842
    148.5269
    104.2001
     52.8264
      6.7570
    -17.9087
    149.8639
    338.4407
     58.8249
     -2.6310
      0.0000
      0.0000
      0.0000
     21.6793
    153.1166
    112.5423
     -5.6655
     10.2479
     20.5819
     28.5759
     -0.8310
    -14.3996
    -13.5499
    -41.4271
    -52.8567
      4.5964
     27.4789
    -32.2798
      8.7275
    183.4938
    183.5848
     31.8314
     60.1668
      0.0000
      0.0000
      0.0000
      0.0000
      0.0000
      4.0165
    -14.4836
     25.3034
    178.5270
     86.7501
    -35.8622
    -40.2173
      0.0000
      0.0000
      0.0000
    -28.0956
     61.6016
     91.1893
     49.1538
    -12.1430
    -13.0465
    -19.0637
    -39.2725
    -41.0564
    123.5713
    215.8251
     14.7884
    -21.0717
      0.0000
      0.0000
     11.1038
      0.0000
     54.1424
     51.1375
      0.0000
      0.0000
      0.0000
      0.0000
      0.0000
      0.0000
      0.0000
      0.0000
      0.0000
      0.0000
      1.6196
     25.1131
     43.6743
      0.0000
      0.0000
      0.0000
      0.0000
     30.0638
    160.3006
    416.0843
     96.9441
      0.0000
      0.0000
      0.0000
      0.0000
      0.0000
      0.0000
     -4.4771
     -8.2615
    113.0907
     56.2452
      0.0000
      0.0000
      0.0000
      0.0000
      9.9394
     71.5249
    129.8502
      0.0000
      0.0000
      0.0000
      0.0000
      0.0000
      0.0000
     34.5347
    107.7407
      0.0000
      7.8483
     -1.8872
     -5.6370
    -16.9981
    -23.6193
    -55.1602
    -25.9464
    191.6755
     11.2823
     -1.6393
      0.0000
      0.0000
     19.1698
     99.7875
    258.3244
     12.3246
      0.0000
      0.0000
      0.0000
      0.0000
      0.0000
      0.0000
      0.0000
     31.3544
      0.0000
      0.0000
      0.0000
      0.0000
      0.0000
      0.0000
      0.0000
     43.2047
     55.9173
      0.0000
      0.0000
      3.1328
     50.4916
     -4.5442
    -18.0459
     93.5225
     78.4553
    277.9037
    441.5409
    269.8096
    122.3331
     48.5528
      0.0000
      0.0000
      0.0000
      0.0000
      0.0000
      0.0000
      0.0000
      0.0000
      0.0000
      0.0000
      0.0000
      0.0000
      9.9565
     11.6156
      8.5669
     71.4601
     47.3167
      0.0000
      0.0000
      0.0000
      0.0000
      0.0000
     27.8716
      0.0000
      0.0000
      0.0000
      0.0000
      0.0000
      0.0000
      0.0000
      0.0000
     -3.2027
     -7.6976
     14.7347
     19.5385
      0.0000
      0.0000
      0.0000
      0.0000
      0.0000
    -15.1647
    109.7641
    204.4839
    316.5268
    356.4082
    306.8465
    371.4440
    322.1685
      0.0000
      0.0000
      0.0000
      0.0000
      0.0000
      0.0000
      0.0000
      0.0000
      0.0000
     -7.6063
      0.0000
      0.0000
      0.0000
      0.0000
      0.0000
      0.0000
      0.0000
      5.8167
     62.8951
      2.3030
    -42.8022
    -33.1821
     -3.9563
    -14.5906
    160.2920
    260.5019
    147.4928
    214.4424
    221.9374
    261.2232
    193.5742
     91.5421
      0.0000
      0.0000
      0.0000
      0.0000
      0.0000
      0.0000
      0.0000
      0.0000
      0.0000
     68.5316
     24.8813
    -38.2225
    -39.2799
      0.0000
      0.0000
     19.3860
     97.3613
    113.8619
     16.9704
    -37.3452
      0.0000
      0.0000
      0.0000
      0.0000
      0.0000
      0.0000
      0.0000
      0.0000
      0.0000
      0.0000
      0.0000
      0.0000
      0.0000
      0.0000
      0.0000
      0.0000
      0.0000
      0.0000
      0.0000
      0.0000
      0.0000
      0.0000
      0.0000
      0.0000
      0.0000
      0.0000
      0.0000
      0.0000
      0.0000
      0.0000
      0.0000
      0.0000
      0.0000
     60.0410
    179.1550
    340.5156
    114.1722
      0.0000
      0.0000
      0.0000
      0.0000
     22.3182
    153.5226
    282.5408
      0.0000
      0.0000
      0.0000
      0.0000
      0.0000
     20.2117
    178.4604
    132.2194
      0.0000
      0.0000
      0.0000
      0.0000
     14.4075
      3.2632
     34.5123
     -9.7124
     68.4628
     23.2357
     36.8335
     39.8760
     27.0960
     34.9286
     79.7448
     30.0690
      0.0000
      0.0000
     17.9039
     41.0616
      0.0000
      0.0000
     18.8949
    154.4030
     23.1417
     57.2207
      0.0000
      0.0000
      0.0000
      0.0000
      0.0000
      0.0000
      0.0000
      0.0000
      0.0000
      0.0000
      0.0000
      0.0000
      0.0000
      0.0000
      0.0000
      0.0000
     22.4346
     25.5504
     29.3626
     22.0089
     60.2013
    263.7477
    159.0635
      0.0000
    142.3136
    179.2990
    156.4468
     30.5161
      0.0000
      0.0000
      0.0000
      0.0000
      0.0000
      0.0000
      0.0000
      0.0000
      0.0000
      0.0000
      0.0000
     32.1554
     18.5355
    -20.5821
    -19.5820
    -34.0835
    -41.2223
    -32.6940
    -35.9011
    -14.9724
    -21.3695
    -33.8209
     61.1319
     97.8673
      0.0000
      0.0000
      0.0000
     -1.9519
      0.0000
     21.1820
     16.6417
     27.0073
     64.2275
    167.3075
    386.6860
      0.0000
      0.0000
      0.0000
      0.0000
      0.0000
      0.0000
      0.0000
      0.0000
      0.0000
      0.0000
      0.0000
      0.0000
      0.0000
      0.0000
      0.0000
      0.0000
      3.8854
    -26.0816
    -13.8793
    -24.1160
    -24.7026
    -26.6868
    -38.8542
    -13.3036
     41.4021
     27.3978
    -25.6348
    -26.1744
      0.0000
      0.0000
    -10.9651
    -21.5291
     65.7787
     96.9124
     61.1926
    -43.9186
    -37.6516
      0.0000
      0.0000
      0.0000
      0.0000
      0.0000
      0.1848
      0.0000
      0.0000
      0.0000
      0.0000
      0.0000
      0.0000
      0.0000
      0.0000
     56.3827
     -1.7751
    -14.9419
      9.0854
      0.0000
      0.0000
      0.0000
      0.0000
      0.0000
     -0.9725
     27.1846
     73.3444
    114.9440
     13.9746
      8.9994
     29.1099
     49.8671
      0.0000
      0.0000
      0.0000
      0.0000
     32.4960
      0.2520
      0.0000
      0.0000
      0.0000
      0.0000
      0.0000
      0.0000
      0.0000
      0.0000
      0.0000
      0.0000
      0.0000
      0.0000
      0.0000
      0.0000
      1.7978
     37.7267
     25.7500
    139.1757
    204.4015
     55.4945
      0.0000
      0.0000
      0.0000
      0.0000
     10.0056
     -4.3429
    155.5778
    128.9957
     36.4064
     97.6880
    313.9696
    134.8216
      0.0000
      0.0000
      0.0000
      0.0000
      0.0000
      0.0000
      0.0000
      0.0000
      0.0000
      0.0000
      0.0000
      0.0000
      0.0000
      0.0000
      0.0000
      0.0000
      0.0000
      0.0000
      0.0000
      1.9184
     43.4271
    202.6519
     31.7676
      0.0000
      0.0000
      0.0000
      0.0000
      0.0000
      0.0000
      0.0000
      0.0000
      0.0000
      0.0000
      0.0000
      0.0000
      0.0000
     15.2780
      0.0000
     70.0428
     34.5814
    -28.6468
    -16.6485
      5.9441
     -2.6861
     -4.8014
     16.3171
      0.0000
      0.0000
      0.0000
      0.0000
     81.1412
     34.8606
      0.0000
      0.0000
      0.0000
      0.0000
      0.0000
      0.0000
      0.0000
      0.0000
      0.0000
     15.2765
     55.6842
     17.5905
     25.4908
     72.5347
      0.0000
      0.0000
      0.0000
     71.3883
    215.0143
     54.4170
      0.6433
      0.0000
      0.0000
      0.0000
      0.0000
      0.0000
     38.7339
     30.0747
      3.9875
      0.0000
      0.0000
      0.0000
      0.0000
      0.0000
     74.5732
    115.1011
      3.5077
     50.8475
     19.2539
     18.9317
    -14.8988
     30.8950
    105.9097
     59.1320
     -6.0200
    -11.0295
    -16.8445
    -24.9206
    -44.4612
     93.6759
     68.9776
      0.0000
      0.0000
      0.0000
      0.0000
      0.0000
      0.0000
      0.0000
      0.0000
      0.0000
      0.0000
      0.0000
      0.0000
      0.0000
      0.0000
      0.0000
      0.0000
      0.0000
      0.0000
      0.0000
      0.0000
     32.9963
     24.4504
      0.0000
      0.0000
      7.9088
     85.7907
      0.0000
      0.0000
     34.6754
     28.4182
      0.0000
     -3.1068
      0.0000
     -0.1915
      0.0000
      0.0000
      0.0000
      0.0000
      0.0000
      0.0000
      0.0000
      0.0000
      0.0000
      0.0000
      0.0000
      0.0000
      0.0000
      0.0000
      0.0000
      0.0000
     29.5607
    251.0779
    287.0752
    203.5812
    363.0431
    100.4970
      0.0000
      0.0000
      0.0000
      0.0000
      0.0000
      0.0000
      0.0000
      3.8466
     26.9197
     88.2262
     53.8221
      0.0000
      0.0000
      0.0000
      0.0000
      0.0000
      0.0000
      0.0000
      0.0000
      0.0000
      0.0000
      0.0000
      0.0000
     -0.3401
      0.0000
      3.3209
      3.7361
      0.9829
     -7.8241
    -20.6456
      0.0000
      0.0000
      0.0000
      0.0000
      0.0000
     28.4908
     92.7964
    174.6311
    197.3191
     62.1458
      0.4517
      0.0000
      0.0000
      0.0000
      0.0000
      0.0000
      0.0000
     48.0895
     41.3062
      4.7056
     24.3935
     36.8301
    110.8591
    113.4759
     53.1961
     98.4744
     37.3456
      0.0000
      0.0000
      0.0000
      0.0000
      0.0000
      0.0000
      0.0000
      0.0000
     10.1556
    -17.3307
     -2.3729
     -4.8078
     -3.5132
      0.0000
      0.0000
     73.2009
     14.8336
    -24.8577
      0.0000
      0.0000
     -2.3990
      0.0000
      0.0000
      0.0000
      0.0000
      0.0000
      0.0000
      0.0000
      0.0000
      0.0000
      0.0000
      0.0000
      5.3864
      0.0000
      0.0000
     15.2312
     -8.8658
     81.1215
     24.9117
      0.0000
      0.0000
      0.0000
      0.0000
      0.0000
      0.0000
      0.0000
      0.0000
      0.0000
      0.0000
      0.0000
      0.0000
      0.0000
      0.0000
      0.0000
      0.0000
      0.0000
      0.0000
      0.0000
      0.0000
      0.0000
     19.0596
     42.8316
     13.7777
      6.8908
      0.0000
      0.0000
      0.0000
      0.0000
      0.0000
      0.0000
      0.0000
      0.0000
      0.0000
      0.0000
      2.1934
      0.9193
      3.8601
      0.0000
     65.0052
     84.6606
    -12.2860
    -22.9461
      0.0000
      0.0000
      0.0000
      0.0000
      0.0000
      0.0000
     14.1339
    -14.3417
    -25.0659
     -9.1657
      0.0000
      0.0000
      0.0000
      0.0000
      0.0000
      0.0000
      0.0000
     47.9322
     69.6801
     51.8373
     82.9283
     22.5493
     -9.1613
      0.0000
      0.0000
      0.0000
      0.0000
      0.0000
      0.0000
      0.0000
      0.0000
      0.0000
      0.0000
      0.0000
      0.0000
      6.5899
     30.4508
     98.5773
      0.0000
      0.0000
      0.0000
      5.5318
     -0.6994
      0.0000
      0.0000
      0.0000
      0.0000
      0.0000
      0.0000
      0.0000
      0.0000
      0.0000
      0.0000
      0.0000
      0.0000
      0.0000
      6.3023
     19.4268
     27.4668
     27.0168
     33.4327
     18.6802
     -9.9622
      9.7836
      0.0000
      0.0000
     54.3964
     74.1633
      0.0000
      0.0000
      0.0000
      0.0000
      0.0000
      0.0000
      0.0000
      0.0000
      6.1365
     21.9882
     -0.8352
      0.0000
      0.0000
      0.0000
      0.0000
      0.0000
      0.0000
      0.0000
      0.0000
      0.0000
      0.0000
      0.0000
      0.0000
      0.0000
      0.0000
      0.0000
      0.0000
      0.0000
      0.0000
      0.0000
      0.0000
      0.0000
      0.0000
      0.0000
      0.0000
     17.2427
     46.2330
     14.3620
      8.3711
      0.0000
      0.0000
      0.0000
      0.0000
      0.0000
      0.0000
     19.3667
      3.6385
      0.0000
      0.0000
      0.0000
      0.0000
      0.0000
      0.0000
      0.0000
      3.3993
     19.2407
     51.7178
     14.3528
      0.0000
      0.0000
      0.0000
      0.0000
      0.0000
      0.0000
      0.0000
      0.0000
      0.0000
      0.0000
      0.0000
      0.0000
      0.0000
      0.0000
      0.0000
      0.0000
      0.0000
      0.0000
      0.0000
      0.0000
      0.0000
      0.0000
      0.0000
      0.0000
      0.0000
      0.0000
      0.0000
      0.0000
      0.0000
      0.0000
      0.0000
      0.0000
      0.0000
     19.7089
     21.9200
      7.5135
     55.4125
     57.1673
     99.6363
    149.2619
      0.0000
      0.0000
      0.0000
      0.0000
      0.0000
      0.0000
      0.0000
      0.0000
      0.0000
      0.0000
      0.0000
      0.0000
      0.0000
      0.0000
      0.0000
      0.0000
      0.0000
      0.0000
      0.0000
      0.0000
      0.0000
      0.0000
      0.0000
      0.0000
      0.0000
      0.0000
      0.0000
      0.0000
      0.0000
      0.0000
      0.0000
      0.0000
      0.0000
      0.0000
      0.0000
      0.0000
      0.0000
      0.0000
      2.3808
      0.0000
      0.0000
      0.0000
      0.0000
      0.0000
      0.0000
      0.0000
      0.0000
     20.1027
     16.1169
      3.6095
      0.0000
      0.0000
      0.0000
      0.0000
    114.6483
     20.7495
      0.0000
      0.0000
      0.0000
      0.0000
    123.8985
    244.5515
      3.7027
      0.0000
      0.0000
      0.0000
      0.0000
      0.0000
      0.0000
      0.0000
      0.0000
      0.0000
    200.5032
     45.2171
      0.0000
      0.0000
      0.0000
      0.0000
     -0.7874
     26.2930
     23.8815
      0.0000
      0.0000
      0.0000
      0.0000
      0.0000
      0.0000
      0.0000
      0.0000
      0.0000
      0.0000
      0.0000
      0.0000
      0.0000
      0.0000
      0.0000
      0.0000
      0.0000
      0.0000
      0.0000
      0.0000
      0.0000
     10.3757
      0.0000
      0.0000
      0.0000
      0.0000
      0.0000
      0.0000
      0.0000
      0.0000
      0.0000
      0.0000
      0.0000
      0.0000
      5.7292
     68.5512
     35.4658
     15.9294
      0.0000
      0.0000
      0.0000
      0.0000
      0.0000
      0.0000
      0.0000
      0.0000
      0.0000
     22.4858
     30.7748
      7.3011
      9.9444
      2.6697
     -8.7966
      0.0000
     54.6621
      0.0000
      0.3740
      0.0000
     52.5308
     86.6039
     34.4104
     -6.0141
      0.0000
      0.0000
      0.0000
      0.0000
     19.1216
      0.0000
      0.0000
      0.0000
      0.0000
      0.0000
      0.0000
      0.0000
      0.0000
      0.0000
      0.0000
      0.0000
      0.0000
      0.0000
      0.0000
      0.0000
      0.0000
      0.0000
      0.0000
      0.0000
      0.0000
      0.0000
      0.0000
     40.4555
    125.1173
     74.5484
      0.0000
      0.0000
      0.0000
      0.0000
      0.0000
     14.0383
      0.0000
      0.0000
      0.0000
      0.0000
      0.0000
      0.0000
      0.0000
      0.0000
      0.0000
      0.0000
      0.0000
      0.0000
      0.0000
      0.0000
      0.0000
      0.0000
      0.0000
      0.0000
      0.0000
      0.0000
      0.0000
      0.0000
      0.0000
      0.0000
      0.0000
      0.0000
      0.0000
      0.0000
      0.0000
      0.0000
      0.0000
      0.0000
      0.0000
      0.0000
      0.0000
      0.0000
      0.0000
      0.0000
      0.0000
      0.0000
      0.0000
     29.1371
     13.3268
      0.0000
      0.0000
      0.0000
      0.0000
      0.0000
     16.8014
     41.7841
      9.4068
      0.0000
      0.0000
      0.0000
      0.0000
     16.0528
      0.0000
      0.0000
     16.7860
     19.8581
      0.0000
      0.0000
     12.3283
     20.1255
     35.1261
     13.7577
      0.0000
      0.0000
      0.0000
      0.0000
      0.0000
      0.0000
      0.0000
      0.0000
      0.0000
      0.0000
      0.0000
      0.0000
      0.0000
      0.0000
      0.0000
      0.0000
      0.0000
      0.0000
      0.0000
      7.3784
     16.6841
      0.0000
      4.3234
     26.0045
      0.0000
      0.0000
      0.0000
      0.0000
      0.0000
     12.2482
      5.5839
      3.7005
      0.0000
      0.0000
      0.0000
      0.0000
      0.0000
      0.0000
      0.0000
      0.0000
      0.0000
      0.0000
      0.0000
      0.0000
      0.0000
     14.8467
     -2.1000
      0.6390
      0.0000
      0.0000
      0.0000
      0.0000
      0.0000
      0.0000
      0.0000
      0.0000
      0.0000
      0.0000
      0.0000
      0.0000
      0.0000
      0.0000
      0.0000
      0.0000
      0.0000
      0.0000
      0.0000
      0.0000
      0.0000
      0.0000
     20.1799
     18.2215
      0.0000
      0.0000
      0.0000
      0.0000
     35.7754
      0.0000
      0.0000
      0.0000
      0.0000
      0.0000
      0.0000
      0.0000
      0.0000
      0.0000
      0.0000
      0.0000
      0.0000
      0.0000
      0.0000
      0.0000
      0.0000
      0.0000
      0.0000
      0.0000
      0.0000
      0.0000
      0.0000
      0.0000
     20.9639
     12.6305
     18.7361
     14.5955
      0.0000
      0.0000
      0.0000
      0.0000
      0.0000
      0.0000
      0.0000
      0.0000
      0.0000
      0.0000
      0.0000
      0.0000
      0.0000
      0.0000
      0.0000
      0.0000
      0.0000
      0.0000
      0.0000
      0.0000
      0.0000
      0.0000
      0.0000
      0.0000
      0.0000
      0.0000
      0.0000
      0.0000
      0.0000
      0.0000
      0.0000
      0.0000
      0.0000
      0.0000
      0.0000
      0.0000
      0.0000
      0.0000
      0.0000
      0.0000
      0.0000
      0.0000
      0.0000
      0.0000
      0.0000
      0.0000
      0.0000
      0.0000
     22.7009
     55.4225
      7.7620
      0.0000
      0.0000
      0.0000
      0.0000
      0.0000
      0.0000
      0.0000
      0.0000
      0.0000
      0.0000
      0.0000
      0.0000
      0.0000
      0.0000
      0.0000
      0.0000
      0.0000
      0.0000
      0.0000
      0.0000
      0.0000
      0.0000
      0.0000
      0.0000
      0.0000
      0.0000
      0.0000
      0.0000
      0.0000
      0.0000
      0.0000
      0.0000
      0.0000
      0.0000
     17.8583
     -1.7179
    -18.7160
      0.0000
      0.0000
      0.0000
      0.0000
      0.0000
     29.7981
     27.6014
     21.8390
      0.0000
      0.0000
      0.0000
      0.0000
      0.0000
      0.0000
      8.7504
     -5.7496
     20.1445
      0.0000
      0.0000
      0.0000
      0.0000
      0.0000
      3.7296
     -3.2615
      0.0000
      0.0000
      0.0000
      0.0000
      0.0000
      0.0000
      0.0000
      0.0000
      0.0000
     28.2735
     16.3760
     12.1480
      4.2361
      0.0000
      0.0000
     10.8772
     28.0893
     67.4288
     16.9622
      0.0000
    -13.9358
    -22.1796
     -3.4630
    -15.4530
      0.0000
      0.0000
      0.0000
      0.0000
      0.0000
      0.0000
      0.0000
      0.0000
      0.0000
      0.0000
      0.0000
      0.0000
      0.0000
      0.0000
      0.0000
      6.0869
      0.0000
      0.0000
      0.0000
      0.0000
      0.0000
      6.5322
      2.8878
    -11.5633
    -17.9980
      0.0000
      0.0000
      0.0000
      0.0000
      0.0000
      0.0000
      0.0000
      0.0000
      2.5385
      0.0000
      0.0000
      1.9810
      0.0000
      0.0000
    123.9438
     45.5572
      0.0000
      0.0000
      0.0000
      0.0000
      0.0000
      0.0000
      0.0000
      0.0000
     -9.4474
      0.0000
      0.0000
      0.0000
      0.0000
      0.0000
      0.0000
      0.0000
      0.0000
      0.0000
      0.0000
      0.0000
      0.0000
      0.0000
      0.0000
      0.0000
      0.0000
      0.0000
      0.0000
      0.0000
      0.0000
      0.0000
      0.0000
      0.0000
      0.0000
      0.0000
      0.0000
      0.0000
      0.0000
      0.0000
      0.0000
      0.0000
      0.0000
      0.0000
      0.0000
      0.0000
      0.0000
      0.0000
      0.0000
      0.0000
      0.0000
      0.0000
     14.5379
      0.0000
      0.0000
      0.0000
      0.0000
      0.0000
      0.0000
      0.0000
      0.0000
      0.0000
      0.0000
      0.0000
      0.0000
      0.0000
      0.0000
      0.0000
      0.0000
      0.0000
      0.0000
      0.0000
      0.0000
      0.0000
      0.0000
      0.0000
      0.0000
      0.0000
      0.0000
      0.0000
      0.0000
      0.0000
      0.0000
      0.0000
      0.0000
      0.0000
      0.0000
      0.0000
      0.0000
      0.0000
      0.0000
      0.0000
      0.0000
     13.5841
      6.6092
      7.5931
      5.4240
      0.0000
      0.0000
      0.0000
      0.0000
      0.0000
      0.0000
      0.0000
      0.0000
      0.0000
      0.0000
      0.0000
      0.0000
      0.0000
      0.0000
      8.5603
      8.3475
      0.0000
      0.0000
      0.0000
      0.0000
      0.0000
      0.0000
      0.0000
     38.0920
      0.0000
      0.0000
      0.0000
      0.0000
      0.0000
      0.0000
      0.0000
      0.0000
      0.0000
      0.0000
     12.5719
      0.0000
      0.0000
      0.0000
      0.0000
      0.0000
      0.0000
      0.0000
      0.0000
      0.0000
      0.0000
      0.0000
      0.0000
      0.0000
      0.0000
      0.0000
      0.0000
      0.0000
      0.0000
      0.0000
      0.0000
      0.0000
      0.0000
      0.0000
      0.0000
      0.0000
      0.0000
      0.0000
      0.0000
      0.0000
      0.0000
      0.0000
      0.0000
      0.0000
      0.0000
      0.0000
      0.0000
      0.0000
      0.0000
      0.0000
      0.0000
     21.3099
     25.5155
      0.0000
     -2.2341
     18.0811
      0.0000
      0.0000
      0.0000
      0.0000
      0.0000
      0.0000
      6.7025
      4.8274
      0.0000
     48.0117
      0.0000
      0.0000
      0.0000
      0.0000
      0.0000
      1.4930
      0.0000
      0.0000
      0.0000
      0.0000
      0.0000
      0.0000
      0.0000
      0.0000
      0.0000
      0.0000
      0.0000
      0.0000
      0.0000
      0.0000
      0.0000
      0.0000
      0.0000
      0.0000
      0.0000
      0.0000
      0.0000
      0.0000
      0.0000
      0.0000
      0.0000
      0.0000
      0.0000
      0.0000
      0.0000
      0.0000
      0.0000
      0.0000
      0.0000
      0.0000
      0.0000
      0.0000
      0.0000
      0.0000
      0.0000
      0.0000
      0.0000
      0.0000
      0.0000
      0.0000
      0.0000
      0.0000
      0.0000
      0.0000
      0.0000
      0.0000
      0.0000
      0.0000
      0.0000
      0.0000
      0.0000
      0.0000
      0.0000
      0.0000
      0.0000
      0.0000
      0.0000
      0.0000
      0.0000
      0.0000
      0.0000
     29.1679
      0.0000
      0.0000
      0.0000
      0.0000
     24.5086
     -2.1597
      0.0000
      0.0000
      0.0000
      0.0000
      0.0000
      0.0000
      0.0000
      0.0000
      0.0000
      0.0000
      0.0000
      0.0000
      0.0000
      0.0000
      0.0000
      0.0000
      0.0000
      0.0000
      0.0000
      0.0000
      0.0000
      0.0000
      0.0000
      0.0000
      0.0000
      0.0000
      0.0000
      0.0000
      0.0000
      0.0000
      0.0000
      0.0000
      0.0000
      0.0000
      0.0000
      0.0000
      0.0000
      0.0000
      0.0000
      0.0000
      0.0000
      0.0000
      0.0000
      0.0000
      0.0000
      0.0000
      0.0000
      2.7488
      0.0000
      0.0000
      0.0000
      0.0000
      0.0000
      0.0000
      0.0000
      0.0000
      0.0000
      1.4930
     18.5237
      7.3004
      0.0000
      0.0000
      0.0000
      0.0000
      0.0000
      0.0000
      0.0000
      0.0000
      0.0000
      0.0000
      0.0000
      0.0000
      0.0000
      0.0000
      0.0000
      0.0000
      0.0000
      0.0000
      0.0000
      0.0000
      0.0000
      0.0000
      0.0000
      0.0000
      0.0000
      0.0000
      0.0000
      0.0000
      0.0000
      0.0000
      0.0000
      0.0000
      0.0000
      0.0000
      0.0000
      0.0000
      0.0000
      0.0000
      0.0000
      0.0000
      0.0000
      0.5347
      0.0000
      0.0000
      0.0000
      0.0000
      0.0000
      0.0000
      0.0000
      0.0000
      0.0000
      0.0000
      0.0000
      0.0000
      0.0000
      0.0000
      0.0000
      0.0000
      0.0000
      6.4909
      0.0000
      0.0000
      0.0000
      0.0000
      0.0000
      0.0000
      0.0000
     60.2069
      0.0000
      0.0000
      0.0000
      0.0000
      0.0000
      0.0000
      0.0000
      0.0000
      0.0000
      0.0000
      0.0000
      0.0000
      0.0000
      0.0000
      0.0000
      1.1190
      0.0000
      0.0000
      0.0000
      0.0000
      0.0000
      0.0000
      0.0000
     -4.9326
      0.0000
     -5.6525
     -0.3145
      0.0000
      0.0000
      0.0000
      0.0000
      0.0000
      0.0000
      0.0000
      0.0000
      0.0000
      0.0000
      0.0000
     -0.1058
      5.8606
      0.0000
      0.0000
      0.0000
      0.0000
      0.0000
      0.0000
      0.0000
    138.3502
      0.0000
      0.0000
      0.0000
      0.0000
      0.0000
      0.0000
      0.0000
      0.0000
      0.0000
      0.0000
      0.0000
      0.0000
      0.0000
     58.6476
      0.0000
      0.0000
      0.0000
     21.5626
      0.0000
      0.0000
      0.0000
      0.0000
    117.6772
    208.9301
    170.3669
      0.0000
      0.0000
      0.0000
      0.0000
      0.0000
      0.0000
      0.0000
      0.0000
      0.0000
      0.0000
      0.0000
      0.0000
      0.0000
     18.6007
      0.0000
      0.0000
      0.0000
      0.0000
      0.0000
      0.0000
      0.0000
      0.0000
      0.0000
      0.0000
      0.0000
      0.0000
      0.0000
      0.0000
      0.0000
      0.0000
      0.0000
      0.0000
      0.0000
      0.0000
      0.0000
      0.0000
      0.0000
      0.0000
      8.1862
      2.0972
      0.0000
      0.0000
      0.0000
      0.0000
      0.0000
      0.0000
      0.0000
      0.0000
      0.0000
      0.0000
      0.0000
      0.0000
      0.0000
      0.0000
      0.5708
      0.0000
      0.0000
      0.0000
      0.0000
      0.0000
     24.2205
     -0.8837
     16.8199
     24.8584
    185.2755
     45.7156
      0.0000
     13.3075
     -6.1383
    -13.3227
     -1.6304
      0.0000
      0.0000
      0.0000
      0.0000
      0.0000
      0.0000
      0.0000
      0.0000
      0.0000
      0.0000
      0.0000
      0.0000
      0.0000
      0.0000
      0.0000
      0.0000
      0.0000
     11.7152
      0.0000
      0.0000
      0.0000
      0.0000
      0.0000
     -3.9658
      6.9400
    124.8427
      4.0682
      0.0000
      0.0000
      0.0000
      0.0000
      0.0000
      0.0000
      0.0000
      0.0000
      0.0000
      0.0000
      0.0000
      0.0000
      0.0000
      0.0000
      0.0000
      0.0000
      0.0000
      0.0000
      0.0000
      0.0000
      0.0000
      1.7994
     -2.4458
    -34.5143
      0.0000
      0.0000
      0.0000
      0.0000
      0.0000
      0.0000
     13.1310
     -8.8839
      4.5008
     15.7000
     11.3209
     -3.0379
    -12.1273
    -33.1926
    -18.8474
    -46.3920
      0.0000
      0.0000
      0.0000
      0.0000
      0.0000
      0.0000
      0.0000
      0.0000
      0.0000
      0.0000
      0.0000
      0.0000
      0.0000
      0.0000
      0.0000
      0.0000
      0.0000
      0.0000
      0.0000
      0.0000
      0.0000
      0.0000
      0.0000
      0.0000
      0.0000
      0.0000
      0.0000
      0.0000
      0.0000
      0.0000
      0.0000
      0.0000
      0.0000
      0.0000
      3.3095
     12.4983
      2.0716
     58.5499
    224.1857
     90.2558
     22.4128
      0.0000
      0.0000
      0.0000
      6.9100
      6.8727
     68.0697
      0.0000
      0.0000
     -2.6245
    -29.6358
    -15.9398
     12.1222
     -7.3514
      9.4190
     26.0130
     -9.1353
      0.0000
      0.0000
      0.0000
      0.0000
      0.0000
     -2.7196
      0.0000
      0.0000
      0.0000
      0.0000
      0.0000
      0.0000
      0.0000
    -24.7053
     -1.2317
      0.0000
     14.7150
      6.6961
    -16.2062
    303.9461
    276.6106
    238.4373
      0.0000
      0.0000
      0.0000
      0.0000
      0.0000
      0.0000
      2.1250
    -10.5153
    -28.1348
      0.0000
      0.0000
      0.0000
      0.0000
      0.0000
      0.0000
     10.5840
      7.5667
      0.0000
      0.0000
      0.0000
      0.0191
     -7.2178
     47.6386
    161.5598
     23.0907
    -29.0407
     72.4590
     49.1645
     20.2781
    168.4597
    356.8863
    176.1092
      0.0000
      0.0000
      0.0000
      0.0000
      0.0000
      0.0000
    -29.3674
    -34.2715
    -47.5617
     -7.3086
     16.1725
     -2.7969
     30.8807
    105.7534
    226.5700
     69.6915
      0.0000
      0.0000
      0.0000
      0.0000
      0.0000
      0.0000
      0.0000
      0.0000
      0.0000
      0.0000
      0.0000
      0.0000
      0.0000
    -12.6342
      0.0000
      0.0000
     63.8978
     79.0983
      0.0000
      0.0000
      0.0000
      0.0000
      0.0000
     36.8087
      1.7405
      0.0000
      0.0000
      0.0000
      0.0000
      7.1186
     46.1941
    164.0433
    179.6944
     38.9855
      4.5898
     10.0713
    124.9929
    153.7296
    176.3997
     43.7590
      0.0000
      0.0000
      0.0000
      0.0000
      0.0000
      0.0000
     -6.0212
      6.6607
      9.4022
     12.1221
    140.6400
    275.4139
     85.4758
     42.8883
      0.0000
      0.0000
      0.0000
      0.0000
      0.0000
      0.0000
      0.0000
      0.0000
      0.0000
      0.0000
      0.0000
      0.0000
      0.0000
      0.0000
      0.6758
      6.2673
    -13.8690
    -16.8774
      0.0000
      0.0000
      0.0000
      0.0000
      0.0000
      0.0000
      0.0000
      0.0000
      0.0000
      0.0000
      0.0000
      0.0000
      0.0000
      0.0000
      0.0000
     -9.7961
     -0.9451
      0.0000
      0.0000
      0.0000
     36.6569
     78.0695
    118.6460
     65.6891
      1.4524
      0.0000
      0.0000
      0.0000
      0.0000
      0.0000
      0.0000
      0.0000
      0.0000
      0.0000
      0.0000
      0.0000
      0.0000
      0.0000
      0.0000
      0.0000
      0.0000
      0.0000
      0.0000
      0.0000
      0.0000
      0.0000
      0.0000
     -9.1575
      0.0000
      0.0000
      0.0000
      0.0000
      0.0000
     14.0623
     17.1147
    -19.3435
     -9.3162
      0.0000
      3.0265
      9.6083
      0.0000
      0.0000
     42.9119
     64.5871
      0.0000
      0.0000
      0.0000
      0.0000
      0.0000
      6.6083
     31.4802
      7.6131
    -14.9861
     14.8287
      6.3894
     -9.3031
      0.0000
      0.0000
     21.5291
      2.2770
     -1.9563
     13.9189
      0.0000
      0.0000
      0.0000
     22.4019
     31.0695
     66.7963
     13.8326
     10.9522
      6.0722
      0.0000
      2.2145
     28.7382
     61.1443
     65.9749
     37.8797
     -0.7700
    -10.3569
      2.5856
     -3.2866
    -20.1493
    116.1608
    138.3311
    -17.2430
      0.0000
      0.0000
      0.0000
      0.0000
      0.0000
      0.0000
      0.0000
      0.0000
      0.0000
      0.0000
      0.0000
      0.0000
      0.0000
      0.0000
     -7.8359
     -3.8312
      0.0000
     33.8348
      0.7124
    -27.2788
     62.2037
    291.3486
      0.0000
      0.0000
      0.0000
     14.9988
     20.4238
    158.7227
    355.7276
     98.3224
      0.0000
      0.0000
      0.0000
      0.0000
      0.0000
      0.0000
      0.0000
      0.0000
     34.5595
     26.3502
    -39.0393
    -22.6458
    -42.1059
    -59.1805
    -19.8864
    -15.5085
      0.0000
      7.0033
     -3.3981
     14.2722
     -5.7290
    -24.8133
     -5.4627
    206.1268
    210.3484
      0.0000
      0.0000
      0.0000
      0.0000
      0.0000
      0.0000
    -11.7953
      8.2604
      1.3713
     43.9558
     64.8364
      0.0000
      0.0000
      0.0000
      0.0000
      0.0000
      0.0000
      0.0000
      0.0000
      0.0000
      0.0000
      0.0000
      0.0000
     36.0859
     -7.1147
    -34.8698
    -16.5514
    -11.6588
      1.1708
     -3.1536
    162.1446
     42.5924
      0.0000
      0.0000
      0.0000
      0.0000
      0.0000
     13.1518
      0.0000
      0.0000
      0.0000
      0.0000
      0.0000
     37.3745
      0.0000
      0.0000
      0.0000
      0.0000
      0.0000
      0.0000
      0.0000
      0.0000
      0.0000
      0.0000
      0.0000
      0.0000
      0.0000
      0.0000
      5.5647
      0.6694
     -4.0163
    -25.0009
    -76.2549
      0.0000
      0.0000
      0.0000
      0.0000
     16.4916
     22.9879
     18.2994
     23.5019
     85.4870
     41.4414
     -3.1291
     -8.8138
     13.8534
     22.5821
     35.3959
     80.6690
    164.1871
      0.0000
      0.0000
      0.0000
      0.0000
     20.8690
     -5.3059
    102.1044
     86.1144
      0.0000
      0.0000
      0.0000
    -13.9829
    -20.8876
     -5.4596
    -17.0016
    -13.8586
      0.0000
      0.0000
      0.0000
      0.0000
      0.0000
      0.0000
      0.0000
      0.0000
      0.0000
      0.0000
      0.0000
      0.0000
      0.0000
     16.7199
      0.0000
      0.0000
      0.0000
      0.0000
     21.5739
      8.3433
      3.1173
     73.9280
    158.3485
      0.0000
      0.0000
      0.0000
      0.0000
      0.0000
      0.0000
      0.0000
      0.0000
      0.0000
      0.0000
      0.0000
      0.0000
      0.0000
      0.0000
     11.2383
     34.5678
     35.4321
     35.3225
      0.0000
      0.0000
     -2.2968
    -11.7801
      2.4579
      1.2266
     21.8822
      0.0000
      0.0000
      0.0000
      0.0000
      0.0000
      0.0000
      8.8217
     91.3951
     -7.7339
     38.9080
     13.6841
      5.0743
      0.0000
      0.0000
      0.0000
      0.0000
      0.0000
      0.0000
      0.0000
     16.8358
      2.2272
     16.2663
     70.8701
     16.0321
      0.0000
      0.0000
      0.0000
      9.6300
     30.0589
     97.6575
     87.8288
      0.0000
      0.0000
      0.0000
      0.0000
      0.0000
      1.3618
     14.5754
     17.9049
     50.6491
      3.8934
      0.0000
      0.0000
      0.0000
      0.0000
      0.0000
      0.0000
     -2.4024
      1.3099
     23.1522
     22.7259
     16.5663
     20.0349
     22.4095
     16.3365
      4.3309
      8.0925
     38.6167
     82.3084
     37.9302
    116.1617
    158.8901
     46.1319
      0.0000
      0.0000
      0.0000
      0.0000
      0.0000
      0.0000
     16.6229
     15.6333
      0.0000
      0.0000
      0.0000
      0.0000
      0.0000
      0.0000
     98.6221
    162.2231
      0.0000
      0.0000
      0.0000
      0.0000
      0.0000
      0.0000
      0.0000
      0.0000
      0.0000
      0.0000
      0.0000
      0.0000
      0.0000
      0.0000
      0.0000
      0.0000
     35.9335
      5.5438
      0.0000
      0.0000
      0.0000
    -10.0809
    -23.4383
      0.0000
      3.5157
      0.0000
      0.0000
      0.0000
      0.0000
      0.0000
      0.0000
      0.9716
      3.8534
     -3.4712
      0.0000
     -9.5565
    -29.1082
    -36.0907
     -6.0459
      0.0000
     66.7875
      4.1235
      0.0000
      0.0000
      0.0000
      0.0000
      0.0000
      0.0000
      0.0000
      0.0000
      0.0000
      0.0000
      0.0000
      0.0000
      0.0000
      0.0000
      0.0000
      0.0000
     28.9073
      0.0000
      0.0000
      0.0000
     -5.0540
      0.0000
    128.3190
     67.6478
      0.0000
      0.0000
      0.0000
      0.0000
      0.0000
      0.0000
      0.0000
      0.0000
      0.0000
      0.0000
     -3.2590
    -11.2743
    -21.7688
      0.0000
      0.0000
      0.0000
      0.0000
      0.0000
    -25.0882
     -9.7140
      0.0000
    -38.9452
     40.9975
    105.9336
     99.3369
     76.5906
     22.1530
    -26.2817
      7.4720
    342.6595
     90.3920
      0.0000
      0.0000
      0.0000
      4.0654
    -10.8175
     27.1419
    157.5218
    191.2595
      0.0000
      0.0000
      0.0000
      0.0000
      0.0000
      0.0000
      0.0000
    -11.3668
    -17.9264
      0.0000
      0.0000
      0.0000
      0.0000
      0.0000
      0.0000
      0.0000
      0.0000
      0.0000
      0.0000
      0.0000
      0.0000
      0.0000
      0.0000
      0.0000
      0.0000
      0.0000
      0.0000
      0.0000
      0.0000
      0.0000
      0.0000
      8.2669
      8.3150
      0.0000
      0.0000
    -16.1714
     -5.7277
      0.0000
     -8.7378
    133.6762
    139.4907
     20.1204
    -31.5063
    -20.7854
     -4.7032
      1.4878
      0.0000
      0.0000
     32.1504
      0.0000
     16.6545
     31.4459
     66.6831
     11.7099
    147.4063
      0.0000
      0.0000
      0.0000
     -7.5219
      0.7779
      2.7224
     52.8870
    150.7953
      0.0000
      0.0000
      0.0000
      0.0000
      0.0000
      0.0000
      0.0000
      0.0000
      0.0000
      0.0000
      0.0000
      0.0000
      0.0000
      0.0000
      0.0000
      0.0000
      0.0000
      0.0000
      0.0000
      0.0000
      0.0000
      0.0000
      0.0000
      0.6973
      7.7606
     14.2215
     -5.6469
      0.0000
      0.0000
      0.0000
      0.0000
      0.0000
      0.0000
      0.0000
      0.0000
      0.0000
      0.0000
      0.0000
      0.0000
      0.0000
      0.0000
      0.0000
      0.0000
      0.0000
      0.0000
      0.0000
      0.0000
      0.0000
      0.0000
      0.0000
      0.0000
      0.0000
      0.0000
      0.0000
      0.0000
      0.0000
     -3.9153
      0.0000
      0.0000
      0.0000
      0.0000
      0.0000
      9.9987
      0.0000
      0.0000
     52.7188
    100.6915
     78.3756
      0.0000
      0.0000
      0.0000
      0.0000
      0.0000
      0.0000
      0.0000
      0.0000
     -2.7026
    -13.5566
     -4.1967
     20.1577
     73.7382
      6.5608
      0.0000
     12.7957
    -11.1994
    -18.6356
    -23.0801
     -6.7627
    116.0715
     27.8180
      0.0000
      0.0000
      0.0000
      0.0000
      0.0000
      0.0000
      0.8335
      0.0618
     11.8880
     10.6717
      6.2613
     13.4244
     23.4724
     19.4635
     35.2089
      0.0000
      0.0000
      0.0000
      0.0000
      0.0000
     17.4864
      6.6068
      0.0000
      0.0000
      0.0000
     42.2337
     19.1319
     -2.2929
    -10.6176
      0.0000
      0.0000
      0.0000
      0.0000
      0.0000
      5.5687
     -6.2961
     38.2774
    143.5436
      0.0000
      0.0000
      0.0000
      0.0000
      0.0000
      0.0000
      0.0000
     24.0464
      0.0000
      0.0000
      0.0000
      0.0000
      0.0000
      0.0000
      0.0000
      0.0000
      0.2631
      0.0000
      0.0000
      0.0000
      0.0000
      0.0000
      0.0000
      0.0000
     -5.0233
      0.0000
      0.0000
      0.0000
      0.0000
      0.0000
      0.0000
    -12.1914
     96.9567
    139.1556
     25.4729
     13.7133
     -6.6866
    -15.8221
    -27.8767
     48.3175
     89.3157
    152.4401
     89.5386
      0.0000
      0.0000
      0.0000
      0.0000
      0.0000
      0.0000
      0.0000
    -25.5801
    -28.4960
    -18.1284
      8.2203
     -3.6965
     53.4956
    132.9349
     78.1286
    -13.2355
    -29.7120
    -27.9793
    -35.7440
    -72.2512
    -68.9609
     54.0326
     32.9786
    -21.7125
      1.4788
      6.3150
    -38.5289
      0.0000
      0.0000
     99.9998
     44.5296
      0.0000
      0.0000
      0.0000
     16.0198
     27.5391
      0.0000
      0.0000
      0.0000
      0.0000
      0.0000
      0.0000
      0.0000
    -11.8577
    -43.6156
    -41.0809
     -7.2858
     83.5347
    306.5490
     92.0536
     15.9382
     38.2502
     66.0119
    545.0789
    421.3135
    161.1236
      9.5594
      0.0000
      0.0000
     17.5303
    -23.0398
    107.8427
    115.8478
      8.6078
    -19.2823
    -33.0994
    -33.6520
    -29.9484
    -34.7595
    123.0440
     98.3165
    -11.6629
     -7.4550
      0.0000
      0.0000
      8.3749
    169.5370
     -0.0987
      0.0000
      0.0000
      0.0000
     10.3484
      0.0000
      0.0000
      0.0000
      0.0000
      0.0000
      0.0000
      0.0000
      0.0000
      0.0000
      2.0884
    170.5375
     66.4874
      0.0000
      0.0000
      0.0000
      0.0000
      0.0000
      0.0000
      0.0000
     70.6263
     15.1939
    -27.9907
    -29.3781
    -42.0459
    -35.5121
    -35.4833
    -57.9093
     47.0134
     75.2070
     22.5612
    -17.0739
     18.3549
     21.0596
    -11.8677
      0.0000
     49.8405
      0.0000
      0.0000
      0.0000
    -29.6901
    -26.3100
      0.4301
     16.5163
     86.0773
     22.3087
      4.1877
     -1.3583
     10.5419
     69.0625
    129.0801
      0.0000
      0.0000
      0.0000
      0.0000
      0.0000
      0.0000
      0.0000
      0.0000
      0.0000
      0.0220
      5.2172
      3.7887
      1.2382
     21.7567
     41.3295
     29.8670
     16.2455
     60.1568
     42.8221
    -18.0692
    -21.7126
     11.9142
     59.2219
     -7.0053
     -0.1647
     36.7825
    159.0756
     11.6415
     -0.0426
      0.0000
     -0.7550
      6.5186
     26.2856
     83.5309
     -4.9385
    -15.8426
    -12.7531
     -5.0327
     -6.0010
     -0.8411
    146.8087
    176.9172
    190.2369
    -16.9164
     68.9763
      7.8025
     17.2588
     19.5254
     24.8796
    112.1936
     81.6268
     27.6998
      7.5084
    -11.2382
     12.7957
    -13.8924
    -21.6425
     19.0312
     19.6371
     -8.3877
      8.0011
      7.0879
    -11.4353
    -22.8566
     46.6253
     16.9324
     -5.5538
      0.0000
      0.0000
      0.0000
      0.0000
     62.9532
    259.7956
     79.8410
      0.0000
      0.0000
      0.0000
      0.0000
      0.0000
      0.0000
      0.0000
     31.5317
     45.5698
     14.7793
     65.2520
      0.0000
     -5.4120
    -45.6612
      3.0336
     57.1387
    105.7356
    120.0085
    105.7713
    139.4658
     20.9177
    -50.2453
    -31.6150
    185.1782
    249.7311
    428.3248
    357.2812
    168.2698
     98.8838
     30.7861
      0.0000
    -11.0769
      0.0000
      0.0000
      0.0000
      0.0000
      0.0000
      0.0000
      0.0000
      0.0000
      0.0000
      0.0000
      0.0000
      0.0000
     -5.1470
    -16.8701
      0.0000
      0.0000
      0.0000
      0.0000
      0.0000
      0.0000
      0.0000
      0.0000
      0.0000
     26.4254
     60.2635
    -10.9825
      4.3570
     35.0261
    134.6544
    172.9318
    341.1807
      9.1488
      0.0000
      0.0000
      0.0000
      0.0000
      0.0000
      3.5509
     60.7945
      0.0000
      0.0000
      0.0000
      0.0000
      0.0000
      0.0000
      0.0000
     24.9398
     44.3563
     28.8192
      1.2731
     -1.3910
      0.0000
     39.0049
    107.8981
    116.4404
     90.2011
     37.9217
      0.0000
      0.0000
      0.0000
      0.0000
      0.0000
      0.0000
      0.0000
      0.0000
      0.0000
      0.0000
      0.0000
      0.0000
      0.0000
      0.0000
     -1.5961
     -1.8970
    -16.7336
      0.0000
      5.3774
     -0.7622
      0.0000
    -16.0563
      7.2836
    -13.4764
      0.5850
      0.0000
      0.0000
      0.0000
      0.0000
      0.0000
      0.0000
      0.0000
      0.0000
      0.0000
      0.0000
      0.0000
      0.0000
      0.0000
      0.0000
      0.0000
      0.0000
      0.0000
      5.9473
      5.2820
     -1.9083
      0.0000
      0.0000
      0.0000
      0.0000
     15.5471
     18.1643
    -12.1403
      2.6428
      0.9476
      0.0000
     40.7143
      5.2266
     -6.8804
      0.0000
      0.0000
      0.0000
      0.0000
      0.0000
     41.6383
     75.0513
    109.0754
      0.4420
     33.3082
     16.5290
      6.2954
      3.2151
      0.0000
      0.0000
      0.0000
      0.0000
      0.0000
      2.1319
      0.0000
      0.0000
      0.0000
      0.0000
      0.0000
      0.0000
      0.0000
      0.0000
      0.0000
      4.1885
     23.7155
      5.5098
      7.7560
      8.2485
    107.7799
    148.6832
     18.5376
      0.0000
      2.9827
    -17.7585
    -18.5753
    -11.6417
     84.6293
    277.0967
      0.0000
      0.0000
      0.0000
      0.0000
      0.0000
      0.0000
      0.0000
      0.0000
      0.0000
      0.0000
     35.9406
    -11.3539
     -4.2762
      0.0000
      0.0000
      0.0000
      0.0000
      0.0000
      0.0000
      0.0000
      0.0000
     16.2797
     17.6222
     27.0243
    140.7951
      0.0000
      0.0000
      0.0000
      0.0000
      0.0000
      0.0000
      0.0000
      0.0000
      0.0000
      0.0000
      0.0000
      0.0000
      0.0000
     -3.3635
     13.2253
     77.0873
     27.9848
      0.0000
      0.0000
      0.0000
      0.0000
     10.5847
     16.3020
      0.7172
     12.6088
     -1.5384
    -27.9151
      0.0000
      0.0000
      0.0000
      0.0000
      0.0000
     30.6633
     48.9118
     -6.8444
      0.0000
      0.0000
      0.0000
      0.0000
      0.0000
     14.1350
      0.0000
      0.0000
      0.0000
      0.0000
      0.0000
      0.0000
      0.0000
      0.0000
      0.0000
      0.0000
      0.0000
     14.3492
      0.0000
      3.0963
    100.8327
     43.4117
     -1.9875
      0.0000
     14.8259
     12.9643
    -16.1837
     12.6926
      0.0000
      0.0000
      0.0000
      0.0000
      0.0000
      0.0000
      0.0000
      0.0000
    104.6578
      0.0000
      0.0000
      0.0000
      0.0000
     -5.1279
      0.0000
      0.0000
      0.0000
      0.0000
      0.0000
      0.0000
      0.0000
     -4.1673
      0.0000
      0.0000
      0.0000
      0.0000
     14.9503
     42.9329
     96.9059
     32.7395
    -12.7811
     15.9909
     76.7255
     45.5329
    107.2816
      3.7347
      0.0000
      0.0000
     22.2943
    165.6311
      9.7775
      0.0000
      0.0000
      0.0000
      0.0000
      0.0000
      0.0000
      0.0000
      0.0000
     13.5483
     60.4559
     41.4820
     74.1369
     25.4663
     70.4428
    251.9572
     27.7555
      0.0000
      0.0000
      0.0000
      0.0000
      0.0000
      0.0000
      0.0000
    -14.5060
    139.3595
    318.4969
    181.9159
      0.9898
      0.0000
      0.0000
     -2.0546
    -45.1378
    -53.9869
      0.0000
      0.0000
      0.0000
      0.0000
      0.0000
      0.0000
      0.0000
     10.9005
      0.0000
      0.0000
      0.0000
      0.0000
      0.0000
     -8.3623
      0.0000
      0.0000
      0.0000
      0.0000
      0.0000
     72.0148
    103.2388
    289.4493
    302.2232
      0.0000
      0.0000
      0.0000
      0.0000
      0.0000
      0.0000
      0.0000
      0.0000
      0.0000
      0.0000
      0.0000
      0.0000
      0.0000
      0.0000
      0.0000
     42.7712
     95.8662
    -12.4820
      0.0000
     17.8405
      9.5484
     35.6589
     18.2035
      0.0000
      0.0000
      0.0000
      0.0000
      0.0000
     14.0328
     41.5245
     46.2265
    118.9847
      0.0000
      0.0000
      0.0000
      0.0000
      0.0000
      0.0000
      0.0000
     73.5307
     60.2953
      0.0000
      0.0000
      0.0000
      0.0000
      0.0000
      0.0000
      0.0000
      0.0000
      0.0000
      0.0000
      0.0000
      0.0000
      0.0000
      0.0000
     -0.2825
     -1.9781
      2.1713
     17.0403
     29.6474
     35.5859
      6.4131
      0.0000
      0.0000
      0.0000
      0.0000
      0.0000
      0.0000
      0.0000
      0.0000
      0.0000
      0.1946
     -0.1261
      0.0000
      0.0000
      0.0000
      0.0000
      0.0000
     44.8062
      0.0000
      0.0000
      0.0000
     35.1378
      0.0000
      0.0000
      0.0000
      0.0000
      0.0000
      4.6741
     83.7021
     35.9660
      1.1519
     -3.2217
     27.0896
     13.1365
      0.0000
      7.7654
     31.3514
     31.6434
    160.9861
    259.7426
    347.8562
    305.2984
    136.3331
      0.0000
      0.0000
      0.0000
      0.0000
      0.0000
      0.0000
      0.0000
      0.0000
      0.0000
      0.0000
      0.0000
      0.0000
      0.0000
      0.0000
      0.0000
     23.0742
     99.7559
     79.5270
      7.0622
    -25.9944
      0.0000
      0.0000
      0.0000
      0.0000
     85.4275
      0.0000
      0.0000
      0.0000
      0.0000
      0.0000
      0.0000
      0.0000
      0.0000
      0.0000
      0.0000
      0.0000
      0.0000
      0.0000
     11.6519
     35.9444
     32.8876
     33.5085
     41.5039
     37.5242
     -1.2633
     -5.4825
      7.4099
      6.7445
     18.7079
      4.3775
      9.4131
     55.6189
    115.8740
     24.5223
     15.0338
     30.0895
     12.4169
      0.0000
      0.0000
      0.0000
      0.0000
      0.0000
      0.0000
      0.0000
     25.9006
     80.6675
     19.5019
     40.8090
    -27.6345
    -28.5916
     -4.4331
      0.0000
      0.0000
      0.0000
      0.0000
      0.0000
      0.0000
      0.0000
      0.0000
      0.0000
      2.5524
      0.0000
      0.0000
      0.0000
      0.0000
      0.0000
      6.2438
     12.7196
     17.0071
      4.6612
      0.0000
      0.0000
      0.0000
      0.0000
      0.0000
     15.6713
     26.9910
     -2.0213
      0.0000
      0.0000
      0.0000
      0.0000
      0.0000
      0.6844
      7.2069
     17.1137
      0.0706
      0.0000
      0.0000
      0.0000
      0.0000
     11.6332
    150.4443
      0.0000
      0.0000
      0.0000
      0.0000
      0.0000
     -2.6699
      0.0000
      0.0000
      0.0000
      0.0000
      0.0000
      0.0000
      0.0000
      0.0000
      0.0000
      0.0000
      0.0000
      0.0000
      0.0000
      0.0000
      0.0000
      0.0000
      0.0000
      0.0000
      0.0000
      0.0000
      0.0000
      0.0000
     14.1143
     11.6988
      0.0000
      0.0000
      0.0000
      0.0000
      0.0000
     10.1010
      3.2562
    -11.9448
      0.0000
      0.0000
      0.0000
      0.0000
      0.0000
      0.0000
      0.0000
      0.0000
      0.0000
      0.0000
      0.0000
      0.0000
      0.0000
      0.0000
      0.0000
      9.3552
      0.0000
      0.0000
      0.0000
      0.0000
      0.0000
     16.0212
     -9.4499
    -20.7117
     -1.9491
     26.4497
      0.0000
      0.0000
      0.0000
      0.0000
      0.0000
      0.0000
      0.0000
      0.0000
      0.0000
      0.0000
      0.0000
      0.0000
      0.0000
      0.0000
      0.0000
      0.0000
      0.0000
      0.0000
      0.0000
      1.5143
     17.1062
     33.9116
      9.9041
      0.0000
      0.0000
      0.0000
      0.0000
      0.0000
      0.0000
     16.0773
     16.0818
     53.9053
      0.0000
      0.0000
      0.0000
      0.0000
      0.0000
      0.0000
     -0.5802
     13.8070
     -9.0348
     11.1483
      0.0000
      0.0000
      0.0000
      0.0000
      0.0000
     -0.7170
      0.0000
      0.0000
      0.0000
      0.0000
      0.0000
      0.0000
      0.0000
      9.8053
      8.1463
     12.9524
     12.0718
      8.0985
      1.2655
     30.1979
    112.9856
    125.2443
      7.4671
      0.0000
      0.0000
      0.0000
      0.0000
      5.6676
     -8.8444
     -0.3136
      3.8861
     14.7645
     12.7796
      0.0000
      0.0000
      0.0000
      0.0000
     -9.6103
      0.0000
      0.0000
      0.0000
     35.3385
     23.3091
    154.2144
    144.7243
      0.0000
      0.0000
      0.0000
      0.0000
      0.0000
      0.0000
      0.0000
      0.0000
      0.0000
     17.2316
      7.2102
      6.3736
     15.4449
     27.8239
     86.5921
    162.7622
     35.2232
      0.0000
      0.0000
      0.0000
      0.0000
      0.0000
      0.0000
      0.0000
     -2.6445
      0.0000
      0.0000
      0.0000
      0.0000
      0.0000
      0.0000
      0.0000
      0.0000
      0.0000
      0.0000
      0.0000
      0.0000
      0.0000
      0.0000
      0.0000
     13.2427
      0.0000
      0.0000
     28.2668
     31.7536
     38.3763
    124.1976
    103.5115
      0.0000
      0.0000
      0.0000
      0.0000
      0.0000
      0.0000
      0.0000
      0.0000
      8.9309
      0.0000
      0.0000
      0.0000
      0.0000
      0.0000
      0.0000
      4.6392
      7.3867
      0.0000
      0.0000
      0.0000
      0.0000
      0.0000
      0.0000
      0.0000
     -1.6958
      0.0000
      0.0000
      0.0000
      0.0000
      0.0000
      0.0000
      0.0000
     -4.2225
      0.0000
      0.0000
      0.0000
      0.0000
      0.0000
      0.0000
      0.0000
      1.4103
      0.7234
      6.0726
     31.7011
      5.2521
      0.0000
      0.0000
      2.0783
     21.8471
     14.8596
      0.0000
      0.0000
      8.6244
      0.0000
      0.0000
      0.0000
     -2.1010
      9.6679
     22.7055
     32.4734
      5.1560
     -3.8974
     15.1641
      2.9546
      0.0000
      0.7500
     16.6735
     15.3230
     30.0314
      0.0000
      0.0000
      0.0000
      5.4118
     74.0171
      0.0000
      0.0000
      0.0000
      4.6114
      0.0000
      0.0000
      0.0000
      0.0000
      0.0000
      0.0000
      0.0000
      0.0000
      0.0000
      0.0000
      9.9314
     15.5401
     22.8638
      0.0000
      0.0000
      0.0000
      0.0000
      0.0000
      0.0000
      0.0000
      0.0000
      0.0000
      0.0000
      0.0000
      0.0000
      0.0000
     -1.9894
     -0.3149
      0.0000
      0.0000
      0.0000
      0.0000
      0.0000
      0.0000
     -5.9611
      0.0000
      0.0000
      0.0000
      0.0000
      0.0000
      0.0000
      0.0000
     -6.2179
      0.1666
      0.0000
      0.0000
      0.0000
      0.0000
      0.0000
      0.0000
      3.2692
      8.6987
      2.3220
      0.0000
      0.0000
      0.0000
      0.0000
      0.0000
      3.6855
     22.8182
      0.0000
      0.0000
      0.0000
      0.0000
      0.0000
      0.0000
      0.0000
      0.0000
      0.0000
     11.6614
     30.9897
     63.5970
     81.9074
      2.2667
      0.0000
      0.0000
      0.0000
      0.0000
      0.0000
      0.0000
      0.0000
      0.0000
      0.8524
      0.0000
      0.0000
      0.0000
      0.0000
      2.0319
      3.7574
     -2.7609
     -4.6931
      7.4370
     13.6639
      0.0000
      0.0000
      0.0000
      0.0000
      0.0000
      0.0000
     48.8009
      0.0000
      0.0000
      0.0000
      0.0000
      0.0000
      0.0000
     83.8426
     75.2555
      3.4389
    -18.8132
      0.0000
     40.2393
     -0.2383
     -8.8593
      0.1896
     11.9388
      5.7915
      0.2908
      0.2440
     78.7695
     77.4436
     53.7739
     83.0285
     31.6802
     14.4727
      0.0000
      0.0000
      5.1919
      0.0000
      0.0000
      0.0000
      0.0000
      0.0000
     32.9467
    121.0994
     69.7000
      0.0000
      6.4446
     -6.9141
      0.0000
      0.0000
      0.0000
      0.0000
      0.0000
      0.0000
     54.8923
    117.2401
      0.0000
      0.0000
      0.0000
      0.0000
      0.0000
      0.0000
      0.0000
     82.1035
    104.5654
      0.0000
      0.0000
      0.0000
      0.0000
      0.0000
      0.0000
      6.7705
     15.8741
     18.7147
     19.7612
     11.4337
    -14.3016
      1.0228
      0.0000
      0.0000
      0.0000
      0.0000
      0.0000
      0.0000
      0.0000
      0.0000
      0.0000
      0.0000
      0.0000
      0.0000
      0.0000
      0.0000
      0.0000
      0.0000
      0.0000
     54.1476
      0.0000
      0.0000
      0.0000
      0.0000
      0.0000
      0.0000
      0.0000
     25.4945
      0.0000
      0.0000
      0.0000
      0.0000
      0.0000
      0.0000
      0.0000
      0.0000
      0.0000
      0.0000
      0.0000
      0.0000
      0.0000
      0.0000
      0.0000
     24.3464
     24.7207
      0.0000
      0.0000
      0.0000
      0.0000
      0.0000
      0.0000
      0.0000
      0.0000
      0.0000
      0.0000
      0.0000
      0.0000
      0.0000
      0.0000
      0.0000
      0.0000
      0.0000
      0.0000
      0.0000
      0.0000
      0.0000
      0.0000
     24.5560
     26.1128
     17.1393
     13.7092
    -15.9818
      0.0000
      0.0000
      0.0000
      0.0000
      0.0000
      0.0000
      0.0000
      0.0000
      0.0000
      0.0000
      0.0000
      0.0000
      0.0000
      0.0000
      0.0000
      0.0000
      0.0000
      0.0000
      0.0000
      0.0000
      0.0000
      0.0000
      0.0000
      0.0000
      0.0000
      0.0000
      0.0000
      0.0000
      0.0000
      0.0000
      0.0000
      0.0000
      0.0000
      0.0000
      0.0000
      0.0000
      0.0000
      0.0000
      0.0000
      0.0000
      0.0000
      0.0000
      0.0000
     -2.1550
      0.0000
      0.0000
      0.0000
      0.0000
      0.0000
      0.0000
      0.0000
     56.4083
     10.5622
      0.0000
      0.0000
      0.0000
      0.0000
      0.0000
      7.7429
     36.0601
     15.0537
     -0.8389
      0.0000
      0.0000
      0.0000
      0.0000
      0.0000
     -2.4545
     -2.2326
      0.0000
      0.0000
      0.0000
      0.0000
      0.0000
      0.0000
      0.0000
      0.0000
      0.0000
      0.0000
      0.0000
      0.0000
      0.0000
      0.0000
     -4.3946
      0.0000
      0.0000
      0.0000
      0.0000
      0.0000
      0.0000
      0.0000
     17.3711
      0.0000
      0.0000
      0.0000
      0.0000
      0.0000
      0.0000
     34.7328
    179.6458
      0.0000
      0.0000
      0.0000
      0.0000
      0.0000
      0.0000
      0.0000
    -12.8708
      3.5438
      0.0000
      0.0000
      0.0000
      0.0000
      0.0000
      0.0000
     28.0527
      0.0000
      0.0000
      0.0000
      0.0000
      0.0000
      0.0000
      0.0000
      3.0701
      0.0000
      0.0000
      0.0000
      0.0000
      0.0000
      0.0000
      0.0000
      0.0000
      0.0000
      0.0000
      0.0000
      0.0000
      0.0000
      0.0000
      0.0000
      0.0000
      0.0000
      0.0000
      0.0000
      0.0000
      0.0000
      0.0000
      0.0000
      2.7469
      0.0000
      0.0000
      0.0000
     29.6081
      3.2691
      7.5402
      0.8938
     46.0758
      3.0683
     78.4708
     66.6871
      6.4569
      0.0000
      0.0000
     21.6533
      7.5611
     23.2284
     -0.5122
      0.0000
      0.0000
      0.0000
      0.0000
      0.0000
      0.0000
      0.0000
      0.0000
      0.0000
      0.0000
      0.0000
      0.0000
      0.0000
      0.0000
      0.0000
      0.0000
      0.0000
      0.0000
     75.7477
    110.8505
     10.1452
    -15.2336
     11.7138
      7.8582
      0.0000
      0.0000
     33.9671
     36.7893
    143.9518
      3.5672
      0.0000
      0.0000
      0.0000
      0.0000
      0.0000
      0.0000
      0.0000
     -0.3018
     -6.4874
      4.7340
      0.0000
      0.0000
      0.0000
      0.0000
      0.0000
      0.0000
      0.0000
      0.0000
      0.0000
      0.0000
      0.0000
      0.0000
      0.0000
     21.5791
      8.0997
      0.0000
      0.0000
      0.0000
      0.0000
     15.0034
     25.8560
     50.9467
      0.0000
      0.0000
     10.9527
     18.6580
     -3.4036
     -5.4163
      0.0000
      0.0000
      0.0000
      0.0000
      0.0000
      0.0000
      0.0000
      0.0000
      0.0000
      0.0000
      0.0000
      0.0000
      0.0000
      0.0000
      0.0000
      0.0000
      0.0000
      0.0000
      0.0000
      0.0000
      0.0000
      0.0000
      0.0000
      0.0000
      0.0000
      0.0000
      0.0000
      0.0000
      0.0000
      0.0000
      0.0000
      0.0000
      0.0000
      0.0000
      0.0000
      0.0000
      0.0000
      0.0000
      0.0000
      0.0000
      0.0000
      0.0000
      0.0000
      0.0000
      0.0000
      0.0000
      0.0000
      0.0000
      0.0000
      0.0000
      0.0000
      0.0000
      0.0000
      0.0000
      0.0000
      0.0000
      0.0000
      0.0000
      0.0000
      0.0000
      0.0000
      0.0000
      0.0000
      0.0000
      0.0000
      0.0000
      0.0000
      0.0000
      0.0000
      0.0000
      0.0000
      0.0000
      0.0000
      0.0000
      0.0000
      0.0000
      0.0000
      0.0000
      0.0000
      0.0000
      0.0000
      0.0000
      0.0000
      0.0000
      0.0000
      0.0000
      0.0000
      0.0000
      2.5155
      0.0000
      0.0000
      0.0000
      0.0000
      0.0000
      0.0000
      0.0000
      0.0000
      0.0000
      0.0000
     22.1483
      0.0000
      0.0000
      0.0000
      0.0000
      0.0000
      0.0000
      0.0000
      0.0000
      0.0000
      0.0000
      0.0000
      0.0000
      0.0000
     -3.9206
      0.0000
      0.0000
      0.0000
      0.0000
      0.0000
      0.0000
      0.0000
      0.0000
      0.0000
      0.0000
      0.0000
      0.0000
      0.0000
      0.0000
      0.0000
      7.2760
      0.0000
      0.0000
      0.0000
      0.0000
      0.0000
      0.0000
      0.0000
      0.0000
      0.0000
      0.0000
      0.0000
      0.0000
      0.0000
      0.0000
      0.0000
      3.2855
      0.0000
      0.0000
      0.0000
      0.0000
      0.0000
      0.0000
      0.0000
      0.0000
      0.0000
      0.0000
      0.0000
      0.0000
      0.0000
      0.0000
      0.0000
      5.0636
      0.0000
      0.0000
      0.0000
      0.0000
      0.0000
      0.0000
      0.0000
      0.0000
      0.0000
      0.0000
      0.0000
      0.0000
      0.0000
      0.0000
      0.0000
      0.0000
      0.0000
      0.0000
      0.0000
      0.0000
      0.0000
      0.0000
      0.0000
      0.0000
      0.0000
      0.0000
      0.0000
      0.0000
      0.0000
      0.0000
      0.0000
      0.0000
      0.0000
      0.0000
      0.0000
      0.0000
      0.0000
      0.0000
      0.0000
      0.0000
      0.0000
      0.0000
      0.0000
      0.0000
      0.0000
      0.0000
      0.0000
     -1.7348
      0.0000
      0.0000
      0.0000
      0.0000
      0.0000
      0.0000
      0.0000
      0.0000
      0.0000
      0.0000
      0.0000
      0.0000
      0.0000
      0.0000
      0.0000
      0.0000
      0.0000
      0.0000
      0.0000
      0.0000
      0.0000
      0.0000
      0.0000
      0.0000
      0.0000
      0.0000
      0.0000
      0.0000
      0.0000
      0.0000
      0.0000
      0.0000
      0.0000
      0.0000
      0.0000
      0.0000
      0.0000
      0.0000
      0.0000
     -1.4842
      0.0000
      0.0000
      0.0000
      4.5525
     13.1138
    150.1064
     39.3851
      0.0000
      0.0000
      0.0000
      0.0000
     23.5384
     26.0931
      2.2750
      0.0000
      0.0000
      0.0000
      0.0000
      0.0000
      0.0000
      0.0000
      0.0000
      0.0000
      0.0000
      0.0000
      0.0000
      0.0000
      0.0000
      0.0000
      0.0000
      0.0000
      0.0000
      0.0000
      0.0000
      0.8407
      2.9409
      0.3901
    -11.5439
     -0.3522
      0.0000
      0.0000
      0.0000
     16.1737
     13.9999
      4.1197
      2.6550
      0.0000
      0.0000
      0.0000
      0.0000
      0.0000
      0.0000
      0.0000
     24.0687
    112.1591
     75.6403
      0.0000
      0.0000
      0.0000
      0.0000
      0.0000
      0.0000
      0.0000
      0.0000
      0.0000
      0.0000
      0.0000
      0.0000
      0.0000
      0.0000
      0.0000
     -6.1093
      0.0000
      0.0000
      0.0000
      0.0000
      0.0000
      0.0000
      0.0000
     12.7661
     14.0726
      0.0000
      0.0000
      0.0000
      0.0000
      0.0000
      0.0000
      9.9728
      8.3833
     10.6567
      1.4918
      0.0000
      0.0000
      0.0000
      0.0000
      4.0100
      0.0000
      0.0000
      0.0000
      0.0000
      0.0000
      0.0000
      0.0000
      5.7482
      0.0000
      0.0000
      0.0000
      0.0000
    103.5603
    138.5441
     61.5876
      0.0000
      0.0000
      0.0000
      0.0000
      0.0000
      0.0000
      0.0000
      0.0000
      4.9388
      0.0000
      0.0000
      0.0000
      0.0000
      0.0000
      0.0000
      0.0000
     86.4364
      0.0000
      0.0000
      0.0000
      0.0000
      0.0000
      0.0000
      0.0000
      5.7322
      0.0000
      0.0000
      0.0000
      0.0000
      0.0000
      0.0000
      9.5267
     28.5133
    -12.8588
      0.0000
      1.6419
     20.3038
    141.1676
      0.0000
     20.6216
     12.6252
    -30.9128
     14.0057
     21.4867
     12.8524
     95.2113
    342.7929
    -30.5909
      0.0000
      0.0000
      0.0000
      0.0000
      0.0000
      0.0000
      0.0000
      0.0000
      0.0000
      0.0000
      0.0000
      0.0000
      0.0000
      0.0000
      0.0000
      0.0000
      0.0000
      0.0000
      0.0000
      0.0000
      0.0000
      0.0000
     16.3347
    126.4975
    313.3237
     49.1677
      0.0000
      0.0000
      0.0000
     15.2671
    313.2417
    109.0837
      0.0000
      0.0000
      0.0000
      0.0000
      0.0000
      0.0000
      0.0000
      0.0000
      0.0000
      0.0000
      0.0000
      0.0000
      0.0000
      0.0000
      0.0000
      0.0000
     82.1960
    184.7774
     58.6431
      0.0000
      0.0000
      0.0000
      0.0000
      0.0000
     57.8294
      0.0000
      0.0000
      0.0000
      6.9890
     -2.4337
     11.0474
    104.3803
    192.4262
     70.0058
     97.3712
    135.5046
     21.8066
      0.2178
      1.8341
    105.7211
    333.4428
     39.3512
    -11.9674
     20.0845
     -7.0542
    -28.1275
    -32.4863
    129.3255
    756.5119
    430.7646
      0.0000
      0.0000
      0.0000
      0.0000
    -25.5760
    -19.7837
    164.7590
    343.5928
     51.5231
     26.1343
     53.1958
    358.8215
    572.2395
    377.5603
      0.0000
      0.0000
      0.0000
      0.0000
      0.0000
      0.0000
      0.0000
      0.0000
      0.0000
      0.0000
      0.0000
      0.0000
      0.0000
      0.0000
      0.0000
      0.0000
     15.6346
      0.0000
      0.0000
      0.0000
      0.0000
      0.0000
      0.0000
      0.0000
      0.0000
      0.0000
      0.0000
      0.0000
      0.0000
      0.0000
      0.0000
      0.0000
     -0.8332
     17.9093
     24.4234
      4.6300
      0.0000
      3.2293
     20.6702
     91.9326
    194.8668
      0.0000
      0.0000
      0.0000
      0.0000
      0.0000
      0.0000
      0.0000
      0.0000
      0.0000
      0.0000
      0.0000
      0.0000
      0.0000
      0.0000
      0.0000
     44.0387
     39.3184
      0.0000
      0.0000
      0.0000
      0.0000
      0.0000
      3.6526
      0.0000
      0.0000
      0.0000
      0.0000
      0.0000
      0.0000
      0.0000
      0.0000
      0.0000
      0.0000
      0.0000
      0.0000
      0.0000
      0.0000
      0.0000
      0.0000
      0.0000
      0.0000
      0.0000
      0.0000
      0.0000
      0.0000
      0.0000
      0.0000
      0.0000
      0.0000
      0.0000
      0.0000
      0.0000
      0.0000
      0.0000
      0.0000
      9.3063
      3.9587
     21.9686
     42.1098
     34.1414
     -7.2429
      4.8754
      0.0000
     34.2503
    318.8821
    599.5728
    812.2118
    510.2780
     41.9331
      0.0000
      0.0000
     68.8813
    103.3462
      0.0000
     35.4402
     38.7436
     -9.2846
      7.0652
    -38.8087
    102.5241
     41.2063
     24.8434
    -37.2907
      0.0000
      0.0000
      0.0000
      0.0000
      0.0000
      0.0000
      0.0000
      0.0000
    -11.8736
      0.0000
      0.0000
      0.0000
      0.0000
      0.0000
      0.0000
      0.0000
      0.0000
      0.0000
      0.0000
      0.0000
      0.0000
      0.0000
      0.0000
      0.0000
      0.0000
      0.0000
      9.3336
     72.0159
    168.1802
      0.0000
      0.0000
      0.0000
    317.2584
    416.0075
    605.2460
     58.4278
      0.0000
      0.0000
     79.9529
    106.8984
      0.0000
      0.0000
      3.0299
      0.0000
      0.0000
      0.0000
      0.0000
     15.0487
      1.0306
      8.3986
     24.5025
     19.7228
      0.0000
      0.0000
      0.0000
      0.0000
      0.0000
      0.0000
      0.0000
      0.0000
      0.8376
      0.0000
      0.0000
      0.0000
      0.0000
      0.0000
      0.0000
      0.0000
    -41.3804
     -3.6298
      0.0000
      0.0000
      0.0000
      0.0000
      0.0000
      0.0000
      0.0000
      0.0000
      0.0000
      0.0000
      0.0000
      0.0000
      8.0003
      0.0000
      0.0000
      0.0000
      0.0000
      0.0000
      0.0000
      0.0000
     12.9418
    119.5851
      0.0000
      0.0000
      0.0000
      0.0000
      0.0000
      0.0000
     68.5646
      0.0000
      0.0000
      0.0000
      0.0000
      0.0000
    104.4724
      0.0000
      0.0000
      0.0000
      0.0000
      0.0000
      0.0000
      0.0000
      0.0000
      0.0000
     33.3241
    104.3113
      0.0000
      0.0000
      0.0000
      0.0000
      0.0000
      0.0000
      0.0000
      0.0000
      0.0000
      0.0000
      0.0000
      0.0000
      0.0000
      0.0000
      0.0000
      0.0000
      0.0000
      0.0000
      0.0000
      0.0000
      0.0000
      0.0000
      0.0000
      0.0000
     -4.1985
     -2.5716
      0.0000
      0.0000
      0.0000
      0.0000
      0.0000
      0.0000
      0.0000
      0.0000
      0.0000
      0.0000
      0.0000
     16.6626
     69.4974
    105.3626
      0.0000
      0.0000
      0.0000
      0.0000
      0.0000
      0.0000
      3.1979
      0.0000
      0.0000
      0.0000
      0.0000
      4.1940
     19.0591
     34.2395
      6.1391
      0.0000
      0.0000
      0.0000
      0.0000
      0.0000
      0.0000
      0.0000
      0.0000
      0.0000
      0.0000
      0.0000
      0.0000
      0.0000
      0.3310
     19.9209
     30.0885
     21.0950
    152.9047
      0.0000
     18.0442
      0.0000
      0.0000
      0.0000
      5.8160
      0.0000
      0.0000
      0.0000
      0.0000
      0.0000
     25.4788
     15.9570
     -4.5742
      0.0000
      0.0000
      0.0000
      0.0000
      0.0000
      0.0000
      0.0000
      0.0000
      0.0000
      0.0000
      0.0000
      0.0000
      0.0000
      0.0000
      0.0000
      0.0000
      0.0000
      0.0000
      0.0000
      0.0000
      0.0000
     22.4178
     18.5240
     10.8966
      0.0000
      0.0000
      0.0000
      0.0000
      0.0000
     58.4704
    104.2193
    226.7703
    346.0619
      0.0000
      0.0000
      0.0000
      0.0000
      0.0000
     53.7507
     79.5585
      0.0000
      0.0000
      0.0000
      0.0000
      0.0000
      0.0000
      0.0000
      0.0000
      0.0000
     26.8384
      0.0000
      0.0000
      0.0000
      0.0000
      0.0000
      0.0000
      0.0000
      0.0000
      0.0000
      0.0000
      0.0000
      8.2147
     96.5648
    193.3368
    249.0505
     93.4817
      0.0000
      0.0000
      0.0000
      0.0000
      0.0000
      0.0000
      0.0000
      0.0000
      0.0000
      0.0000
      0.0000
      0.0000
      0.0000
      0.0000
      0.0000
      0.0000
      0.0000
      0.0000
      9.2754
     10.1561
      1.3128
      5.9621
      0.0000
      0.0000
      0.0000
      0.0000
      0.0000
      1.3292
    230.0894
    161.4485
      0.0000
      0.0000
      0.0000
      0.0000
      0.0000
      0.0000
    110.9800
     42.7667
      0.0000
      0.0000
      0.0000
      0.0000
      0.0000
     10.0483
     13.8062
     29.9432
      4.6526
      0.0000
      0.0000
